Instance_accession,ELMIdentifier,FunctionalSiteName,ELMType,Description,InteractionDomainId,InteractionDomainDescription,InteractionDomainName,Regex,Instances (Matched Sequence),motif_start_in_query,motif_end_in_query,ProteinName,Organism,References,InstanceLogic,#Instances,#Instances_in_PDB,IUPred
ELME000321,CLV_C14_Caspase3-7,Caspase cleavage motif,CLV,Caspase-3 and Caspase-7 cleavage site.,PF00656,Peptidase_C14,Caspase domain,[DSTE][^P][^DEWHFYC]D[GSAN],DTTDA,133,137,A0A0H3NIK3_SALTS,Salmonella enterica subsp. enterica serovar Typhimurium str. SL1344,20947770,true positive,41,0,ordered
ELME000321,CLV_C14_Caspase3-7,Caspase cleavage motif,CLV,Caspase-3 and Caspase-7 cleavage site.,PF00656,Peptidase_C14,Caspase domain,[DSTE][^P][^DEWHFYC]D[GSAN],DTTDA,133,137,ATN1_HUMAN,Homo sapiens,10085113 9535906,true positive,41,0,ordered
ELME000321,CLV_C14_Caspase3-7,Caspase cleavage motif,CLV,Caspase-3 and Caspase-7 cleavage site.,PF00656,Peptidase_C14,Caspase domain,[DSTE][^P][^DEWHFYC]D[GSAN],DTTDA,133,137,BCAR1_RAT,Rattus norvegicus,10712510,true positive,41,0,ordered
ELME000321,CLV_C14_Caspase3-7,Caspase cleavage motif,CLV,Caspase-3 and Caspase-7 cleavage site.,PF00656,Peptidase_C14,Caspase domain,[DSTE][^P][^DEWHFYC]D[GSAN],DTTDA,133,137,CADH1_HUMAN,Homo sapiens,11076937,true positive,41,0,ordered
ELME000321,CLV_C14_Caspase3-7,Caspase cleavage motif,CLV,Caspase-3 and Caspase-7 cleavage site.,PF00656,Peptidase_C14,Caspase domain,[DSTE][^P][^DEWHFYC]D[GSAN],DTTDA,133,137,CASP6_HUMAN,Homo sapiens,8900201,true positive,41,0,ordered
ELME000321,CLV_C14_Caspase3-7,Caspase cleavage motif,CLV,Caspase-3 and Caspase-7 cleavage site.,PF00656,Peptidase_C14,Caspase domain,[DSTE][^P][^DEWHFYC]D[GSAN],DTTDA,133,137,CASP9_HUMAN,Homo sapiens,8900201,true positive,41,0,ordered
ELME000321,CLV_C14_Caspase3-7,Caspase cleavage motif,CLV,Caspase-3 and Caspase-7 cleavage site.,PF00656,Peptidase_C14,Caspase domain,[DSTE][^P][^DEWHFYC]D[GSAN],DTTDA,133,137,CDC6_HUMAN,Homo sapiens,14517333,true positive,41,0,ordered
ELME000321,CLV_C14_Caspase3-7,Caspase cleavage motif,CLV,Caspase-3 and Caspase-7 cleavage site.,PF00656,Peptidase_C14,Caspase domain,[DSTE][^P][^DEWHFYC]D[GSAN],DTTDA,133,137,CLSPN_HUMAN,Homo sapiens,17431426,true positive,41,0,ordered
ELME000321,CLV_C14_Caspase3-7,Caspase cleavage motif,CLV,Caspase-3 and Caspase-7 cleavage site.,PF00656,Peptidase_C14,Caspase domain,[DSTE][^P][^DEWHFYC]D[GSAN],DTTDA,133,137,DSG1_HUMAN,Homo sapiens,16286477,true positive,41,0,ordered
ELME000321,CLV_C14_Caspase3-7,Caspase cleavage motif,CLV,Caspase-3 and Caspase-7 cleavage site.,PF00656,Peptidase_C14,Caspase domain,[DSTE][^P][^DEWHFYC]D[GSAN],DTTDA,133,137,DSG3_HUMAN,Homo sapiens,11500511,true positive,41,0,ordered
ELME000321,CLV_C14_Caspase3-7,Caspase cleavage motif,CLV,Caspase-3 and Caspase-7 cleavage site.,PF00656,Peptidase_C14,Caspase domain,[DSTE][^P][^DEWHFYC]D[GSAN],DTTDA,133,137,GDIR2_HUMAN,Homo sapiens,8626669,true positive,41,0,ordered
ELME000321,CLV_C14_Caspase3-7,Caspase cleavage motif,CLV,Caspase-3 and Caspase-7 cleavage site.,PF00656,Peptidase_C14,Caspase domain,[DSTE][^P][^DEWHFYC]D[GSAN],DTTDA,133,137,GORS1_RAT,Rattus norvegicus,11815631,true positive,41,0,ordered
ELME000321,CLV_C14_Caspase3-7,Caspase cleavage motif,CLV,Caspase-3 and Caspase-7 cleavage site.,PF00656,Peptidase_C14,Caspase domain,[DSTE][^P][^DEWHFYC]D[GSAN],DTTDA,133,137,HD_HUMAN,Homo sapiens,16777606,true positive,41,0,ordered
ELME000321,CLV_C14_Caspase3-7,Caspase cleavage motif,CLV,Caspase-3 and Caspase-7 cleavage site.,PF00656,Peptidase_C14,Caspase domain,[DSTE][^P][^DEWHFYC]D[GSAN],DTTDA,133,137,IL16_MOUSE,Mus musculus,10479680,true positive,41,0,ordered
ELME000321,CLV_C14_Caspase3-7,Caspase cleavage motif,CLV,Caspase-3 and Caspase-7 cleavage site.,PF00656,Peptidase_C14,Caspase domain,[DSTE][^P][^DEWHFYC]D[GSAN],DTTDA,133,137,JIP1_HUMAN,Homo sapiens,21237154,true positive,41,0,ordered
ELME000321,CLV_C14_Caspase3-7,Caspase cleavage motif,CLV,Caspase-3 and Caspase-7 cleavage site.,PF00656,Peptidase_C14,Caspase domain,[DSTE][^P][^DEWHFYC]D[GSAN],DTTDA,133,137,KPCD_HUMAN,Homo sapiens,8557034,true positive,41,0,ordered
ELME000321,CLV_C14_Caspase3-7,Caspase cleavage motif,CLV,Caspase-3 and Caspase-7 cleavage site.,PF00656,Peptidase_C14,Caspase domain,[DSTE][^P][^DEWHFYC]D[GSAN],DTTDA,133,137,PAK2_HUMAN,Homo sapiens,9171063,true positive,41,0,ordered
ELME000321,CLV_C14_Caspase3-7,Caspase cleavage motif,CLV,Caspase-3 and Caspase-7 cleavage site.,PF00656,Peptidase_C14,Caspase domain,[DSTE][^P][^DEWHFYC]D[GSAN],DTTDA,133,137,PARP1_HUMAN,Homo sapiens,8090205,true positive,41,0,ordered
ELME000321,CLV_C14_Caspase3-7,Caspase cleavage motif,CLV,Caspase-3 and Caspase-7 cleavage site.,PF00656,Peptidase_C14,Caspase domain,[DSTE][^P][^DEWHFYC]D[GSAN],DTTDA,133,137,PRKDC_HUMAN,Homo sapiens,8670824,true positive,41,0,ordered
ELME000321,CLV_C14_Caspase3-7,Caspase cleavage motif,CLV,Caspase-3 and Caspase-7 cleavage site.,PF00656,Peptidase_C14,Caspase domain,[DSTE][^P][^DEWHFYC]D[GSAN],DTTDA,133,137,PTEN_HUMAN,Homo sapiens,12788938,true positive,41,0,ordered
ELME000321,CLV_C14_Caspase3-7,Caspase cleavage motif,CLV,Caspase-3 and Caspase-7 cleavage site.,PF00656,Peptidase_C14,Caspase domain,[DSTE][^P][^DEWHFYC]D[GSAN],DTTDA,133,137,RB_HUMAN,Homo sapiens,11420704,true positive,41,0,ordered
ELME000321,CLV_C14_Caspase3-7,Caspase cleavage motif,CLV,Caspase-3 and Caspase-7 cleavage site.,PF00656,Peptidase_C14,Caspase domain,[DSTE][^P][^DEWHFYC]D[GSAN],DTTDA,133,137,ROCK1_HUMAN,Homo sapiens,11283607,true positive,41,0,ordered
ELME000321,CLV_C14_Caspase3-7,Caspase cleavage motif,CLV,Caspase-3 and Caspase-7 cleavage site.,PF00656,Peptidase_C14,Caspase domain,[DSTE][^P][^DEWHFYC]D[GSAN],DTTDA,133,137,RU17_HUMAN,Homo sapiens,8642305,true positive,41,0,ordered
ELME000321,CLV_C14_Caspase3-7,Caspase cleavage motif,CLV,Caspase-3 and Caspase-7 cleavage site.,PF00656,Peptidase_C14,Caspase domain,[DSTE][^P][^DEWHFYC]D[GSAN],DTTDA,133,137,SIPA_SALTS,Salmonella enterica subsp. enterica serovar Typhimurium str. SL1344,20947770,true positive,41,0,ordered
ELME000321,CLV_C14_Caspase3-7,Caspase cleavage motif,CLV,Caspase-3 and Caspase-7 cleavage site.,PF00656,Peptidase_C14,Caspase domain,[DSTE][^P][^DEWHFYC]D[GSAN],DTTDA,133,137,SND1_HUMAN,Homo sapiens,19820703,true positive,41,0,ordered
ELME000321,CLV_C14_Caspase3-7,Caspase cleavage motif,CLV,Caspase-3 and Caspase-7 cleavage site.,PF00656,Peptidase_C14,Caspase domain,[DSTE][^P][^DEWHFYC]D[GSAN],DTTDA,133,137,SPTA2_HUMAN,Homo sapiens,9712874,true positive,41,0,ordered
ELME000321,CLV_C14_Caspase3-7,Caspase cleavage motif,CLV,Caspase-3 and Caspase-7 cleavage site.,PF00656,Peptidase_C14,Caspase domain,[DSTE][^P][^DEWHFYC]D[GSAN],DTTDA,133,137,SPTB2_HUMAN,Homo sapiens,9712874,true positive,41,0,ordered
ELME000321,CLV_C14_Caspase3-7,Caspase cleavage motif,CLV,Caspase-3 and Caspase-7 cleavage site.,PF00656,Peptidase_C14,Caspase domain,[DSTE][^P][^DEWHFYC]D[GSAN],DTTDA,133,137,SRBP1_HUMAN,Homo sapiens,7629113,true positive,41,0,ordered
ELME000321,CLV_C14_Caspase3-7,Caspase cleavage motif,CLV,Caspase-3 and Caspase-7 cleavage site.,PF00656,Peptidase_C14,Caspase domain,[DSTE][^P][^DEWHFYC]D[GSAN],DTTDA,133,137,SRBP2_HUMAN,Homo sapiens,8605870,true positive,41,0,ordered
ELME000321,CLV_C14_Caspase3-7,Caspase cleavage motif,CLV,Caspase-3 and Caspase-7 cleavage site.,PF00656,Peptidase_C14,Caspase domain,[DSTE][^P][^DEWHFYC]D[GSAN],DTTDA,133,137,STK3_HUMAN,Homo sapiens,11278283,true positive,41,0,ordered
ELME000321,CLV_C14_Caspase3-7,Caspase cleavage motif,CLV,Caspase-3 and Caspase-7 cleavage site.,PF00656,Peptidase_C14,Caspase domain,[DSTE][^P][^DEWHFYC]D[GSAN],DTTDA,133,137,STK4_HUMAN,Homo sapiens,11278283 11278782,true positive,41,0,ordered
ELME000321,CLV_C14_Caspase3-7,Caspase cleavage motif,CLV,Caspase-3 and Caspase-7 cleavage site.,PF00656,Peptidase_C14,Caspase domain,[DSTE][^P][^DEWHFYC]D[GSAN],DTTDA,133,137,VDR_HUMAN,Homo sapiens,18832097,true positive,41,0,ordered
ELME000321,CLV_C14_Caspase3-7,Caspase cleavage motif,CLV,Caspase-3 and Caspase-7 cleavage site.,PF00656,Peptidase_C14,Caspase domain,[DSTE][^P][^DEWHFYC]D[GSAN],TEPDA,174,178,A0A0H3NIK3_SALTS,Salmonella enterica subsp. enterica serovar Typhimurium str. SL1344,20947770,true positive,41,0,inbetween
ELME000321,CLV_C14_Caspase3-7,Caspase cleavage motif,CLV,Caspase-3 and Caspase-7 cleavage site.,PF00656,Peptidase_C14,Caspase domain,[DSTE][^P][^DEWHFYC]D[GSAN],TEPDA,174,178,ATN1_HUMAN,Homo sapiens,10085113 9535906,true positive,41,0,inbetween
ELME000321,CLV_C14_Caspase3-7,Caspase cleavage motif,CLV,Caspase-3 and Caspase-7 cleavage site.,PF00656,Peptidase_C14,Caspase domain,[DSTE][^P][^DEWHFYC]D[GSAN],TEPDA,174,178,BCAR1_RAT,Rattus norvegicus,10712510,true positive,41,0,inbetween
ELME000321,CLV_C14_Caspase3-7,Caspase cleavage motif,CLV,Caspase-3 and Caspase-7 cleavage site.,PF00656,Peptidase_C14,Caspase domain,[DSTE][^P][^DEWHFYC]D[GSAN],TEPDA,174,178,CADH1_HUMAN,Homo sapiens,11076937,true positive,41,0,inbetween
ELME000321,CLV_C14_Caspase3-7,Caspase cleavage motif,CLV,Caspase-3 and Caspase-7 cleavage site.,PF00656,Peptidase_C14,Caspase domain,[DSTE][^P][^DEWHFYC]D[GSAN],TEPDA,174,178,CASP6_HUMAN,Homo sapiens,8900201,true positive,41,0,inbetween
ELME000321,CLV_C14_Caspase3-7,Caspase cleavage motif,CLV,Caspase-3 and Caspase-7 cleavage site.,PF00656,Peptidase_C14,Caspase domain,[DSTE][^P][^DEWHFYC]D[GSAN],TEPDA,174,178,CASP9_HUMAN,Homo sapiens,8900201,true positive,41,0,inbetween
ELME000321,CLV_C14_Caspase3-7,Caspase cleavage motif,CLV,Caspase-3 and Caspase-7 cleavage site.,PF00656,Peptidase_C14,Caspase domain,[DSTE][^P][^DEWHFYC]D[GSAN],TEPDA,174,178,CDC6_HUMAN,Homo sapiens,14517333,true positive,41,0,inbetween
ELME000321,CLV_C14_Caspase3-7,Caspase cleavage motif,CLV,Caspase-3 and Caspase-7 cleavage site.,PF00656,Peptidase_C14,Caspase domain,[DSTE][^P][^DEWHFYC]D[GSAN],TEPDA,174,178,CLSPN_HUMAN,Homo sapiens,17431426,true positive,41,0,inbetween
ELME000321,CLV_C14_Caspase3-7,Caspase cleavage motif,CLV,Caspase-3 and Caspase-7 cleavage site.,PF00656,Peptidase_C14,Caspase domain,[DSTE][^P][^DEWHFYC]D[GSAN],TEPDA,174,178,DSG1_HUMAN,Homo sapiens,16286477,true positive,41,0,inbetween
ELME000321,CLV_C14_Caspase3-7,Caspase cleavage motif,CLV,Caspase-3 and Caspase-7 cleavage site.,PF00656,Peptidase_C14,Caspase domain,[DSTE][^P][^DEWHFYC]D[GSAN],TEPDA,174,178,DSG3_HUMAN,Homo sapiens,11500511,true positive,41,0,inbetween
ELME000321,CLV_C14_Caspase3-7,Caspase cleavage motif,CLV,Caspase-3 and Caspase-7 cleavage site.,PF00656,Peptidase_C14,Caspase domain,[DSTE][^P][^DEWHFYC]D[GSAN],TEPDA,174,178,GDIR2_HUMAN,Homo sapiens,8626669,true positive,41,0,inbetween
ELME000321,CLV_C14_Caspase3-7,Caspase cleavage motif,CLV,Caspase-3 and Caspase-7 cleavage site.,PF00656,Peptidase_C14,Caspase domain,[DSTE][^P][^DEWHFYC]D[GSAN],TEPDA,174,178,GORS1_RAT,Rattus norvegicus,11815631,true positive,41,0,inbetween
ELME000321,CLV_C14_Caspase3-7,Caspase cleavage motif,CLV,Caspase-3 and Caspase-7 cleavage site.,PF00656,Peptidase_C14,Caspase domain,[DSTE][^P][^DEWHFYC]D[GSAN],TEPDA,174,178,HD_HUMAN,Homo sapiens,16777606,true positive,41,0,inbetween
ELME000321,CLV_C14_Caspase3-7,Caspase cleavage motif,CLV,Caspase-3 and Caspase-7 cleavage site.,PF00656,Peptidase_C14,Caspase domain,[DSTE][^P][^DEWHFYC]D[GSAN],TEPDA,174,178,IL16_MOUSE,Mus musculus,10479680,true positive,41,0,inbetween
ELME000321,CLV_C14_Caspase3-7,Caspase cleavage motif,CLV,Caspase-3 and Caspase-7 cleavage site.,PF00656,Peptidase_C14,Caspase domain,[DSTE][^P][^DEWHFYC]D[GSAN],TEPDA,174,178,JIP1_HUMAN,Homo sapiens,21237154,true positive,41,0,inbetween
ELME000321,CLV_C14_Caspase3-7,Caspase cleavage motif,CLV,Caspase-3 and Caspase-7 cleavage site.,PF00656,Peptidase_C14,Caspase domain,[DSTE][^P][^DEWHFYC]D[GSAN],TEPDA,174,178,KPCD_HUMAN,Homo sapiens,8557034,true positive,41,0,inbetween
ELME000321,CLV_C14_Caspase3-7,Caspase cleavage motif,CLV,Caspase-3 and Caspase-7 cleavage site.,PF00656,Peptidase_C14,Caspase domain,[DSTE][^P][^DEWHFYC]D[GSAN],TEPDA,174,178,PAK2_HUMAN,Homo sapiens,9171063,true positive,41,0,inbetween
ELME000321,CLV_C14_Caspase3-7,Caspase cleavage motif,CLV,Caspase-3 and Caspase-7 cleavage site.,PF00656,Peptidase_C14,Caspase domain,[DSTE][^P][^DEWHFYC]D[GSAN],TEPDA,174,178,PARP1_HUMAN,Homo sapiens,8090205,true positive,41,0,inbetween
ELME000321,CLV_C14_Caspase3-7,Caspase cleavage motif,CLV,Caspase-3 and Caspase-7 cleavage site.,PF00656,Peptidase_C14,Caspase domain,[DSTE][^P][^DEWHFYC]D[GSAN],TEPDA,174,178,PRKDC_HUMAN,Homo sapiens,8670824,true positive,41,0,inbetween
ELME000321,CLV_C14_Caspase3-7,Caspase cleavage motif,CLV,Caspase-3 and Caspase-7 cleavage site.,PF00656,Peptidase_C14,Caspase domain,[DSTE][^P][^DEWHFYC]D[GSAN],TEPDA,174,178,PTEN_HUMAN,Homo sapiens,12788938,true positive,41,0,inbetween
ELME000321,CLV_C14_Caspase3-7,Caspase cleavage motif,CLV,Caspase-3 and Caspase-7 cleavage site.,PF00656,Peptidase_C14,Caspase domain,[DSTE][^P][^DEWHFYC]D[GSAN],TEPDA,174,178,RB_HUMAN,Homo sapiens,11420704,true positive,41,0,inbetween
ELME000321,CLV_C14_Caspase3-7,Caspase cleavage motif,CLV,Caspase-3 and Caspase-7 cleavage site.,PF00656,Peptidase_C14,Caspase domain,[DSTE][^P][^DEWHFYC]D[GSAN],TEPDA,174,178,ROCK1_HUMAN,Homo sapiens,11283607,true positive,41,0,inbetween
ELME000321,CLV_C14_Caspase3-7,Caspase cleavage motif,CLV,Caspase-3 and Caspase-7 cleavage site.,PF00656,Peptidase_C14,Caspase domain,[DSTE][^P][^DEWHFYC]D[GSAN],TEPDA,174,178,RU17_HUMAN,Homo sapiens,8642305,true positive,41,0,inbetween
ELME000321,CLV_C14_Caspase3-7,Caspase cleavage motif,CLV,Caspase-3 and Caspase-7 cleavage site.,PF00656,Peptidase_C14,Caspase domain,[DSTE][^P][^DEWHFYC]D[GSAN],TEPDA,174,178,SIPA_SALTS,Salmonella enterica subsp. enterica serovar Typhimurium str. SL1344,20947770,true positive,41,0,inbetween
ELME000321,CLV_C14_Caspase3-7,Caspase cleavage motif,CLV,Caspase-3 and Caspase-7 cleavage site.,PF00656,Peptidase_C14,Caspase domain,[DSTE][^P][^DEWHFYC]D[GSAN],TEPDA,174,178,SND1_HUMAN,Homo sapiens,19820703,true positive,41,0,inbetween
ELME000321,CLV_C14_Caspase3-7,Caspase cleavage motif,CLV,Caspase-3 and Caspase-7 cleavage site.,PF00656,Peptidase_C14,Caspase domain,[DSTE][^P][^DEWHFYC]D[GSAN],TEPDA,174,178,SPTA2_HUMAN,Homo sapiens,9712874,true positive,41,0,inbetween
ELME000321,CLV_C14_Caspase3-7,Caspase cleavage motif,CLV,Caspase-3 and Caspase-7 cleavage site.,PF00656,Peptidase_C14,Caspase domain,[DSTE][^P][^DEWHFYC]D[GSAN],TEPDA,174,178,SPTB2_HUMAN,Homo sapiens,9712874,true positive,41,0,inbetween
ELME000321,CLV_C14_Caspase3-7,Caspase cleavage motif,CLV,Caspase-3 and Caspase-7 cleavage site.,PF00656,Peptidase_C14,Caspase domain,[DSTE][^P][^DEWHFYC]D[GSAN],TEPDA,174,178,SRBP1_HUMAN,Homo sapiens,7629113,true positive,41,0,inbetween
ELME000321,CLV_C14_Caspase3-7,Caspase cleavage motif,CLV,Caspase-3 and Caspase-7 cleavage site.,PF00656,Peptidase_C14,Caspase domain,[DSTE][^P][^DEWHFYC]D[GSAN],TEPDA,174,178,SRBP2_HUMAN,Homo sapiens,8605870,true positive,41,0,inbetween
ELME000321,CLV_C14_Caspase3-7,Caspase cleavage motif,CLV,Caspase-3 and Caspase-7 cleavage site.,PF00656,Peptidase_C14,Caspase domain,[DSTE][^P][^DEWHFYC]D[GSAN],TEPDA,174,178,STK3_HUMAN,Homo sapiens,11278283,true positive,41,0,inbetween
ELME000321,CLV_C14_Caspase3-7,Caspase cleavage motif,CLV,Caspase-3 and Caspase-7 cleavage site.,PF00656,Peptidase_C14,Caspase domain,[DSTE][^P][^DEWHFYC]D[GSAN],TEPDA,174,178,STK4_HUMAN,Homo sapiens,11278283 11278782,true positive,41,0,inbetween
ELME000321,CLV_C14_Caspase3-7,Caspase cleavage motif,CLV,Caspase-3 and Caspase-7 cleavage site.,PF00656,Peptidase_C14,Caspase domain,[DSTE][^P][^DEWHFYC]D[GSAN],TEPDA,174,178,VDR_HUMAN,Homo sapiens,18832097,true positive,41,0,inbetween
ELME000321,CLV_C14_Caspase3-7,Caspase cleavage motif,CLV,Caspase-3 and Caspase-7 cleavage site.,PF00656,Peptidase_C14,Caspase domain,[DSTE][^P][^DEWHFYC]D[GSAN],STSDG,196,200,A0A0H3NIK3_SALTS,Salmonella enterica subsp. enterica serovar Typhimurium str. SL1344,20947770,true positive,41,0,ordered
ELME000321,CLV_C14_Caspase3-7,Caspase cleavage motif,CLV,Caspase-3 and Caspase-7 cleavage site.,PF00656,Peptidase_C14,Caspase domain,[DSTE][^P][^DEWHFYC]D[GSAN],STSDG,196,200,ATN1_HUMAN,Homo sapiens,10085113 9535906,true positive,41,0,ordered
ELME000321,CLV_C14_Caspase3-7,Caspase cleavage motif,CLV,Caspase-3 and Caspase-7 cleavage site.,PF00656,Peptidase_C14,Caspase domain,[DSTE][^P][^DEWHFYC]D[GSAN],STSDG,196,200,BCAR1_RAT,Rattus norvegicus,10712510,true positive,41,0,ordered
ELME000321,CLV_C14_Caspase3-7,Caspase cleavage motif,CLV,Caspase-3 and Caspase-7 cleavage site.,PF00656,Peptidase_C14,Caspase domain,[DSTE][^P][^DEWHFYC]D[GSAN],STSDG,196,200,CADH1_HUMAN,Homo sapiens,11076937,true positive,41,0,ordered
ELME000321,CLV_C14_Caspase3-7,Caspase cleavage motif,CLV,Caspase-3 and Caspase-7 cleavage site.,PF00656,Peptidase_C14,Caspase domain,[DSTE][^P][^DEWHFYC]D[GSAN],STSDG,196,200,CASP6_HUMAN,Homo sapiens,8900201,true positive,41,0,ordered
ELME000321,CLV_C14_Caspase3-7,Caspase cleavage motif,CLV,Caspase-3 and Caspase-7 cleavage site.,PF00656,Peptidase_C14,Caspase domain,[DSTE][^P][^DEWHFYC]D[GSAN],STSDG,196,200,CASP9_HUMAN,Homo sapiens,8900201,true positive,41,0,ordered
ELME000321,CLV_C14_Caspase3-7,Caspase cleavage motif,CLV,Caspase-3 and Caspase-7 cleavage site.,PF00656,Peptidase_C14,Caspase domain,[DSTE][^P][^DEWHFYC]D[GSAN],STSDG,196,200,CDC6_HUMAN,Homo sapiens,14517333,true positive,41,0,ordered
ELME000321,CLV_C14_Caspase3-7,Caspase cleavage motif,CLV,Caspase-3 and Caspase-7 cleavage site.,PF00656,Peptidase_C14,Caspase domain,[DSTE][^P][^DEWHFYC]D[GSAN],STSDG,196,200,CLSPN_HUMAN,Homo sapiens,17431426,true positive,41,0,ordered
ELME000321,CLV_C14_Caspase3-7,Caspase cleavage motif,CLV,Caspase-3 and Caspase-7 cleavage site.,PF00656,Peptidase_C14,Caspase domain,[DSTE][^P][^DEWHFYC]D[GSAN],STSDG,196,200,DSG1_HUMAN,Homo sapiens,16286477,true positive,41,0,ordered
ELME000321,CLV_C14_Caspase3-7,Caspase cleavage motif,CLV,Caspase-3 and Caspase-7 cleavage site.,PF00656,Peptidase_C14,Caspase domain,[DSTE][^P][^DEWHFYC]D[GSAN],STSDG,196,200,DSG3_HUMAN,Homo sapiens,11500511,true positive,41,0,ordered
ELME000321,CLV_C14_Caspase3-7,Caspase cleavage motif,CLV,Caspase-3 and Caspase-7 cleavage site.,PF00656,Peptidase_C14,Caspase domain,[DSTE][^P][^DEWHFYC]D[GSAN],STSDG,196,200,GDIR2_HUMAN,Homo sapiens,8626669,true positive,41,0,ordered
ELME000321,CLV_C14_Caspase3-7,Caspase cleavage motif,CLV,Caspase-3 and Caspase-7 cleavage site.,PF00656,Peptidase_C14,Caspase domain,[DSTE][^P][^DEWHFYC]D[GSAN],STSDG,196,200,GORS1_RAT,Rattus norvegicus,11815631,true positive,41,0,ordered
ELME000321,CLV_C14_Caspase3-7,Caspase cleavage motif,CLV,Caspase-3 and Caspase-7 cleavage site.,PF00656,Peptidase_C14,Caspase domain,[DSTE][^P][^DEWHFYC]D[GSAN],STSDG,196,200,HD_HUMAN,Homo sapiens,16777606,true positive,41,0,ordered
ELME000321,CLV_C14_Caspase3-7,Caspase cleavage motif,CLV,Caspase-3 and Caspase-7 cleavage site.,PF00656,Peptidase_C14,Caspase domain,[DSTE][^P][^DEWHFYC]D[GSAN],STSDG,196,200,IL16_MOUSE,Mus musculus,10479680,true positive,41,0,ordered
ELME000321,CLV_C14_Caspase3-7,Caspase cleavage motif,CLV,Caspase-3 and Caspase-7 cleavage site.,PF00656,Peptidase_C14,Caspase domain,[DSTE][^P][^DEWHFYC]D[GSAN],STSDG,196,200,JIP1_HUMAN,Homo sapiens,21237154,true positive,41,0,ordered
ELME000321,CLV_C14_Caspase3-7,Caspase cleavage motif,CLV,Caspase-3 and Caspase-7 cleavage site.,PF00656,Peptidase_C14,Caspase domain,[DSTE][^P][^DEWHFYC]D[GSAN],STSDG,196,200,KPCD_HUMAN,Homo sapiens,8557034,true positive,41,0,ordered
ELME000321,CLV_C14_Caspase3-7,Caspase cleavage motif,CLV,Caspase-3 and Caspase-7 cleavage site.,PF00656,Peptidase_C14,Caspase domain,[DSTE][^P][^DEWHFYC]D[GSAN],STSDG,196,200,PAK2_HUMAN,Homo sapiens,9171063,true positive,41,0,ordered
ELME000321,CLV_C14_Caspase3-7,Caspase cleavage motif,CLV,Caspase-3 and Caspase-7 cleavage site.,PF00656,Peptidase_C14,Caspase domain,[DSTE][^P][^DEWHFYC]D[GSAN],STSDG,196,200,PARP1_HUMAN,Homo sapiens,8090205,true positive,41,0,ordered
ELME000321,CLV_C14_Caspase3-7,Caspase cleavage motif,CLV,Caspase-3 and Caspase-7 cleavage site.,PF00656,Peptidase_C14,Caspase domain,[DSTE][^P][^DEWHFYC]D[GSAN],STSDG,196,200,PRKDC_HUMAN,Homo sapiens,8670824,true positive,41,0,ordered
ELME000321,CLV_C14_Caspase3-7,Caspase cleavage motif,CLV,Caspase-3 and Caspase-7 cleavage site.,PF00656,Peptidase_C14,Caspase domain,[DSTE][^P][^DEWHFYC]D[GSAN],STSDG,196,200,PTEN_HUMAN,Homo sapiens,12788938,true positive,41,0,ordered
ELME000321,CLV_C14_Caspase3-7,Caspase cleavage motif,CLV,Caspase-3 and Caspase-7 cleavage site.,PF00656,Peptidase_C14,Caspase domain,[DSTE][^P][^DEWHFYC]D[GSAN],STSDG,196,200,RB_HUMAN,Homo sapiens,11420704,true positive,41,0,ordered
ELME000321,CLV_C14_Caspase3-7,Caspase cleavage motif,CLV,Caspase-3 and Caspase-7 cleavage site.,PF00656,Peptidase_C14,Caspase domain,[DSTE][^P][^DEWHFYC]D[GSAN],STSDG,196,200,ROCK1_HUMAN,Homo sapiens,11283607,true positive,41,0,ordered
ELME000321,CLV_C14_Caspase3-7,Caspase cleavage motif,CLV,Caspase-3 and Caspase-7 cleavage site.,PF00656,Peptidase_C14,Caspase domain,[DSTE][^P][^DEWHFYC]D[GSAN],STSDG,196,200,RU17_HUMAN,Homo sapiens,8642305,true positive,41,0,ordered
ELME000321,CLV_C14_Caspase3-7,Caspase cleavage motif,CLV,Caspase-3 and Caspase-7 cleavage site.,PF00656,Peptidase_C14,Caspase domain,[DSTE][^P][^DEWHFYC]D[GSAN],STSDG,196,200,SIPA_SALTS,Salmonella enterica subsp. enterica serovar Typhimurium str. SL1344,20947770,true positive,41,0,ordered
ELME000321,CLV_C14_Caspase3-7,Caspase cleavage motif,CLV,Caspase-3 and Caspase-7 cleavage site.,PF00656,Peptidase_C14,Caspase domain,[DSTE][^P][^DEWHFYC]D[GSAN],STSDG,196,200,SND1_HUMAN,Homo sapiens,19820703,true positive,41,0,ordered
ELME000321,CLV_C14_Caspase3-7,Caspase cleavage motif,CLV,Caspase-3 and Caspase-7 cleavage site.,PF00656,Peptidase_C14,Caspase domain,[DSTE][^P][^DEWHFYC]D[GSAN],STSDG,196,200,SPTA2_HUMAN,Homo sapiens,9712874,true positive,41,0,ordered
ELME000321,CLV_C14_Caspase3-7,Caspase cleavage motif,CLV,Caspase-3 and Caspase-7 cleavage site.,PF00656,Peptidase_C14,Caspase domain,[DSTE][^P][^DEWHFYC]D[GSAN],STSDG,196,200,SPTB2_HUMAN,Homo sapiens,9712874,true positive,41,0,ordered
ELME000321,CLV_C14_Caspase3-7,Caspase cleavage motif,CLV,Caspase-3 and Caspase-7 cleavage site.,PF00656,Peptidase_C14,Caspase domain,[DSTE][^P][^DEWHFYC]D[GSAN],STSDG,196,200,SRBP1_HUMAN,Homo sapiens,7629113,true positive,41,0,ordered
ELME000321,CLV_C14_Caspase3-7,Caspase cleavage motif,CLV,Caspase-3 and Caspase-7 cleavage site.,PF00656,Peptidase_C14,Caspase domain,[DSTE][^P][^DEWHFYC]D[GSAN],STSDG,196,200,SRBP2_HUMAN,Homo sapiens,8605870,true positive,41,0,ordered
ELME000321,CLV_C14_Caspase3-7,Caspase cleavage motif,CLV,Caspase-3 and Caspase-7 cleavage site.,PF00656,Peptidase_C14,Caspase domain,[DSTE][^P][^DEWHFYC]D[GSAN],STSDG,196,200,STK3_HUMAN,Homo sapiens,11278283,true positive,41,0,ordered
ELME000321,CLV_C14_Caspase3-7,Caspase cleavage motif,CLV,Caspase-3 and Caspase-7 cleavage site.,PF00656,Peptidase_C14,Caspase domain,[DSTE][^P][^DEWHFYC]D[GSAN],STSDG,196,200,STK4_HUMAN,Homo sapiens,11278283 11278782,true positive,41,0,ordered
ELME000321,CLV_C14_Caspase3-7,Caspase cleavage motif,CLV,Caspase-3 and Caspase-7 cleavage site.,PF00656,Peptidase_C14,Caspase domain,[DSTE][^P][^DEWHFYC]D[GSAN],STSDG,196,200,VDR_HUMAN,Homo sapiens,18832097,true positive,41,0,ordered
ELME000102,CLV_NRD_NRD_1,NRD cleavage site,CLV,N-Arg dibasic convertase (NRD/Nardilysin) cleavage site (X-|-R-K or R-|-R-X).,PF00675,Peptidase_M16,Insulinase (Peptidase family M16),(.RK)|(RR[^KR]),RRE,158,160,PDYN_RAT,Rattus norvegicus,8294457,true positive,2,0,ordered
ELME000102,CLV_NRD_NRD_1,NRD cleavage site,CLV,N-Arg dibasic convertase (NRD/Nardilysin) cleavage site (X-|-R-K or R-|-R-X).,PF00675,Peptidase_M16,Insulinase (Peptidase family M16),(.RK)|(RR[^KR]),RRE,158,160,SMS_RAT,Rattus norvegicus,8294457,true positive,2,0,ordered
ELME000102,CLV_NRD_NRD_1,NRD cleavage site,CLV,N-Arg dibasic convertase (NRD/Nardilysin) cleavage site (X-|-R-K or R-|-R-X).,PF00675,Peptidase_M16,Insulinase (Peptidase family M16),(.RK)|(RR[^KR]),GRK,191,193,PDYN_RAT,Rattus norvegicus,8294457,true positive,2,0,ordered
ELME000102,CLV_NRD_NRD_1,NRD cleavage site,CLV,N-Arg dibasic convertase (NRD/Nardilysin) cleavage site (X-|-R-K or R-|-R-X).,PF00675,Peptidase_M16,Insulinase (Peptidase family M16),(.RK)|(RR[^KR]),GRK,191,193,SMS_RAT,Rattus norvegicus,8294457,true positive,2,0,ordered
ELME000102,CLV_NRD_NRD_1,NRD cleavage site,CLV,N-Arg dibasic convertase (NRD/Nardilysin) cleavage site (X-|-R-K or R-|-R-X).,PF00675,Peptidase_M16,Insulinase (Peptidase family M16),(.RK)|(RR[^KR]),PRK,326,328,PDYN_RAT,Rattus norvegicus,8294457,true positive,2,0,ordered
ELME000102,CLV_NRD_NRD_1,NRD cleavage site,CLV,N-Arg dibasic convertase (NRD/Nardilysin) cleavage site (X-|-R-K or R-|-R-X).,PF00675,Peptidase_M16,Insulinase (Peptidase family M16),(.RK)|(RR[^KR]),PRK,326,328,SMS_RAT,Rattus norvegicus,8294457,true positive,2,0,ordered
ELME000102,CLV_NRD_NRD_1,NRD cleavage site,CLV,N-Arg dibasic convertase (NRD/Nardilysin) cleavage site (X-|-R-K or R-|-R-X).,PF00675,Peptidase_M16,Insulinase (Peptidase family M16),(.RK)|(RR[^KR]),RRM,449,451,PDYN_RAT,Rattus norvegicus,8294457,true positive,2,0,ordered
ELME000102,CLV_NRD_NRD_1,NRD cleavage site,CLV,N-Arg dibasic convertase (NRD/Nardilysin) cleavage site (X-|-R-K or R-|-R-X).,PF00675,Peptidase_M16,Insulinase (Peptidase family M16),(.RK)|(RR[^KR]),RRM,449,451,SMS_RAT,Rattus norvegicus,8294457,true positive,2,0,ordered
ELME000108,CLV_PCSK_KEX2_1,PCSK cleavage site,CLV,Yeast kexin 2 cleavage site (K-R-|-X or R-R-|-X).,PF00082,Peptidase_S8,Subtilase family,[KR]R.,RRE,158,160,CIS3_YEAST,Saccharomyces cerevisiae S288c,10438739,true positive,1,0,ordered
ELME000108,CLV_PCSK_KEX2_1,PCSK cleavage site,CLV,Yeast kexin 2 cleavage site (K-R-|-X or R-R-|-X).,PF00082,Peptidase_S8,Subtilase family,[KR]R.,RRM,449,451,CIS3_YEAST,Saccharomyces cerevisiae S288c,10438739,true positive,1,0,ordered
ELME000146,CLV_PCSK_SKI1_1,PCSK cleavage site,CLV,Subtilisin/kexin isozyme-1 (SKI1) cleavage site ([RK]-X-[hydrophobic]-[LTKF]-|-X).,PF00082,Peptidase_S8,Subtilase family,[RK].[AILMFV][LTKF].,RLVKG,56,60,ATF6A_HUMAN,Homo sapiens,11163209,true positive,2,0,ordered
ELME000146,CLV_PCSK_SKI1_1,PCSK cleavage site,CLV,Subtilisin/kexin isozyme-1 (SKI1) cleavage site ([RK]-X-[hydrophobic]-[LTKF]-|-X).,PF00082,Peptidase_S8,Subtilase family,[RK].[AILMFV][LTKF].,RLVKG,56,60,SRBP2_HUMAN,Homo sapiens,9139737,true positive,2,0,ordered
ELME000146,CLV_PCSK_SKI1_1,PCSK cleavage site,CLV,Subtilisin/kexin isozyme-1 (SKI1) cleavage site ([RK]-X-[hydrophobic]-[LTKF]-|-X).,PF00082,Peptidase_S8,Subtilase family,[RK].[AILMFV][LTKF].,RTVFR,462,466,ATF6A_HUMAN,Homo sapiens,11163209,true positive,2,0,disordered
ELME000146,CLV_PCSK_SKI1_1,PCSK cleavage site,CLV,Subtilisin/kexin isozyme-1 (SKI1) cleavage site ([RK]-X-[hydrophobic]-[LTKF]-|-X).,PF00082,Peptidase_S8,Subtilase family,[RK].[AILMFV][LTKF].,RTVFR,462,466,SRBP2_HUMAN,Homo sapiens,9139737,true positive,2,0,disordered
ELME000146,CLV_PCSK_SKI1_1,PCSK cleavage site,CLV,Subtilisin/kexin isozyme-1 (SKI1) cleavage site ([RK]-X-[hydrophobic]-[LTKF]-|-X).,PF00082,Peptidase_S8,Subtilase family,[RK].[AILMFV][LTKF].,RVITR,499,503,ATF6A_HUMAN,Homo sapiens,11163209,true positive,2,0,disordered
ELME000146,CLV_PCSK_SKI1_1,PCSK cleavage site,CLV,Subtilisin/kexin isozyme-1 (SKI1) cleavage site ([RK]-X-[hydrophobic]-[LTKF]-|-X).,PF00082,Peptidase_S8,Subtilase family,[RK].[AILMFV][LTKF].,RVITR,499,503,SRBP2_HUMAN,Homo sapiens,9139737,true positive,2,0,disordered
ELME000146,CLV_PCSK_SKI1_1,PCSK cleavage site,CLV,Subtilisin/kexin isozyme-1 (SKI1) cleavage site ([RK]-X-[hydrophobic]-[LTKF]-|-X).,PF00082,Peptidase_S8,Subtilase family,[RK].[AILMFV][LTKF].,RVITR,533,537,ATF6A_HUMAN,Homo sapiens,11163209,true positive,2,0,inbetween
ELME000146,CLV_PCSK_SKI1_1,PCSK cleavage site,CLV,Subtilisin/kexin isozyme-1 (SKI1) cleavage site ([RK]-X-[hydrophobic]-[LTKF]-|-X).,PF00082,Peptidase_S8,Subtilase family,[RK].[AILMFV][LTKF].,RVITR,533,537,SRBP2_HUMAN,Homo sapiens,9139737,true positive,2,0,inbetween
ELME000331,CLV_Separin_Metazoa,Separase cleavage motif,CLV,"Separase cleavage site, best known in sister chromatid separation.",PF03568,Peptidase_C50,Peptidase family C50,E[IMPVL][MLVP]R.,ELVRV,179,183,ESPL1_HUMAN,Homo sapiens,12297314,true positive,5,0,disordered
ELME000331,CLV_Separin_Metazoa,Separase cleavage motif,CLV,"Separase cleavage site, best known in sister chromatid separation.",PF03568,Peptidase_C50,Peptidase family C50,E[IMPVL][MLVP]R.,ELVRV,179,183,PCNT_HUMAN,Homo sapiens,22542101,true positive,5,0,disordered
ELME000331,CLV_Separin_Metazoa,Separase cleavage motif,CLV,"Separase cleavage site, best known in sister chromatid separation.",PF03568,Peptidase_C50,Peptidase family C50,E[IMPVL][MLVP]R.,ELVRV,179,183,RAD21_HUMAN,Homo sapiens,11509732,true positive,5,0,disordered
ELME000231,DEG_APCC_DBOX_1,APCC-binding Destruction motifs,DEG,An RxxL-based motif that binds to the Cdh1 and Cdc20 components of APC/C thereby targeting the protein for destruction in a cell cycle dependent manner,PF00400,WD40,"WD domain, G-beta repeat",.R..L..[LIVM].,TREELEALT,502,510,ACM1_YEAST,Saccharomyces cerevisiae S288c,23707760 18596038 18498748 18519589,true positive,18,3,disordered
ELME000231,DEG_APCC_DBOX_1,APCC-binding Destruction motifs,DEG,An RxxL-based motif that binds to the Cdh1 and Cdc20 components of APC/C thereby targeting the protein for destruction in a cell cycle dependent manner,IPR015943,WD40/YVTN repeat-like-containing domain superfamily, This superfamily represents a WD40/YVTN repeat-like domain,.R..L..[LIVM].,TREELEALT,502,510,ACM1_YEAST,Saccharomyces cerevisiae S288c,23707760 18596038 18498748 18519589,true positive,18,3,disordered
ELME000231,DEG_APCC_DBOX_1,APCC-binding Destruction motifs,DEG,An RxxL-based motif that binds to the Cdh1 and Cdc20 components of APC/C thereby targeting the protein for destruction in a cell cycle dependent manner,PF00400,WD40,"WD domain, G-beta repeat",.R..L..[LIVM].,TREELEALT,502,510,BUB1B_HUMAN,Homo sapiens,27509861,true positive,18,3,disordered
ELME000231,DEG_APCC_DBOX_1,APCC-binding Destruction motifs,DEG,An RxxL-based motif that binds to the Cdh1 and Cdc20 components of APC/C thereby targeting the protein for destruction in a cell cycle dependent manner,IPR015943,WD40/YVTN repeat-like-containing domain superfamily, This superfamily represents a WD40/YVTN repeat-like domain,.R..L..[LIVM].,TREELEALT,502,510,BUB1B_HUMAN,Homo sapiens,27509861,true positive,18,3,disordered
ELME000231,DEG_APCC_DBOX_1,APCC-binding Destruction motifs,DEG,An RxxL-based motif that binds to the Cdh1 and Cdc20 components of APC/C thereby targeting the protein for destruction in a cell cycle dependent manner,PF00400,WD40,"WD domain, G-beta repeat",.R..L..[LIVM].,TREELEALT,502,510,CCNA1_XENLA,Xenopus laevis,1321060 8885231 8670806,true positive,18,3,disordered
ELME000231,DEG_APCC_DBOX_1,APCC-binding Destruction motifs,DEG,An RxxL-based motif that binds to the Cdh1 and Cdc20 components of APC/C thereby targeting the protein for destruction in a cell cycle dependent manner,IPR015943,WD40/YVTN repeat-like-containing domain superfamily, This superfamily represents a WD40/YVTN repeat-like domain,.R..L..[LIVM].,TREELEALT,502,510,CCNA1_XENLA,Xenopus laevis,1321060 8885231 8670806,true positive,18,3,disordered
ELME000231,DEG_APCC_DBOX_1,APCC-binding Destruction motifs,DEG,An RxxL-based motif that binds to the Cdh1 and Cdc20 components of APC/C thereby targeting the protein for destruction in a cell cycle dependent manner,PF00400,WD40,"WD domain, G-beta repeat",.R..L..[LIVM].,TREELEALT,502,510,CCNB1_HUMAN,Homo sapiens,23091007,true positive,18,3,disordered
ELME000231,DEG_APCC_DBOX_1,APCC-binding Destruction motifs,DEG,An RxxL-based motif that binds to the Cdh1 and Cdc20 components of APC/C thereby targeting the protein for destruction in a cell cycle dependent manner,IPR015943,WD40/YVTN repeat-like-containing domain superfamily, This superfamily represents a WD40/YVTN repeat-like domain,.R..L..[LIVM].,TREELEALT,502,510,CCNB1_HUMAN,Homo sapiens,23091007,true positive,18,3,disordered
ELME000231,DEG_APCC_DBOX_1,APCC-binding Destruction motifs,DEG,An RxxL-based motif that binds to the Cdh1 and Cdc20 components of APC/C thereby targeting the protein for destruction in a cell cycle dependent manner,PF00400,WD40,"WD domain, G-beta repeat",.R..L..[LIVM].,TREELEALT,502,510,CCNB_ARBPU,Arbacia punctulata,1846030 8885231,true positive,18,3,disordered
ELME000231,DEG_APCC_DBOX_1,APCC-binding Destruction motifs,DEG,An RxxL-based motif that binds to the Cdh1 and Cdc20 components of APC/C thereby targeting the protein for destruction in a cell cycle dependent manner,IPR015943,WD40/YVTN repeat-like-containing domain superfamily, This superfamily represents a WD40/YVTN repeat-like domain,.R..L..[LIVM].,TREELEALT,502,510,CCNB_ARBPU,Arbacia punctulata,1846030 8885231,true positive,18,3,disordered
ELME000231,DEG_APCC_DBOX_1,APCC-binding Destruction motifs,DEG,An RxxL-based motif that binds to the Cdh1 and Cdc20 components of APC/C thereby targeting the protein for destruction in a cell cycle dependent manner,PF00400,WD40,"WD domain, G-beta repeat",.R..L..[LIVM].,TREELEALT,502,510,FBX5_HUMAN,Homo sapiens,23707760 16921029 23708605 26083744 35634770,true positive,18,3,disordered
ELME000231,DEG_APCC_DBOX_1,APCC-binding Destruction motifs,DEG,An RxxL-based motif that binds to the Cdh1 and Cdc20 components of APC/C thereby targeting the protein for destruction in a cell cycle dependent manner,IPR015943,WD40/YVTN repeat-like-containing domain superfamily, This superfamily represents a WD40/YVTN repeat-like domain,.R..L..[LIVM].,TREELEALT,502,510,FBX5_HUMAN,Homo sapiens,23707760 16921029 23708605 26083744 35634770,true positive,18,3,disordered
ELME000231,DEG_APCC_DBOX_1,APCC-binding Destruction motifs,DEG,An RxxL-based motif that binds to the Cdh1 and Cdc20 components of APC/C thereby targeting the protein for destruction in a cell cycle dependent manner,PF00400,WD40,"WD domain, G-beta repeat",.R..L..[LIVM].,TREELEALT,502,510,HSL1_YEAST,Saccharomyces cerevisiae,23707760 11562348 23708605 18596038 18519589,true positive,18,3,disordered
ELME000231,DEG_APCC_DBOX_1,APCC-binding Destruction motifs,DEG,An RxxL-based motif that binds to the Cdh1 and Cdc20 components of APC/C thereby targeting the protein for destruction in a cell cycle dependent manner,IPR015943,WD40/YVTN repeat-like-containing domain superfamily, This superfamily represents a WD40/YVTN repeat-like domain,.R..L..[LIVM].,TREELEALT,502,510,HSL1_YEAST,Saccharomyces cerevisiae,23707760 11562348 23708605 18596038 18519589,true positive,18,3,disordered
ELME000231,DEG_APCC_DBOX_1,APCC-binding Destruction motifs,DEG,An RxxL-based motif that binds to the Cdh1 and Cdc20 components of APC/C thereby targeting the protein for destruction in a cell cycle dependent manner,PF00400,WD40,"WD domain, G-beta repeat",.R..L..[LIVM].,TREELEALT,502,510,ID2_HUMAN,Homo sapiens,16810178,true positive,18,3,disordered
ELME000231,DEG_APCC_DBOX_1,APCC-binding Destruction motifs,DEG,An RxxL-based motif that binds to the Cdh1 and Cdc20 components of APC/C thereby targeting the protein for destruction in a cell cycle dependent manner,IPR015943,WD40/YVTN repeat-like-containing domain superfamily, This superfamily represents a WD40/YVTN repeat-like domain,.R..L..[LIVM].,TREELEALT,502,510,ID2_HUMAN,Homo sapiens,16810178,true positive,18,3,disordered
ELME000231,DEG_APCC_DBOX_1,APCC-binding Destruction motifs,DEG,An RxxL-based motif that binds to the Cdh1 and Cdc20 components of APC/C thereby targeting the protein for destruction in a cell cycle dependent manner,PF00400,WD40,"WD domain, G-beta repeat",.R..L..[LIVM].,TREELEALT,502,510,MES1_SCHPO,Schizosaccharomyces pombe 972h-,23707760 21389117 18331722,true positive,18,3,disordered
ELME000231,DEG_APCC_DBOX_1,APCC-binding Destruction motifs,DEG,An RxxL-based motif that binds to the Cdh1 and Cdc20 components of APC/C thereby targeting the protein for destruction in a cell cycle dependent manner,IPR015943,WD40/YVTN repeat-like-containing domain superfamily, This superfamily represents a WD40/YVTN repeat-like domain,.R..L..[LIVM].,TREELEALT,502,510,MES1_SCHPO,Schizosaccharomyces pombe 972h-,23707760 21389117 18331722,true positive,18,3,disordered
ELME000231,DEG_APCC_DBOX_1,APCC-binding Destruction motifs,DEG,An RxxL-based motif that binds to the Cdh1 and Cdc20 components of APC/C thereby targeting the protein for destruction in a cell cycle dependent manner,PF00400,WD40,"WD domain, G-beta repeat",.R..L..[LIVM].,TREELEALT,502,510,MPS1_YEAST,Saccharomyces cerevisiae S288c,20729194 18519589,true positive,18,3,disordered
ELME000231,DEG_APCC_DBOX_1,APCC-binding Destruction motifs,DEG,An RxxL-based motif that binds to the Cdh1 and Cdc20 components of APC/C thereby targeting the protein for destruction in a cell cycle dependent manner,IPR015943,WD40/YVTN repeat-like-containing domain superfamily, This superfamily represents a WD40/YVTN repeat-like domain,.R..L..[LIVM].,TREELEALT,502,510,MPS1_YEAST,Saccharomyces cerevisiae S288c,20729194 18519589,true positive,18,3,disordered
ELME000231,DEG_APCC_DBOX_1,APCC-binding Destruction motifs,DEG,An RxxL-based motif that binds to the Cdh1 and Cdc20 components of APC/C thereby targeting the protein for destruction in a cell cycle dependent manner,PF00400,WD40,"WD domain, G-beta repeat",.R..L..[LIVM].,TREELEALT,502,510,O93355_XENLA,Xenopus laevis,9635433,true positive,18,3,disordered
ELME000231,DEG_APCC_DBOX_1,APCC-binding Destruction motifs,DEG,An RxxL-based motif that binds to the Cdh1 and Cdc20 components of APC/C thereby targeting the protein for destruction in a cell cycle dependent manner,IPR015943,WD40/YVTN repeat-like-containing domain superfamily, This superfamily represents a WD40/YVTN repeat-like domain,.R..L..[LIVM].,TREELEALT,502,510,O93355_XENLA,Xenopus laevis,9635433,true positive,18,3,disordered
ELME000231,DEG_APCC_DBOX_1,APCC-binding Destruction motifs,DEG,An RxxL-based motif that binds to the Cdh1 and Cdc20 components of APC/C thereby targeting the protein for destruction in a cell cycle dependent manner,PF00400,WD40,"WD domain, G-beta repeat",.R..L..[LIVM].,TREELEALT,502,510,PLK1_HUMAN,Homo sapiens,14734534,true positive,18,3,disordered
ELME000231,DEG_APCC_DBOX_1,APCC-binding Destruction motifs,DEG,An RxxL-based motif that binds to the Cdh1 and Cdc20 components of APC/C thereby targeting the protein for destruction in a cell cycle dependent manner,IPR015943,WD40/YVTN repeat-like-containing domain superfamily, This superfamily represents a WD40/YVTN repeat-like domain,.R..L..[LIVM].,TREELEALT,502,510,PLK1_HUMAN,Homo sapiens,14734534,true positive,18,3,disordered
ELME000231,DEG_APCC_DBOX_1,APCC-binding Destruction motifs,DEG,An RxxL-based motif that binds to the Cdh1 and Cdc20 components of APC/C thereby targeting the protein for destruction in a cell cycle dependent manner,PF00400,WD40,"WD domain, G-beta repeat",.R..L..[LIVM].,TREELEALT,502,510,Q9IA80_XENLA,Xenopus laevis,10411507,true positive,18,3,disordered
ELME000231,DEG_APCC_DBOX_1,APCC-binding Destruction motifs,DEG,An RxxL-based motif that binds to the Cdh1 and Cdc20 components of APC/C thereby targeting the protein for destruction in a cell cycle dependent manner,IPR015943,WD40/YVTN repeat-like-containing domain superfamily, This superfamily represents a WD40/YVTN repeat-like domain,.R..L..[LIVM].,TREELEALT,502,510,Q9IA80_XENLA,Xenopus laevis,10411507,true positive,18,3,disordered
ELME000231,DEG_APCC_DBOX_1,APCC-binding Destruction motifs,DEG,An RxxL-based motif that binds to the Cdh1 and Cdc20 components of APC/C thereby targeting the protein for destruction in a cell cycle dependent manner,PF00400,WD40,"WD domain, G-beta repeat",.R..L..[LIVM].,TREELEALT,502,510,Q9M2R1_ARATH,Arabidopsis thaliana,23707760 22844260,true positive,18,3,disordered
ELME000231,DEG_APCC_DBOX_1,APCC-binding Destruction motifs,DEG,An RxxL-based motif that binds to the Cdh1 and Cdc20 components of APC/C thereby targeting the protein for destruction in a cell cycle dependent manner,IPR015943,WD40/YVTN repeat-like-containing domain superfamily, This superfamily represents a WD40/YVTN repeat-like domain,.R..L..[LIVM].,TREELEALT,502,510,Q9M2R1_ARATH,Arabidopsis thaliana,23707760 22844260,true positive,18,3,disordered
ELME000231,DEG_APCC_DBOX_1,APCC-binding Destruction motifs,DEG,An RxxL-based motif that binds to the Cdh1 and Cdc20 components of APC/C thereby targeting the protein for destruction in a cell cycle dependent manner,PF00400,WD40,"WD domain, G-beta repeat",.R..L..[LIVM].,TREELEALT,502,510,SKP2_HUMAN,Homo sapiens,15014503,true positive,18,3,disordered
ELME000231,DEG_APCC_DBOX_1,APCC-binding Destruction motifs,DEG,An RxxL-based motif that binds to the Cdh1 and Cdc20 components of APC/C thereby targeting the protein for destruction in a cell cycle dependent manner,IPR015943,WD40/YVTN repeat-like-containing domain superfamily, This superfamily represents a WD40/YVTN repeat-like domain,.R..L..[LIVM].,TREELEALT,502,510,SKP2_HUMAN,Homo sapiens,15014503,true positive,18,3,disordered
ELME000289,DEG_SCF_FBW7_1,SCF ubiquitin ligase binding Phosphodegrons,DEG,The TPxxS phospho-dependent degron binds the FBW7 F box proteins of the SCF (Skp1_Cullin-Fbox) complex.,PF00400,WD40,"WD domain, G-beta repeat","[LIVMP].{0,2}(T)P..([ST])",LTPSRT,509,514,CCNE1_HUMAN,Homo sapiens,11533444,true positive,6,2,disordered
ELME000289,DEG_SCF_FBW7_1,SCF ubiquitin ligase binding Phosphodegrons,DEG,The TPxxS phospho-dependent degron binds the FBW7 F box proteins of the SCF (Skp1_Cullin-Fbox) complex.,PF00400,WD40,"WD domain, G-beta repeat","[LIVMP].{0,2}(T)P..([ST])",LTPSRT,509,514,CCNE1_HUMAN,Homo sapiens,14536078 17434132,true positive,6,2,disordered
ELME000289,DEG_SCF_FBW7_1,SCF ubiquitin ligase binding Phosphodegrons,DEG,The TPxxS phospho-dependent degron binds the FBW7 F box proteins of the SCF (Skp1_Cullin-Fbox) complex.,PF00400,WD40,"WD domain, G-beta repeat","[LIVMP].{0,2}(T)P..([ST])",LTPSRT,509,514,JUN_HUMAN,Homo sapiens,16023596,true positive,6,2,disordered
ELME000289,DEG_SCF_FBW7_1,SCF ubiquitin ligase binding Phosphodegrons,DEG,The TPxxS phospho-dependent degron binds the FBW7 F box proteins of the SCF (Skp1_Cullin-Fbox) complex.,PF00400,WD40,"WD domain, G-beta repeat","[LIVMP].{0,2}(T)P..([ST])",LTPSRT,509,514,MYC_HUMAN,Homo sapiens,15992821 15103331,true positive,6,2,disordered
ELME000289,DEG_SCF_FBW7_1,SCF ubiquitin ligase binding Phosphodegrons,DEG,The TPxxS phospho-dependent degron binds the FBW7 F box proteins of the SCF (Skp1_Cullin-Fbox) complex.,PF00400,WD40,"WD domain, G-beta repeat","[LIVMP].{0,2}(T)P..([ST])",LTPSRT,509,514,SRBP1_HUMAN,Homo sapiens,16054087 16825193,true positive,6,2,disordered
ELME000289,DEG_SCF_FBW7_1,SCF ubiquitin ligase binding Phosphodegrons,DEG,The TPxxS phospho-dependent degron binds the FBW7 F box proteins of the SCF (Skp1_Cullin-Fbox) complex.,PF00400,WD40,"WD domain, G-beta repeat","[LIVMP].{0,2}(T)P..([ST])",LTPSRT,509,514,UNG_HUMAN,Homo sapiens,18079698,true positive,6,2,disordered
ELME000289,DEG_SCF_FBW7_1,SCF ubiquitin ligase binding Phosphodegrons,DEG,The TPxxS phospho-dependent degron binds the FBW7 F box proteins of the SCF (Skp1_Cullin-Fbox) complex.,PF00400,WD40,"WD domain, G-beta repeat","[LIVMP].{0,2}(T)P..([ST])",PSRTPSRS,511,518,CCNE1_HUMAN,Homo sapiens,11533444,true positive,6,2,disordered
ELME000289,DEG_SCF_FBW7_1,SCF ubiquitin ligase binding Phosphodegrons,DEG,The TPxxS phospho-dependent degron binds the FBW7 F box proteins of the SCF (Skp1_Cullin-Fbox) complex.,PF00400,WD40,"WD domain, G-beta repeat","[LIVMP].{0,2}(T)P..([ST])",PSRTPSRS,511,518,CCNE1_HUMAN,Homo sapiens,14536078 17434132,true positive,6,2,disordered
ELME000289,DEG_SCF_FBW7_1,SCF ubiquitin ligase binding Phosphodegrons,DEG,The TPxxS phospho-dependent degron binds the FBW7 F box proteins of the SCF (Skp1_Cullin-Fbox) complex.,PF00400,WD40,"WD domain, G-beta repeat","[LIVMP].{0,2}(T)P..([ST])",PSRTPSRS,511,518,JUN_HUMAN,Homo sapiens,16023596,true positive,6,2,disordered
ELME000289,DEG_SCF_FBW7_1,SCF ubiquitin ligase binding Phosphodegrons,DEG,The TPxxS phospho-dependent degron binds the FBW7 F box proteins of the SCF (Skp1_Cullin-Fbox) complex.,PF00400,WD40,"WD domain, G-beta repeat","[LIVMP].{0,2}(T)P..([ST])",PSRTPSRS,511,518,MYC_HUMAN,Homo sapiens,15992821 15103331,true positive,6,2,disordered
ELME000289,DEG_SCF_FBW7_1,SCF ubiquitin ligase binding Phosphodegrons,DEG,The TPxxS phospho-dependent degron binds the FBW7 F box proteins of the SCF (Skp1_Cullin-Fbox) complex.,PF00400,WD40,"WD domain, G-beta repeat","[LIVMP].{0,2}(T)P..([ST])",PSRTPSRS,511,518,SRBP1_HUMAN,Homo sapiens,16054087 16825193,true positive,6,2,disordered
ELME000289,DEG_SCF_FBW7_1,SCF ubiquitin ligase binding Phosphodegrons,DEG,The TPxxS phospho-dependent degron binds the FBW7 F box proteins of the SCF (Skp1_Cullin-Fbox) complex.,PF00400,WD40,"WD domain, G-beta repeat","[LIVMP].{0,2}(T)P..([ST])",PSRTPSRS,511,518,UNG_HUMAN,Homo sapiens,18079698,true positive,6,2,disordered
ELME000292,DEG_SCF_FBW7_2,SCF ubiquitin ligase binding Phosphodegrons,DEG,The TPxxE phospho-dependent degron binds the FBW7 F box proteins of the SCF (Skp1_Cullin-Fbox) complex.,PF00400,WD40,"WD domain, G-beta repeat","[LIVMP].{0,2}(T)P..E",LVETPPVE,330,337,LT_SV40,Simian virus 40,15611062,true positive,2,0,disordered
ELME000292,DEG_SCF_FBW7_2,SCF ubiquitin ligase binding Phosphodegrons,DEG,The TPxxE phospho-dependent degron binds the FBW7 F box proteins of the SCF (Skp1_Cullin-Fbox) complex.,PF00400,WD40,"WD domain, G-beta repeat","[LIVMP].{0,2}(T)P..E",LVETPPVE,330,337,NOTC1_HUMAN,Homo sapiens,11585921 11461910,true positive,2,0,disordered
ELME000292,DEG_SCF_FBW7_2,SCF ubiquitin ligase binding Phosphodegrons,DEG,The TPxxE phospho-dependent degron binds the FBW7 F box proteins of the SCF (Skp1_Cullin-Fbox) complex.,PF00400,WD40,"WD domain, G-beta repeat","[LIVMP].{0,2}(T)P..E",VETPPVE,331,337,LT_SV40,Simian virus 40,15611062,true positive,2,0,disordered
ELME000292,DEG_SCF_FBW7_2,SCF ubiquitin ligase binding Phosphodegrons,DEG,The TPxxE phospho-dependent degron binds the FBW7 F box proteins of the SCF (Skp1_Cullin-Fbox) complex.,PF00400,WD40,"WD domain, G-beta repeat","[LIVMP].{0,2}(T)P..E",VETPPVE,331,337,NOTC1_HUMAN,Homo sapiens,11585921 11461910,true positive,2,0,disordered
ELME000358,DOC_CKS1_1,Cks1 ligand,DOC,Phospho-dependent motif that mediates docking of CDK substrates and regulators to cyclin-CDK-bound Cks1.,PF01111,CKS,Cyclin-dependent kinase regulatory subunit,[MPVLIFWYQ].(T)P..,VETPPV,331,336,CDC6_YEAST,Saccharomyces cerevisiae,24186063,true positive,8,1,disordered
ELME000358,DOC_CKS1_1,Cks1 ligand,DOC,Phospho-dependent motif that mediates docking of CDK substrates and regulators to cyclin-CDK-bound Cks1.,PF01111,CKS,Cyclin-dependent kinase regulatory subunit,[MPVLIFWYQ].(T)P..,VETPPV,331,336,SIC1_YEAST,Saccharomyces cerevisiae S288c,24186061 24186063,true positive,8,1,disordered
ELME000358,DOC_CKS1_1,Cks1 ligand,DOC,Phospho-dependent motif that mediates docking of CDK substrates and regulators to cyclin-CDK-bound Cks1.,PF01111,CKS,Cyclin-dependent kinase regulatory subunit,[MPVLIFWYQ].(T)P..,VETPPV,331,336,SIC1_YEAST,Saccharomyces cerevisiae S288c,24186061,true positive,8,1,disordered
ELME000358,DOC_CKS1_1,Cks1 ligand,DOC,Phospho-dependent motif that mediates docking of CDK substrates and regulators to cyclin-CDK-bound Cks1.,PF01111,CKS,Cyclin-dependent kinase regulatory subunit,[MPVLIFWYQ].(T)P..,VETPPV,331,336,SWE1_YEAST,Saccharomyces cerevisiae S288c,24186063,true positive,8,1,disordered
ELME000566,DOC_CYCLIN_RevRxL_6,Cyclin N-terminal Domain Docking Motifs,DOC,The hydrophobic patch (hp) of Cyclin A2 can bind an RxL-like motif  the reverse orientation.,IPR006671,"Cyclin, N-terminal","Cyclins contain two domains of similar all-alpha fold, of which this entry is associated with the N-terminal domain","[EDST].{0,3}[FL].[ILV][^D][RK][^PD][^EDWNG]((.{0,3}[KRH])|.)",SSFPLPKYRI,293,302,SKP2_HUMAN,Homo sapiens,33989513,true positive,1,1,ordered
ELME000566,DOC_CYCLIN_RevRxL_6,Cyclin N-terminal Domain Docking Motifs,DOC,The hydrophobic patch (hp) of Cyclin A2 can bind an RxL-like motif  the reverse orientation.,IPR006671,"Cyclin, N-terminal","Cyclins contain two domains of similar all-alpha fold, of which this entry is associated with the N-terminal domain","[EDST].{0,3}[FL].[ILV][^D][RK][^PD][^EDWNG]((.{0,3}[KRH])|.)",SFPLPKYRI,294,302,SKP2_HUMAN,Homo sapiens,33989513,true positive,1,1,ordered
ELME000491,DOC_CYCLIN_yCln2_LP_2,Cyclin N-terminal Domain Docking Motifs,DOC,The budding yeast G1/S cyclins Cln1 and 2 bind a specific leucine- and proline-rich (LP) docking motif on G1-specific target proteins.,PF00134,Cyclin_N,"Cyclin, N-terminal domain",(L[MLIV]PP)|(((L[LMIV]PA)|(L..P))[ILMVAFYW].[MLIVFHPAY]),LARPVPA,454,460,ACE2_YEAST,Saccharomyces cerevisiae S288c,32976810,true positive,18,0,inbetween
ELME000491,DOC_CYCLIN_yCln2_LP_2,Cyclin N-terminal Domain Docking Motifs,DOC,The budding yeast G1/S cyclins Cln1 and 2 bind a specific leucine- and proline-rich (LP) docking motif on G1-specific target proteins.,PF00134,Cyclin_N,"Cyclin, N-terminal domain",(L[MLIV]PP)|(((L[LMIV]PA)|(L..P))[ILMVAFYW].[MLIVFHPAY]),LARPVPA,454,460,BNI1_YEAST,Saccharomyces cerevisiae S288c,32976810,true positive,18,0,inbetween
ELME000491,DOC_CYCLIN_yCln2_LP_2,Cyclin N-terminal Domain Docking Motifs,DOC,The budding yeast G1/S cyclins Cln1 and 2 bind a specific leucine- and proline-rich (LP) docking motif on G1-specific target proteins.,PF00134,Cyclin_N,"Cyclin, N-terminal domain",(L[MLIV]PP)|(((L[LMIV]PA)|(L..P))[ILMVAFYW].[MLIVFHPAY]),LARPVPA,454,460,BOI2_YEAST,Saccharomyces cerevisiae S288c,32976810,true positive,18,0,inbetween
ELME000491,DOC_CYCLIN_yCln2_LP_2,Cyclin N-terminal Domain Docking Motifs,DOC,The budding yeast G1/S cyclins Cln1 and 2 bind a specific leucine- and proline-rich (LP) docking motif on G1-specific target proteins.,PF00134,Cyclin_N,"Cyclin, N-terminal domain",(L[MLIV]PP)|(((L[LMIV]PA)|(L..P))[ILMVAFYW].[MLIVFHPAY]),LARPVPA,454,460,EXO84_YEAST,Saccharomyces cerevisiae S288c,32976810 21945277,true positive,18,0,inbetween
ELME000491,DOC_CYCLIN_yCln2_LP_2,Cyclin N-terminal Domain Docking Motifs,DOC,The budding yeast G1/S cyclins Cln1 and 2 bind a specific leucine- and proline-rich (LP) docking motif on G1-specific target proteins.,PF00134,Cyclin_N,"Cyclin, N-terminal domain",(L[MLIV]PP)|(((L[LMIV]PA)|(L..P))[ILMVAFYW].[MLIVFHPAY]),LARPVPA,454,460,FIN1_YEAST,Saccharomyces cerevisiae S288c,32976810,true positive,18,0,inbetween
ELME000491,DOC_CYCLIN_yCln2_LP_2,Cyclin N-terminal Domain Docking Motifs,DOC,The budding yeast G1/S cyclins Cln1 and 2 bind a specific leucine- and proline-rich (LP) docking motif on G1-specific target proteins.,PF00134,Cyclin_N,"Cyclin, N-terminal domain",(L[MLIV]PP)|(((L[LMIV]PA)|(L..P))[ILMVAFYW].[MLIVFHPAY]),LARPVPA,454,460,HPH1_YEAST,Saccharomyces cerevisiae,32976810,true positive,18,0,inbetween
ELME000491,DOC_CYCLIN_yCln2_LP_2,Cyclin N-terminal Domain Docking Motifs,DOC,The budding yeast G1/S cyclins Cln1 and 2 bind a specific leucine- and proline-rich (LP) docking motif on G1-specific target proteins.,PF00134,Cyclin_N,"Cyclin, N-terminal domain",(L[MLIV]PP)|(((L[LMIV]PA)|(L..P))[ILMVAFYW].[MLIVFHPAY]),LARPVPA,454,460,IRC8_YEAST,Saccharomyces cerevisiae S288c,32976810,true positive,18,0,inbetween
ELME000491,DOC_CYCLIN_yCln2_LP_2,Cyclin N-terminal Domain Docking Motifs,DOC,The budding yeast G1/S cyclins Cln1 and 2 bind a specific leucine- and proline-rich (LP) docking motif on G1-specific target proteins.,PF00134,Cyclin_N,"Cyclin, N-terminal domain",(L[MLIV]PP)|(((L[LMIV]PA)|(L..P))[ILMVAFYW].[MLIVFHPAY]),LARPVPA,454,460,KIN2_YEAST,Saccharomyces cerevisiae S288c,32976810,true positive,18,0,inbetween
ELME000491,DOC_CYCLIN_yCln2_LP_2,Cyclin N-terminal Domain Docking Motifs,DOC,The budding yeast G1/S cyclins Cln1 and 2 bind a specific leucine- and proline-rich (LP) docking motif on G1-specific target proteins.,PF00134,Cyclin_N,"Cyclin, N-terminal domain",(L[MLIV]PP)|(((L[LMIV]PA)|(L..P))[ILMVAFYW].[MLIVFHPAY]),LARPVPA,454,460,LAM5_YEAST,Saccharomyces cerevisiae S288c,32976810,true positive,18,0,inbetween
ELME000491,DOC_CYCLIN_yCln2_LP_2,Cyclin N-terminal Domain Docking Motifs,DOC,The budding yeast G1/S cyclins Cln1 and 2 bind a specific leucine- and proline-rich (LP) docking motif on G1-specific target proteins.,PF00134,Cyclin_N,"Cyclin, N-terminal domain",(L[MLIV]PP)|(((L[LMIV]PA)|(L..P))[ILMVAFYW].[MLIVFHPAY]),LARPVPA,454,460,PEA2_YEAST,Saccharomyces cerevisiae S288c,21945277,true positive,18,0,inbetween
ELME000491,DOC_CYCLIN_yCln2_LP_2,Cyclin N-terminal Domain Docking Motifs,DOC,The budding yeast G1/S cyclins Cln1 and 2 bind a specific leucine- and proline-rich (LP) docking motif on G1-specific target proteins.,PF00134,Cyclin_N,"Cyclin, N-terminal domain",(L[MLIV]PP)|(((L[LMIV]PA)|(L..P))[ILMVAFYW].[MLIVFHPAY]),LARPVPA,454,460,RGA1_YEAST,Saccharomyces cerevisiae S288c,32976810,true positive,18,0,inbetween
ELME000491,DOC_CYCLIN_yCln2_LP_2,Cyclin N-terminal Domain Docking Motifs,DOC,The budding yeast G1/S cyclins Cln1 and 2 bind a specific leucine- and proline-rich (LP) docking motif on G1-specific target proteins.,PF00134,Cyclin_N,"Cyclin, N-terminal domain",(L[MLIV]PP)|(((L[LMIV]PA)|(L..P))[ILMVAFYW].[MLIVFHPAY]),LARPVPA,454,460,SECU_YEAST,Saccharomyces cerevisiae S288c,21658602,true positive,18,0,inbetween
ELME000491,DOC_CYCLIN_yCln2_LP_2,Cyclin N-terminal Domain Docking Motifs,DOC,The budding yeast G1/S cyclins Cln1 and 2 bind a specific leucine- and proline-rich (LP) docking motif on G1-specific target proteins.,PF00134,Cyclin_N,"Cyclin, N-terminal domain",(L[MLIV]PP)|(((L[LMIV]PA)|(L..P))[ILMVAFYW].[MLIVFHPAY]),LARPVPA,454,460,SIC1_YEAST,Saccharomyces cerevisiae S288c,21658602 32976810 21945277,true positive,18,0,inbetween
ELME000491,DOC_CYCLIN_yCln2_LP_2,Cyclin N-terminal Domain Docking Motifs,DOC,The budding yeast G1/S cyclins Cln1 and 2 bind a specific leucine- and proline-rich (LP) docking motif on G1-specific target proteins.,PF00134,Cyclin_N,"Cyclin, N-terminal domain",(L[MLIV]PP)|(((L[LMIV]PA)|(L..P))[ILMVAFYW].[MLIVFHPAY]),LARPVPA,454,460,SLI15_YEAST,Saccharomyces cerevisiae S288c,32976810,true positive,18,0,inbetween
ELME000491,DOC_CYCLIN_yCln2_LP_2,Cyclin N-terminal Domain Docking Motifs,DOC,The budding yeast G1/S cyclins Cln1 and 2 bind a specific leucine- and proline-rich (LP) docking motif on G1-specific target proteins.,PF00134,Cyclin_N,"Cyclin, N-terminal domain",(L[MLIV]PP)|(((L[LMIV]PA)|(L..P))[ILMVAFYW].[MLIVFHPAY]),LARPVPA,454,460,STE20_YEAST,Saccharomyces cerevisiae S288c,32976810 21945277,true positive,18,0,inbetween
ELME000491,DOC_CYCLIN_yCln2_LP_2,Cyclin N-terminal Domain Docking Motifs,DOC,The budding yeast G1/S cyclins Cln1 and 2 bind a specific leucine- and proline-rich (LP) docking motif on G1-specific target proteins.,PF00134,Cyclin_N,"Cyclin, N-terminal domain",(L[MLIV]PP)|(((L[LMIV]PA)|(L..P))[ILMVAFYW].[MLIVFHPAY]),LARPVPA,454,460,STE5_YEAST,Saccharomyces cerevisiae S288c,32976810 21945277,true positive,18,0,inbetween
ELME000491,DOC_CYCLIN_yCln2_LP_2,Cyclin N-terminal Domain Docking Motifs,DOC,The budding yeast G1/S cyclins Cln1 and 2 bind a specific leucine- and proline-rich (LP) docking motif on G1-specific target proteins.,PF00134,Cyclin_N,"Cyclin, N-terminal domain",(L[MLIV]PP)|(((L[LMIV]PA)|(L..P))[ILMVAFYW].[MLIVFHPAY]),LARPVPA,454,460,WHI5_YEAST,Saccharomyces cerevisiae S288c,21658602 32976810 21945277,true positive,18,0,inbetween
ELME000491,DOC_CYCLIN_yCln2_LP_2,Cyclin N-terminal Domain Docking Motifs,DOC,The budding yeast G1/S cyclins Cln1 and 2 bind a specific leucine- and proline-rich (LP) docking motif on G1-specific target proteins.,PF00134,Cyclin_N,"Cyclin, N-terminal domain",(L[MLIV]PP)|(((L[LMIV]PA)|(L..P))[ILMVAFYW].[MLIVFHPAY]),LARPVPA,454,460,YEY8_YEAST,Saccharomyces cerevisiae S288c,32976810,true positive,18,0,inbetween
ELME000433,DOC_MAPK_DCC_7,MAPK docking motifs,DOC,A kinase docking motif mediating interaction towards the ERK1/2 and p38 subfamilies of MAP kinases,PF00069,Pkinase,Protein kinase domain,"[RK].{2,4}[LIVP]P.[LIV].[LIVMF]|[RK].{2,4}[LIVP].P[LIV].[LIVMF]",RTRTPEPIII,365,374,CAC1G_HUMAN,Homo sapiens,26538579,true positive,11,2,disordered
ELME000433,DOC_MAPK_DCC_7,MAPK docking motifs,DOC,A kinase docking motif mediating interaction towards the ERK1/2 and p38 subfamilies of MAP kinases,PF00069,Pkinase,Protein kinase domain,"[RK].{2,4}[LIVP]P.[LIV].[LIVMF]|[RK].{2,4}[LIVP].P[LIV].[LIVMF]",RTRTPEPIII,365,374,CBLB_HUMAN,Homo sapiens,26538579,true positive,11,2,disordered
ELME000433,DOC_MAPK_DCC_7,MAPK docking motifs,DOC,A kinase docking motif mediating interaction towards the ERK1/2 and p38 subfamilies of MAP kinases,PF00069,Pkinase,Protein kinase domain,"[RK].{2,4}[LIVP]P.[LIV].[LIVMF]|[RK].{2,4}[LIVP].P[LIV].[LIVMF]",RTRTPEPIII,365,374,D2KU33_NICBE,Nicotiana benthamiana,21386030,true positive,11,2,disordered
ELME000433,DOC_MAPK_DCC_7,MAPK docking motifs,DOC,A kinase docking motif mediating interaction towards the ERK1/2 and p38 subfamilies of MAP kinases,PF00069,Pkinase,Protein kinase domain,"[RK].{2,4}[LIVP]P.[LIV].[LIVMF]|[RK].{2,4}[LIVP].P[LIV].[LIVMF]",RTRTPEPIII,365,374,DCC_HUMAN,Homo sapiens,26538579,true positive,11,2,disordered
ELME000433,DOC_MAPK_DCC_7,MAPK docking motifs,DOC,A kinase docking motif mediating interaction towards the ERK1/2 and p38 subfamilies of MAP kinases,PF00069,Pkinase,Protein kinase domain,"[RK].{2,4}[LIVP]P.[LIV].[LIVMF]|[RK].{2,4}[LIVP].P[LIV].[LIVMF]",RTRTPEPIII,365,374,DCC_RAT,Rattus norvegicus,21070949,true positive,11,2,disordered
ELME000433,DOC_MAPK_DCC_7,MAPK docking motifs,DOC,A kinase docking motif mediating interaction towards the ERK1/2 and p38 subfamilies of MAP kinases,PF00069,Pkinase,Protein kinase domain,"[RK].{2,4}[LIVP]P.[LIV].[LIVMF]|[RK].{2,4}[LIVP].P[LIV].[LIVMF]",RTRTPEPIII,365,374,DIG1_YEAST,Saccharomyces cerevisiae,14734536,true positive,11,2,disordered
ELME000433,DOC_MAPK_DCC_7,MAPK docking motifs,DOC,A kinase docking motif mediating interaction towards the ERK1/2 and p38 subfamilies of MAP kinases,PF00069,Pkinase,Protein kinase domain,"[RK].{2,4}[LIVP]P.[LIV].[LIVMF]|[RK].{2,4}[LIVP].P[LIV].[LIVMF]",RTRTPEPIII,365,374,DIG2_YEAST,Saccharomyces cerevisiae,14734536,true positive,11,2,disordered
ELME000433,DOC_MAPK_DCC_7,MAPK docking motifs,DOC,A kinase docking motif mediating interaction towards the ERK1/2 and p38 subfamilies of MAP kinases,PF00069,Pkinase,Protein kinase domain,"[RK].{2,4}[LIVP]P.[LIV].[LIVMF]|[RK].{2,4}[LIVP].P[LIV].[LIVMF]",RTRTPEPIII,365,374,EMSA1_HUMAN,Homo sapiens,26538579,true positive,11,2,disordered
ELME000433,DOC_MAPK_DCC_7,MAPK docking motifs,DOC,A kinase docking motif mediating interaction towards the ERK1/2 and p38 subfamilies of MAP kinases,PF00069,Pkinase,Protein kinase domain,"[RK].{2,4}[LIVP]P.[LIV].[LIVMF]|[RK].{2,4}[LIVP].P[LIV].[LIVMF]",RTRTPEPIII,365,374,FAR1_YEAST,Saccharomyces cerevisiae S288c,16364919,true positive,11,2,disordered
ELME000433,DOC_MAPK_DCC_7,MAPK docking motifs,DOC,A kinase docking motif mediating interaction towards the ERK1/2 and p38 subfamilies of MAP kinases,PF00069,Pkinase,Protein kinase domain,"[RK].{2,4}[LIVP]P.[LIV].[LIVMF]|[RK].{2,4}[LIVP].P[LIV].[LIVMF]",RTRTPEPIII,365,374,GAB1_HUMAN,Homo sapiens,26538579,true positive,11,2,disordered
ELME000433,DOC_MAPK_DCC_7,MAPK docking motifs,DOC,A kinase docking motif mediating interaction towards the ERK1/2 and p38 subfamilies of MAP kinases,PF00069,Pkinase,Protein kinase domain,"[RK].{2,4}[LIVP]P.[LIV].[LIVMF]|[RK].{2,4}[LIVP].P[LIV].[LIVMF]",RTRTPEPIII,365,374,TREF1_HUMAN,Homo sapiens,26538579,true positive,11,2,disordered
ELME000233,DOC_MAPK_gen_1,MAPK docking motifs,DOC,"MAPK interacting molecules (e.g. MAPKKs, substrates, phosphatases) carry docking motif that help to regulate specific interaction in the MAPK cascade. The classic motif approximates (R/K)xxxx#x# where # is a hydrophobic residue.",PF00069,Pkinase,Protein kinase domain,"[KR]{0,2}[KR].{0,2}[KR].{2,4}[ILVM].[ILVF]",RDKKWEMTL,144,152,DIG1_YEAST,Saccharomyces cerevisiae,,true positive,15,0,ordered
ELME000233,DOC_MAPK_gen_1,MAPK docking motifs,DOC,"MAPK interacting molecules (e.g. MAPKKs, substrates, phosphatases) carry docking motif that help to regulate specific interaction in the MAPK cascade. The classic motif approximates (R/K)xxxx#x# where # is a hydrophobic residue.",PF00069,Pkinase,Protein kinase domain,"[KR]{0,2}[KR].{0,2}[KR].{2,4}[ILVM].[ILVF]",RDKKWEMTL,144,152,DIG2_YEAST,Saccharomyces cerevisiae,14734536,true positive,15,0,ordered
ELME000233,DOC_MAPK_gen_1,MAPK docking motifs,DOC,"MAPK interacting molecules (e.g. MAPKKs, substrates, phosphatases) carry docking motif that help to regulate specific interaction in the MAPK cascade. The classic motif approximates (R/K)xxxx#x# where # is a hydrophobic residue.",PF00069,Pkinase,Protein kinase domain,"[KR]{0,2}[KR].{0,2}[KR].{2,4}[ILVM].[ILVF]",RDKKWEMTL,144,152,DUS1_HUMAN,Homo sapiens,11953434 11278799,true positive,15,0,ordered
ELME000233,DOC_MAPK_gen_1,MAPK docking motifs,DOC,"MAPK interacting molecules (e.g. MAPKKs, substrates, phosphatases) carry docking motif that help to regulate specific interaction in the MAPK cascade. The classic motif approximates (R/K)xxxx#x# where # is a hydrophobic residue.",PF00069,Pkinase,Protein kinase domain,"[KR]{0,2}[KR].{0,2}[KR].{2,4}[ILVM].[ILVF]",RDKKWEMTL,144,152,DUS6_HUMAN,Homo sapiens,10811804 16567630 17046812,true positive,15,0,ordered
ELME000233,DOC_MAPK_gen_1,MAPK docking motifs,DOC,"MAPK interacting molecules (e.g. MAPKKs, substrates, phosphatases) carry docking motif that help to regulate specific interaction in the MAPK cascade. The classic motif approximates (R/K)xxxx#x# where # is a hydrophobic residue.",PF00069,Pkinase,Protein kinase domain,"[KR]{0,2}[KR].{0,2}[KR].{2,4}[ILVM].[ILVF]",RDKKWEMTL,144,152,ELK1_HUMAN,Homo sapiens,9925641,true positive,15,0,ordered
ELME000233,DOC_MAPK_gen_1,MAPK docking motifs,DOC,"MAPK interacting molecules (e.g. MAPKKs, substrates, phosphatases) carry docking motif that help to regulate specific interaction in the MAPK cascade. The classic motif approximates (R/K)xxxx#x# where # is a hydrophobic residue.",PF00069,Pkinase,Protein kinase domain,"[KR]{0,2}[KR].{0,2}[KR].{2,4}[ILVM].[ILVF]",RDKKWEMTL,144,152,ELK3_MOUSE,Mus musculus,9925641,true positive,15,0,ordered
ELME000233,DOC_MAPK_gen_1,MAPK docking motifs,DOC,"MAPK interacting molecules (e.g. MAPKKs, substrates, phosphatases) carry docking motif that help to regulate specific interaction in the MAPK cascade. The classic motif approximates (R/K)xxxx#x# where # is a hydrophobic residue.",PF00069,Pkinase,Protein kinase domain,"[KR]{0,2}[KR].{0,2}[KR].{2,4}[ILVM].[ILVF]",RDKKWEMTL,144,152,ELK4_HUMAN,Homo sapiens,11786537 9925641,true positive,15,0,ordered
ELME000233,DOC_MAPK_gen_1,MAPK docking motifs,DOC,"MAPK interacting molecules (e.g. MAPKKs, substrates, phosphatases) carry docking motif that help to regulate specific interaction in the MAPK cascade. The classic motif approximates (R/K)xxxx#x# where # is a hydrophobic residue.",PF00069,Pkinase,Protein kinase domain,"[KR]{0,2}[KR].{0,2}[KR].{2,4}[ILVM].[ILVF]",RDKKWEMTL,144,152,JUN_HUMAN,Homo sapiens,8945519 9925641,true positive,15,0,ordered
ELME000233,DOC_MAPK_gen_1,MAPK docking motifs,DOC,"MAPK interacting molecules (e.g. MAPKKs, substrates, phosphatases) carry docking motif that help to regulate specific interaction in the MAPK cascade. The classic motif approximates (R/K)xxxx#x# where # is a hydrophobic residue.",PF00069,Pkinase,Protein kinase domain,"[KR]{0,2}[KR].{0,2}[KR].{2,4}[ILVM].[ILVF]",RDKKWEMTL,144,152,MEF2A_HUMAN,Homo sapiens,15132737 10330143,true positive,15,0,ordered
ELME000233,DOC_MAPK_gen_1,MAPK docking motifs,DOC,"MAPK interacting molecules (e.g. MAPKKs, substrates, phosphatases) carry docking motif that help to regulate specific interaction in the MAPK cascade. The classic motif approximates (R/K)xxxx#x# where # is a hydrophobic residue.",PF00069,Pkinase,Protein kinase domain,"[KR]{0,2}[KR].{0,2}[KR].{2,4}[ILVM].[ILVF]",RDKKWEMTL,144,152,MP2K1_HUMAN,Homo sapiens,11134045 11104681 9925641,true positive,15,0,ordered
ELME000233,DOC_MAPK_gen_1,MAPK docking motifs,DOC,"MAPK interacting molecules (e.g. MAPKKs, substrates, phosphatases) carry docking motif that help to regulate specific interaction in the MAPK cascade. The classic motif approximates (R/K)xxxx#x# where # is a hydrophobic residue.",PF00069,Pkinase,Protein kinase domain,"[KR]{0,2}[KR].{0,2}[KR].{2,4}[ILVM].[ILVF]",RDKKWEMTL,144,152,MP2K4_HUMAN,Homo sapiens,9925641,true positive,15,0,ordered
ELME000233,DOC_MAPK_gen_1,MAPK docking motifs,DOC,"MAPK interacting molecules (e.g. MAPKKs, substrates, phosphatases) carry docking motif that help to regulate specific interaction in the MAPK cascade. The classic motif approximates (R/K)xxxx#x# where # is a hydrophobic residue.",PF00069,Pkinase,Protein kinase domain,"[KR]{0,2}[KR].{0,2}[KR].{2,4}[ILVM].[ILVF]",RDKKWEMTL,144,152,MSG5_YEAST,Saccharomyces cerevisiae,16364919,true positive,15,0,ordered
ELME000233,DOC_MAPK_gen_1,MAPK docking motifs,DOC,"MAPK interacting molecules (e.g. MAPKKs, substrates, phosphatases) carry docking motif that help to regulate specific interaction in the MAPK cascade. The classic motif approximates (R/K)xxxx#x# where # is a hydrophobic residue.",PF00069,Pkinase,Protein kinase domain,"[KR]{0,2}[KR].{0,2}[KR].{2,4}[ILVM].[ILVF]",RDKKWEMTL,144,152,STE7_YEAST,Saccharomyces cerevisiae,16364919,true positive,15,0,ordered
ELME000233,DOC_MAPK_gen_1,MAPK docking motifs,DOC,"MAPK interacting molecules (e.g. MAPKKs, substrates, phosphatases) carry docking motif that help to regulate specific interaction in the MAPK cascade. The classic motif approximates (R/K)xxxx#x# where # is a hydrophobic residue.",PF00069,Pkinase,Protein kinase domain,"[KR]{0,2}[KR].{0,2}[KR].{2,4}[ILVM].[ILVF]",KKWEMTL,146,152,DIG1_YEAST,Saccharomyces cerevisiae,,true positive,15,0,ordered
ELME000233,DOC_MAPK_gen_1,MAPK docking motifs,DOC,"MAPK interacting molecules (e.g. MAPKKs, substrates, phosphatases) carry docking motif that help to regulate specific interaction in the MAPK cascade. The classic motif approximates (R/K)xxxx#x# where # is a hydrophobic residue.",PF00069,Pkinase,Protein kinase domain,"[KR]{0,2}[KR].{0,2}[KR].{2,4}[ILVM].[ILVF]",KKWEMTL,146,152,DIG2_YEAST,Saccharomyces cerevisiae,14734536,true positive,15,0,ordered
ELME000233,DOC_MAPK_gen_1,MAPK docking motifs,DOC,"MAPK interacting molecules (e.g. MAPKKs, substrates, phosphatases) carry docking motif that help to regulate specific interaction in the MAPK cascade. The classic motif approximates (R/K)xxxx#x# where # is a hydrophobic residue.",PF00069,Pkinase,Protein kinase domain,"[KR]{0,2}[KR].{0,2}[KR].{2,4}[ILVM].[ILVF]",KKWEMTL,146,152,DUS1_HUMAN,Homo sapiens,11953434 11278799,true positive,15,0,ordered
ELME000233,DOC_MAPK_gen_1,MAPK docking motifs,DOC,"MAPK interacting molecules (e.g. MAPKKs, substrates, phosphatases) carry docking motif that help to regulate specific interaction in the MAPK cascade. The classic motif approximates (R/K)xxxx#x# where # is a hydrophobic residue.",PF00069,Pkinase,Protein kinase domain,"[KR]{0,2}[KR].{0,2}[KR].{2,4}[ILVM].[ILVF]",KKWEMTL,146,152,DUS6_HUMAN,Homo sapiens,10811804 16567630 17046812,true positive,15,0,ordered
ELME000233,DOC_MAPK_gen_1,MAPK docking motifs,DOC,"MAPK interacting molecules (e.g. MAPKKs, substrates, phosphatases) carry docking motif that help to regulate specific interaction in the MAPK cascade. The classic motif approximates (R/K)xxxx#x# where # is a hydrophobic residue.",PF00069,Pkinase,Protein kinase domain,"[KR]{0,2}[KR].{0,2}[KR].{2,4}[ILVM].[ILVF]",KKWEMTL,146,152,ELK1_HUMAN,Homo sapiens,9925641,true positive,15,0,ordered
ELME000233,DOC_MAPK_gen_1,MAPK docking motifs,DOC,"MAPK interacting molecules (e.g. MAPKKs, substrates, phosphatases) carry docking motif that help to regulate specific interaction in the MAPK cascade. The classic motif approximates (R/K)xxxx#x# where # is a hydrophobic residue.",PF00069,Pkinase,Protein kinase domain,"[KR]{0,2}[KR].{0,2}[KR].{2,4}[ILVM].[ILVF]",KKWEMTL,146,152,ELK3_MOUSE,Mus musculus,9925641,true positive,15,0,ordered
ELME000233,DOC_MAPK_gen_1,MAPK docking motifs,DOC,"MAPK interacting molecules (e.g. MAPKKs, substrates, phosphatases) carry docking motif that help to regulate specific interaction in the MAPK cascade. The classic motif approximates (R/K)xxxx#x# where # is a hydrophobic residue.",PF00069,Pkinase,Protein kinase domain,"[KR]{0,2}[KR].{0,2}[KR].{2,4}[ILVM].[ILVF]",KKWEMTL,146,152,ELK4_HUMAN,Homo sapiens,11786537 9925641,true positive,15,0,ordered
ELME000233,DOC_MAPK_gen_1,MAPK docking motifs,DOC,"MAPK interacting molecules (e.g. MAPKKs, substrates, phosphatases) carry docking motif that help to regulate specific interaction in the MAPK cascade. The classic motif approximates (R/K)xxxx#x# where # is a hydrophobic residue.",PF00069,Pkinase,Protein kinase domain,"[KR]{0,2}[KR].{0,2}[KR].{2,4}[ILVM].[ILVF]",KKWEMTL,146,152,JUN_HUMAN,Homo sapiens,8945519 9925641,true positive,15,0,ordered
ELME000233,DOC_MAPK_gen_1,MAPK docking motifs,DOC,"MAPK interacting molecules (e.g. MAPKKs, substrates, phosphatases) carry docking motif that help to regulate specific interaction in the MAPK cascade. The classic motif approximates (R/K)xxxx#x# where # is a hydrophobic residue.",PF00069,Pkinase,Protein kinase domain,"[KR]{0,2}[KR].{0,2}[KR].{2,4}[ILVM].[ILVF]",KKWEMTL,146,152,MEF2A_HUMAN,Homo sapiens,15132737 10330143,true positive,15,0,ordered
ELME000233,DOC_MAPK_gen_1,MAPK docking motifs,DOC,"MAPK interacting molecules (e.g. MAPKKs, substrates, phosphatases) carry docking motif that help to regulate specific interaction in the MAPK cascade. The classic motif approximates (R/K)xxxx#x# where # is a hydrophobic residue.",PF00069,Pkinase,Protein kinase domain,"[KR]{0,2}[KR].{0,2}[KR].{2,4}[ILVM].[ILVF]",KKWEMTL,146,152,MP2K1_HUMAN,Homo sapiens,11134045 11104681 9925641,true positive,15,0,ordered
ELME000233,DOC_MAPK_gen_1,MAPK docking motifs,DOC,"MAPK interacting molecules (e.g. MAPKKs, substrates, phosphatases) carry docking motif that help to regulate specific interaction in the MAPK cascade. The classic motif approximates (R/K)xxxx#x# where # is a hydrophobic residue.",PF00069,Pkinase,Protein kinase domain,"[KR]{0,2}[KR].{0,2}[KR].{2,4}[ILVM].[ILVF]",KKWEMTL,146,152,MP2K4_HUMAN,Homo sapiens,9925641,true positive,15,0,ordered
ELME000233,DOC_MAPK_gen_1,MAPK docking motifs,DOC,"MAPK interacting molecules (e.g. MAPKKs, substrates, phosphatases) carry docking motif that help to regulate specific interaction in the MAPK cascade. The classic motif approximates (R/K)xxxx#x# where # is a hydrophobic residue.",PF00069,Pkinase,Protein kinase domain,"[KR]{0,2}[KR].{0,2}[KR].{2,4}[ILVM].[ILVF]",KKWEMTL,146,152,MSG5_YEAST,Saccharomyces cerevisiae,16364919,true positive,15,0,ordered
ELME000233,DOC_MAPK_gen_1,MAPK docking motifs,DOC,"MAPK interacting molecules (e.g. MAPKKs, substrates, phosphatases) carry docking motif that help to regulate specific interaction in the MAPK cascade. The classic motif approximates (R/K)xxxx#x# where # is a hydrophobic residue.",PF00069,Pkinase,Protein kinase domain,"[KR]{0,2}[KR].{0,2}[KR].{2,4}[ILVM].[ILVF]",KKWEMTL,146,152,STE7_YEAST,Saccharomyces cerevisiae,16364919,true positive,15,0,ordered
ELME000233,DOC_MAPK_gen_1,MAPK docking motifs,DOC,"MAPK interacting molecules (e.g. MAPKKs, substrates, phosphatases) carry docking motif that help to regulate specific interaction in the MAPK cascade. The classic motif approximates (R/K)xxxx#x# where # is a hydrophobic residue.",PF00069,Pkinase,Protein kinase domain,"[KR]{0,2}[KR].{0,2}[KR].{2,4}[ILVM].[ILVF]",KASRPEQITV,282,291,DIG1_YEAST,Saccharomyces cerevisiae,,true positive,15,0,inbetween
ELME000233,DOC_MAPK_gen_1,MAPK docking motifs,DOC,"MAPK interacting molecules (e.g. MAPKKs, substrates, phosphatases) carry docking motif that help to regulate specific interaction in the MAPK cascade. The classic motif approximates (R/K)xxxx#x# where # is a hydrophobic residue.",PF00069,Pkinase,Protein kinase domain,"[KR]{0,2}[KR].{0,2}[KR].{2,4}[ILVM].[ILVF]",KASRPEQITV,282,291,DIG2_YEAST,Saccharomyces cerevisiae,14734536,true positive,15,0,inbetween
ELME000233,DOC_MAPK_gen_1,MAPK docking motifs,DOC,"MAPK interacting molecules (e.g. MAPKKs, substrates, phosphatases) carry docking motif that help to regulate specific interaction in the MAPK cascade. The classic motif approximates (R/K)xxxx#x# where # is a hydrophobic residue.",PF00069,Pkinase,Protein kinase domain,"[KR]{0,2}[KR].{0,2}[KR].{2,4}[ILVM].[ILVF]",KASRPEQITV,282,291,DUS1_HUMAN,Homo sapiens,11953434 11278799,true positive,15,0,inbetween
ELME000233,DOC_MAPK_gen_1,MAPK docking motifs,DOC,"MAPK interacting molecules (e.g. MAPKKs, substrates, phosphatases) carry docking motif that help to regulate specific interaction in the MAPK cascade. The classic motif approximates (R/K)xxxx#x# where # is a hydrophobic residue.",PF00069,Pkinase,Protein kinase domain,"[KR]{0,2}[KR].{0,2}[KR].{2,4}[ILVM].[ILVF]",KASRPEQITV,282,291,DUS6_HUMAN,Homo sapiens,10811804 16567630 17046812,true positive,15,0,inbetween
ELME000233,DOC_MAPK_gen_1,MAPK docking motifs,DOC,"MAPK interacting molecules (e.g. MAPKKs, substrates, phosphatases) carry docking motif that help to regulate specific interaction in the MAPK cascade. The classic motif approximates (R/K)xxxx#x# where # is a hydrophobic residue.",PF00069,Pkinase,Protein kinase domain,"[KR]{0,2}[KR].{0,2}[KR].{2,4}[ILVM].[ILVF]",KASRPEQITV,282,291,ELK1_HUMAN,Homo sapiens,9925641,true positive,15,0,inbetween
ELME000233,DOC_MAPK_gen_1,MAPK docking motifs,DOC,"MAPK interacting molecules (e.g. MAPKKs, substrates, phosphatases) carry docking motif that help to regulate specific interaction in the MAPK cascade. The classic motif approximates (R/K)xxxx#x# where # is a hydrophobic residue.",PF00069,Pkinase,Protein kinase domain,"[KR]{0,2}[KR].{0,2}[KR].{2,4}[ILVM].[ILVF]",KASRPEQITV,282,291,ELK3_MOUSE,Mus musculus,9925641,true positive,15,0,inbetween
ELME000233,DOC_MAPK_gen_1,MAPK docking motifs,DOC,"MAPK interacting molecules (e.g. MAPKKs, substrates, phosphatases) carry docking motif that help to regulate specific interaction in the MAPK cascade. The classic motif approximates (R/K)xxxx#x# where # is a hydrophobic residue.",PF00069,Pkinase,Protein kinase domain,"[KR]{0,2}[KR].{0,2}[KR].{2,4}[ILVM].[ILVF]",KASRPEQITV,282,291,ELK4_HUMAN,Homo sapiens,11786537 9925641,true positive,15,0,inbetween
ELME000233,DOC_MAPK_gen_1,MAPK docking motifs,DOC,"MAPK interacting molecules (e.g. MAPKKs, substrates, phosphatases) carry docking motif that help to regulate specific interaction in the MAPK cascade. The classic motif approximates (R/K)xxxx#x# where # is a hydrophobic residue.",PF00069,Pkinase,Protein kinase domain,"[KR]{0,2}[KR].{0,2}[KR].{2,4}[ILVM].[ILVF]",KASRPEQITV,282,291,JUN_HUMAN,Homo sapiens,8945519 9925641,true positive,15,0,inbetween
ELME000233,DOC_MAPK_gen_1,MAPK docking motifs,DOC,"MAPK interacting molecules (e.g. MAPKKs, substrates, phosphatases) carry docking motif that help to regulate specific interaction in the MAPK cascade. The classic motif approximates (R/K)xxxx#x# where # is a hydrophobic residue.",PF00069,Pkinase,Protein kinase domain,"[KR]{0,2}[KR].{0,2}[KR].{2,4}[ILVM].[ILVF]",KASRPEQITV,282,291,MEF2A_HUMAN,Homo sapiens,15132737 10330143,true positive,15,0,inbetween
ELME000233,DOC_MAPK_gen_1,MAPK docking motifs,DOC,"MAPK interacting molecules (e.g. MAPKKs, substrates, phosphatases) carry docking motif that help to regulate specific interaction in the MAPK cascade. The classic motif approximates (R/K)xxxx#x# where # is a hydrophobic residue.",PF00069,Pkinase,Protein kinase domain,"[KR]{0,2}[KR].{0,2}[KR].{2,4}[ILVM].[ILVF]",KASRPEQITV,282,291,MP2K1_HUMAN,Homo sapiens,11134045 11104681 9925641,true positive,15,0,inbetween
ELME000233,DOC_MAPK_gen_1,MAPK docking motifs,DOC,"MAPK interacting molecules (e.g. MAPKKs, substrates, phosphatases) carry docking motif that help to regulate specific interaction in the MAPK cascade. The classic motif approximates (R/K)xxxx#x# where # is a hydrophobic residue.",PF00069,Pkinase,Protein kinase domain,"[KR]{0,2}[KR].{0,2}[KR].{2,4}[ILVM].[ILVF]",KASRPEQITV,282,291,MP2K4_HUMAN,Homo sapiens,9925641,true positive,15,0,inbetween
ELME000233,DOC_MAPK_gen_1,MAPK docking motifs,DOC,"MAPK interacting molecules (e.g. MAPKKs, substrates, phosphatases) carry docking motif that help to regulate specific interaction in the MAPK cascade. The classic motif approximates (R/K)xxxx#x# where # is a hydrophobic residue.",PF00069,Pkinase,Protein kinase domain,"[KR]{0,2}[KR].{0,2}[KR].{2,4}[ILVM].[ILVF]",KASRPEQITV,282,291,MSG5_YEAST,Saccharomyces cerevisiae,16364919,true positive,15,0,inbetween
ELME000233,DOC_MAPK_gen_1,MAPK docking motifs,DOC,"MAPK interacting molecules (e.g. MAPKKs, substrates, phosphatases) carry docking motif that help to regulate specific interaction in the MAPK cascade. The classic motif approximates (R/K)xxxx#x# where # is a hydrophobic residue.",PF00069,Pkinase,Protein kinase domain,"[KR]{0,2}[KR].{0,2}[KR].{2,4}[ILVM].[ILVF]",KASRPEQITV,282,291,STE7_YEAST,Saccharomyces cerevisiae,16364919,true positive,15,0,inbetween
ELME000233,DOC_MAPK_gen_1,MAPK docking motifs,DOC,"MAPK interacting molecules (e.g. MAPKKs, substrates, phosphatases) carry docking motif that help to regulate specific interaction in the MAPK cascade. The classic motif approximates (R/K)xxxx#x# where # is a hydrophobic residue.",PF00069,Pkinase,Protein kinase domain,"[KR]{0,2}[KR].{0,2}[KR].{2,4}[ILVM].[ILVF]",RTRTPEPIII,365,374,DIG1_YEAST,Saccharomyces cerevisiae,,true positive,15,0,disordered
ELME000233,DOC_MAPK_gen_1,MAPK docking motifs,DOC,"MAPK interacting molecules (e.g. MAPKKs, substrates, phosphatases) carry docking motif that help to regulate specific interaction in the MAPK cascade. The classic motif approximates (R/K)xxxx#x# where # is a hydrophobic residue.",PF00069,Pkinase,Protein kinase domain,"[KR]{0,2}[KR].{0,2}[KR].{2,4}[ILVM].[ILVF]",RTRTPEPIII,365,374,DIG2_YEAST,Saccharomyces cerevisiae,14734536,true positive,15,0,disordered
ELME000233,DOC_MAPK_gen_1,MAPK docking motifs,DOC,"MAPK interacting molecules (e.g. MAPKKs, substrates, phosphatases) carry docking motif that help to regulate specific interaction in the MAPK cascade. The classic motif approximates (R/K)xxxx#x# where # is a hydrophobic residue.",PF00069,Pkinase,Protein kinase domain,"[KR]{0,2}[KR].{0,2}[KR].{2,4}[ILVM].[ILVF]",RTRTPEPIII,365,374,DUS1_HUMAN,Homo sapiens,11953434 11278799,true positive,15,0,disordered
ELME000233,DOC_MAPK_gen_1,MAPK docking motifs,DOC,"MAPK interacting molecules (e.g. MAPKKs, substrates, phosphatases) carry docking motif that help to regulate specific interaction in the MAPK cascade. The classic motif approximates (R/K)xxxx#x# where # is a hydrophobic residue.",PF00069,Pkinase,Protein kinase domain,"[KR]{0,2}[KR].{0,2}[KR].{2,4}[ILVM].[ILVF]",RTRTPEPIII,365,374,DUS6_HUMAN,Homo sapiens,10811804 16567630 17046812,true positive,15,0,disordered
ELME000233,DOC_MAPK_gen_1,MAPK docking motifs,DOC,"MAPK interacting molecules (e.g. MAPKKs, substrates, phosphatases) carry docking motif that help to regulate specific interaction in the MAPK cascade. The classic motif approximates (R/K)xxxx#x# where # is a hydrophobic residue.",PF00069,Pkinase,Protein kinase domain,"[KR]{0,2}[KR].{0,2}[KR].{2,4}[ILVM].[ILVF]",RTRTPEPIII,365,374,ELK1_HUMAN,Homo sapiens,9925641,true positive,15,0,disordered
ELME000233,DOC_MAPK_gen_1,MAPK docking motifs,DOC,"MAPK interacting molecules (e.g. MAPKKs, substrates, phosphatases) carry docking motif that help to regulate specific interaction in the MAPK cascade. The classic motif approximates (R/K)xxxx#x# where # is a hydrophobic residue.",PF00069,Pkinase,Protein kinase domain,"[KR]{0,2}[KR].{0,2}[KR].{2,4}[ILVM].[ILVF]",RTRTPEPIII,365,374,ELK3_MOUSE,Mus musculus,9925641,true positive,15,0,disordered
ELME000233,DOC_MAPK_gen_1,MAPK docking motifs,DOC,"MAPK interacting molecules (e.g. MAPKKs, substrates, phosphatases) carry docking motif that help to regulate specific interaction in the MAPK cascade. The classic motif approximates (R/K)xxxx#x# where # is a hydrophobic residue.",PF00069,Pkinase,Protein kinase domain,"[KR]{0,2}[KR].{0,2}[KR].{2,4}[ILVM].[ILVF]",RTRTPEPIII,365,374,ELK4_HUMAN,Homo sapiens,11786537 9925641,true positive,15,0,disordered
ELME000233,DOC_MAPK_gen_1,MAPK docking motifs,DOC,"MAPK interacting molecules (e.g. MAPKKs, substrates, phosphatases) carry docking motif that help to regulate specific interaction in the MAPK cascade. The classic motif approximates (R/K)xxxx#x# where # is a hydrophobic residue.",PF00069,Pkinase,Protein kinase domain,"[KR]{0,2}[KR].{0,2}[KR].{2,4}[ILVM].[ILVF]",RTRTPEPIII,365,374,JUN_HUMAN,Homo sapiens,8945519 9925641,true positive,15,0,disordered
ELME000233,DOC_MAPK_gen_1,MAPK docking motifs,DOC,"MAPK interacting molecules (e.g. MAPKKs, substrates, phosphatases) carry docking motif that help to regulate specific interaction in the MAPK cascade. The classic motif approximates (R/K)xxxx#x# where # is a hydrophobic residue.",PF00069,Pkinase,Protein kinase domain,"[KR]{0,2}[KR].{0,2}[KR].{2,4}[ILVM].[ILVF]",RTRTPEPIII,365,374,MEF2A_HUMAN,Homo sapiens,15132737 10330143,true positive,15,0,disordered
ELME000233,DOC_MAPK_gen_1,MAPK docking motifs,DOC,"MAPK interacting molecules (e.g. MAPKKs, substrates, phosphatases) carry docking motif that help to regulate specific interaction in the MAPK cascade. The classic motif approximates (R/K)xxxx#x# where # is a hydrophobic residue.",PF00069,Pkinase,Protein kinase domain,"[KR]{0,2}[KR].{0,2}[KR].{2,4}[ILVM].[ILVF]",RTRTPEPIII,365,374,MP2K1_HUMAN,Homo sapiens,11134045 11104681 9925641,true positive,15,0,disordered
ELME000233,DOC_MAPK_gen_1,MAPK docking motifs,DOC,"MAPK interacting molecules (e.g. MAPKKs, substrates, phosphatases) carry docking motif that help to regulate specific interaction in the MAPK cascade. The classic motif approximates (R/K)xxxx#x# where # is a hydrophobic residue.",PF00069,Pkinase,Protein kinase domain,"[KR]{0,2}[KR].{0,2}[KR].{2,4}[ILVM].[ILVF]",RTRTPEPIII,365,374,MP2K4_HUMAN,Homo sapiens,9925641,true positive,15,0,disordered
ELME000233,DOC_MAPK_gen_1,MAPK docking motifs,DOC,"MAPK interacting molecules (e.g. MAPKKs, substrates, phosphatases) carry docking motif that help to regulate specific interaction in the MAPK cascade. The classic motif approximates (R/K)xxxx#x# where # is a hydrophobic residue.",PF00069,Pkinase,Protein kinase domain,"[KR]{0,2}[KR].{0,2}[KR].{2,4}[ILVM].[ILVF]",RTRTPEPIII,365,374,MSG5_YEAST,Saccharomyces cerevisiae,16364919,true positive,15,0,disordered
ELME000233,DOC_MAPK_gen_1,MAPK docking motifs,DOC,"MAPK interacting molecules (e.g. MAPKKs, substrates, phosphatases) carry docking motif that help to regulate specific interaction in the MAPK cascade. The classic motif approximates (R/K)xxxx#x# where # is a hydrophobic residue.",PF00069,Pkinase,Protein kinase domain,"[KR]{0,2}[KR].{0,2}[KR].{2,4}[ILVM].[ILVF]",RTRTPEPIII,365,374,STE7_YEAST,Saccharomyces cerevisiae,16364919,true positive,15,0,disordered
ELME000411,DOC_MAPK_RevD_3,MAPK docking motifs,DOC,Reverse (C to N direction) of the classical MAPK docking motif ELM:DOC_MAPK_gen_1 with an often extended linker region of the bipartite motif.,PF00069,Pkinase,Protein kinase domain,"[LIVMPFA].[LIV].{1,2}[LIVMP].{4,6}[LIV]..[RK][RK]",AELVRVHPKSSLAGRK,178,193,KS6A1_HUMAN,Homo sapiens,23047924 25730857,true positive,6,3,inbetween
ELME000411,DOC_MAPK_RevD_3,MAPK docking motifs,DOC,Reverse (C to N direction) of the classical MAPK docking motif ELM:DOC_MAPK_gen_1 with an often extended linker region of the bipartite motif.,PF00069,Pkinase,Protein kinase domain,"[LIVMPFA].[LIV].{1,2}[LIVMP].{4,6}[LIV]..[RK][RK]",AELVRVHPKSSLAGRK,178,193,KS6A4_HUMAN,Homo sapiens,11035004,true positive,6,3,inbetween
ELME000411,DOC_MAPK_RevD_3,MAPK docking motifs,DOC,Reverse (C to N direction) of the classical MAPK docking motif ELM:DOC_MAPK_gen_1 with an often extended linker region of the bipartite motif.,PF00069,Pkinase,Protein kinase domain,"[LIVMPFA].[LIV].{1,2}[LIVMP].{4,6}[LIV]..[RK][RK]",AELVRVHPKSSLAGRK,178,193,KS6A5_HUMAN,Homo sapiens,23047924 15568999,true positive,6,3,inbetween
ELME000411,DOC_MAPK_RevD_3,MAPK docking motifs,DOC,Reverse (C to N direction) of the classical MAPK docking motif ELM:DOC_MAPK_gen_1 with an often extended linker region of the bipartite motif.,PF00069,Pkinase,Protein kinase domain,"[LIVMPFA].[LIV].{1,2}[LIVMP].{4,6}[LIV]..[RK][RK]",AELVRVHPKSSLAGRK,178,193,KS6AA_CHICK,Gallus gallus,12832467,true positive,6,3,inbetween
ELME000411,DOC_MAPK_RevD_3,MAPK docking motifs,DOC,Reverse (C to N direction) of the classical MAPK docking motif ELM:DOC_MAPK_gen_1 with an often extended linker region of the bipartite motif.,PF00069,Pkinase,Protein kinase domain,"[LIVMPFA].[LIV].{1,2}[LIVMP].{4,6}[LIV]..[RK][RK]",AELVRVHPKSSLAGRK,178,193,MAPK2_HUMAN,Homo sapiens,25255283 23047924,true positive,6,3,inbetween
ELME000411,DOC_MAPK_RevD_3,MAPK docking motifs,DOC,Reverse (C to N direction) of the classical MAPK docking motif ELM:DOC_MAPK_gen_1 with an often extended linker region of the bipartite motif.,PF00069,Pkinase,Protein kinase domain,"[LIVMPFA].[LIV].{1,2}[LIVMP].{4,6}[LIV]..[RK][RK]",AELVRVHPKSSLAGRK,178,193,MKNK1_HUMAN,Homo sapiens,23047924 10655591,true positive,6,3,inbetween
ELME000411,DOC_MAPK_RevD_3,MAPK docking motifs,DOC,Reverse (C to N direction) of the classical MAPK docking motif ELM:DOC_MAPK_gen_1 with an often extended linker region of the bipartite motif.,PF00069,Pkinase,Protein kinase domain,"[LIVMPFA].[LIV].{1,2}[LIVMP].{4,6}[LIV]..[RK][RK]",PILFSPKVPAYIHPRK,313,328,KS6A1_HUMAN,Homo sapiens,23047924 25730857,true positive,6,3,ordered
ELME000411,DOC_MAPK_RevD_3,MAPK docking motifs,DOC,Reverse (C to N direction) of the classical MAPK docking motif ELM:DOC_MAPK_gen_1 with an often extended linker region of the bipartite motif.,PF00069,Pkinase,Protein kinase domain,"[LIVMPFA].[LIV].{1,2}[LIVMP].{4,6}[LIV]..[RK][RK]",PILFSPKVPAYIHPRK,313,328,KS6A4_HUMAN,Homo sapiens,11035004,true positive,6,3,ordered
ELME000411,DOC_MAPK_RevD_3,MAPK docking motifs,DOC,Reverse (C to N direction) of the classical MAPK docking motif ELM:DOC_MAPK_gen_1 with an often extended linker region of the bipartite motif.,PF00069,Pkinase,Protein kinase domain,"[LIVMPFA].[LIV].{1,2}[LIVMP].{4,6}[LIV]..[RK][RK]",PILFSPKVPAYIHPRK,313,328,KS6A5_HUMAN,Homo sapiens,23047924 15568999,true positive,6,3,ordered
ELME000411,DOC_MAPK_RevD_3,MAPK docking motifs,DOC,Reverse (C to N direction) of the classical MAPK docking motif ELM:DOC_MAPK_gen_1 with an often extended linker region of the bipartite motif.,PF00069,Pkinase,Protein kinase domain,"[LIVMPFA].[LIV].{1,2}[LIVMP].{4,6}[LIV]..[RK][RK]",PILFSPKVPAYIHPRK,313,328,KS6AA_CHICK,Gallus gallus,12832467,true positive,6,3,ordered
ELME000411,DOC_MAPK_RevD_3,MAPK docking motifs,DOC,Reverse (C to N direction) of the classical MAPK docking motif ELM:DOC_MAPK_gen_1 with an often extended linker region of the bipartite motif.,PF00069,Pkinase,Protein kinase domain,"[LIVMPFA].[LIV].{1,2}[LIVMP].{4,6}[LIV]..[RK][RK]",PILFSPKVPAYIHPRK,313,328,MAPK2_HUMAN,Homo sapiens,25255283 23047924,true positive,6,3,ordered
ELME000411,DOC_MAPK_RevD_3,MAPK docking motifs,DOC,Reverse (C to N direction) of the classical MAPK docking motif ELM:DOC_MAPK_gen_1 with an often extended linker region of the bipartite motif.,PF00069,Pkinase,Protein kinase domain,"[LIVMPFA].[LIV].{1,2}[LIVMP].{4,6}[LIV]..[RK][RK]",PILFSPKVPAYIHPRK,313,328,MKNK1_HUMAN,Homo sapiens,23047924 10655591,true positive,6,3,ordered
ELME000425,DOC_PP2A_B56_1,PP2A holoenzyme B56-docking site,DOC,Docking site required for the regulatory subunit B56 of PP2A for protein dephosphorylation.,IPR016024,Armadillo-type fold," This entry represents a structural domain with an armadillo (ARM)-like fold, consisting of a multi-helical fold comprised of two curved layers of alpha helices arranged in a regular right-handed superhelix, where the repeats that make up this structure are arranged about a common axis [ ]. These superhelical structures present an extensive solvent-accessible surface that is well suited to binding large substrates such as proteins and nucleic acids. Domains and repeats with an ARM-like fold have been found in a number of proteins, including:    ARM repeat domain, found in beta-catenins, importins, karyopherin and exportins.  HEAT repeat domain, found in protein phosphatase 2a and initiation factor eIF4G.  PHAT domain, found in the RNA-binding protein Smaug.  Leucine-rich repeat variant, which contain an FeS cluster.  Pumilo repeat domain, found in Pumilo protein.  Regulatory subunit H of V-type ATPases.  PBS lyase HEAT-like repeat.  Mo25 protein.  MIF4G domain-like, found in eukaryotic initiation factor eIF4G, translation initiation factor eIF-2b epsilon and nuclear cap-binding protein CBP80.  The N-terminal domain of eukaryotic translation initiation factor 3 subunit 12.  The C-terminal domain of leukotriene A4 hydrolase.  The helical domain of phosphoinositide 3-kinase.  The N-terminal fragment of adaptin alpha-C and beta subunits.  The proximal leg segment and the linker domain of the clathrin heavy chain.    The sequence similarity among these different repeats or domains is low, however they exhibit considerable structural similarity. Furthermore, the number of repeats present in the superhelical structure can vary between orthologues, indicating that rapid loss/gain of repeats has occurred frequently in evolution. A common phylogenetic origin has been proposed for the armadillo and HEAT repeats [ ]. ",([LMFYWIC]..I.E)|(L..[IVLWC].E).,LITVDET,358,364,AIM1_HUMAN,Homo sapiens,27453045,true positive,18,2,disordered
ELME000425,DOC_PP2A_B56_1,PP2A holoenzyme B56-docking site,DOC,Docking site required for the regulatory subunit B56 of PP2A for protein dephosphorylation.,IPR016024,Armadillo-type fold," This entry represents a structural domain with an armadillo (ARM)-like fold, consisting of a multi-helical fold comprised of two curved layers of alpha helices arranged in a regular right-handed superhelix, where the repeats that make up this structure are arranged about a common axis [ ]. These superhelical structures present an extensive solvent-accessible surface that is well suited to binding large substrates such as proteins and nucleic acids. Domains and repeats with an ARM-like fold have been found in a number of proteins, including:    ARM repeat domain, found in beta-catenins, importins, karyopherin and exportins.  HEAT repeat domain, found in protein phosphatase 2a and initiation factor eIF4G.  PHAT domain, found in the RNA-binding protein Smaug.  Leucine-rich repeat variant, which contain an FeS cluster.  Pumilo repeat domain, found in Pumilo protein.  Regulatory subunit H of V-type ATPases.  PBS lyase HEAT-like repeat.  Mo25 protein.  MIF4G domain-like, found in eukaryotic initiation factor eIF4G, translation initiation factor eIF-2b epsilon and nuclear cap-binding protein CBP80.  The N-terminal domain of eukaryotic translation initiation factor 3 subunit 12.  The C-terminal domain of leukotriene A4 hydrolase.  The helical domain of phosphoinositide 3-kinase.  The N-terminal fragment of adaptin alpha-C and beta subunits.  The proximal leg segment and the linker domain of the clathrin heavy chain.    The sequence similarity among these different repeats or domains is low, however they exhibit considerable structural similarity. Furthermore, the number of repeats present in the superhelical structure can vary between orthologues, indicating that rapid loss/gain of repeats has occurred frequently in evolution. A common phylogenetic origin has been proposed for the armadillo and HEAT repeats [ ]. ",([LMFYWIC]..I.E)|(L..[IVLWC].E).,LITVDET,358,364,ARHG2_HUMAN,Homo sapiens,27453045,true positive,18,2,disordered
ELME000425,DOC_PP2A_B56_1,PP2A holoenzyme B56-docking site,DOC,Docking site required for the regulatory subunit B56 of PP2A for protein dephosphorylation.,IPR016024,Armadillo-type fold," This entry represents a structural domain with an armadillo (ARM)-like fold, consisting of a multi-helical fold comprised of two curved layers of alpha helices arranged in a regular right-handed superhelix, where the repeats that make up this structure are arranged about a common axis [ ]. These superhelical structures present an extensive solvent-accessible surface that is well suited to binding large substrates such as proteins and nucleic acids. Domains and repeats with an ARM-like fold have been found in a number of proteins, including:    ARM repeat domain, found in beta-catenins, importins, karyopherin and exportins.  HEAT repeat domain, found in protein phosphatase 2a and initiation factor eIF4G.  PHAT domain, found in the RNA-binding protein Smaug.  Leucine-rich repeat variant, which contain an FeS cluster.  Pumilo repeat domain, found in Pumilo protein.  Regulatory subunit H of V-type ATPases.  PBS lyase HEAT-like repeat.  Mo25 protein.  MIF4G domain-like, found in eukaryotic initiation factor eIF4G, translation initiation factor eIF-2b epsilon and nuclear cap-binding protein CBP80.  The N-terminal domain of eukaryotic translation initiation factor 3 subunit 12.  The C-terminal domain of leukotriene A4 hydrolase.  The helical domain of phosphoinositide 3-kinase.  The N-terminal fragment of adaptin alpha-C and beta subunits.  The proximal leg segment and the linker domain of the clathrin heavy chain.    The sequence similarity among these different repeats or domains is low, however they exhibit considerable structural similarity. Furthermore, the number of repeats present in the superhelical structure can vary between orthologues, indicating that rapid loss/gain of repeats has occurred frequently in evolution. A common phylogenetic origin has been proposed for the armadillo and HEAT repeats [ ]. ",([LMFYWIC]..I.E)|(L..[IVLWC].E).,LITVDET,358,364,AXIN1_HUMAN,Homo sapiens,27453045,true positive,18,2,disordered
ELME000425,DOC_PP2A_B56_1,PP2A holoenzyme B56-docking site,DOC,Docking site required for the regulatory subunit B56 of PP2A for protein dephosphorylation.,IPR016024,Armadillo-type fold," This entry represents a structural domain with an armadillo (ARM)-like fold, consisting of a multi-helical fold comprised of two curved layers of alpha helices arranged in a regular right-handed superhelix, where the repeats that make up this structure are arranged about a common axis [ ]. These superhelical structures present an extensive solvent-accessible surface that is well suited to binding large substrates such as proteins and nucleic acids. Domains and repeats with an ARM-like fold have been found in a number of proteins, including:    ARM repeat domain, found in beta-catenins, importins, karyopherin and exportins.  HEAT repeat domain, found in protein phosphatase 2a and initiation factor eIF4G.  PHAT domain, found in the RNA-binding protein Smaug.  Leucine-rich repeat variant, which contain an FeS cluster.  Pumilo repeat domain, found in Pumilo protein.  Regulatory subunit H of V-type ATPases.  PBS lyase HEAT-like repeat.  Mo25 protein.  MIF4G domain-like, found in eukaryotic initiation factor eIF4G, translation initiation factor eIF-2b epsilon and nuclear cap-binding protein CBP80.  The N-terminal domain of eukaryotic translation initiation factor 3 subunit 12.  The C-terminal domain of leukotriene A4 hydrolase.  The helical domain of phosphoinositide 3-kinase.  The N-terminal fragment of adaptin alpha-C and beta subunits.  The proximal leg segment and the linker domain of the clathrin heavy chain.    The sequence similarity among these different repeats or domains is low, however they exhibit considerable structural similarity. Furthermore, the number of repeats present in the superhelical structure can vary between orthologues, indicating that rapid loss/gain of repeats has occurred frequently in evolution. A common phylogenetic origin has been proposed for the armadillo and HEAT repeats [ ]. ",([LMFYWIC]..I.E)|(L..[IVLWC].E).,LITVDET,358,364,BRCA2_HUMAN,Homo sapiens,27453045,true positive,18,2,disordered
ELME000425,DOC_PP2A_B56_1,PP2A holoenzyme B56-docking site,DOC,Docking site required for the regulatory subunit B56 of PP2A for protein dephosphorylation.,IPR016024,Armadillo-type fold," This entry represents a structural domain with an armadillo (ARM)-like fold, consisting of a multi-helical fold comprised of two curved layers of alpha helices arranged in a regular right-handed superhelix, where the repeats that make up this structure are arranged about a common axis [ ]. These superhelical structures present an extensive solvent-accessible surface that is well suited to binding large substrates such as proteins and nucleic acids. Domains and repeats with an ARM-like fold have been found in a number of proteins, including:    ARM repeat domain, found in beta-catenins, importins, karyopherin and exportins.  HEAT repeat domain, found in protein phosphatase 2a and initiation factor eIF4G.  PHAT domain, found in the RNA-binding protein Smaug.  Leucine-rich repeat variant, which contain an FeS cluster.  Pumilo repeat domain, found in Pumilo protein.  Regulatory subunit H of V-type ATPases.  PBS lyase HEAT-like repeat.  Mo25 protein.  MIF4G domain-like, found in eukaryotic initiation factor eIF4G, translation initiation factor eIF-2b epsilon and nuclear cap-binding protein CBP80.  The N-terminal domain of eukaryotic translation initiation factor 3 subunit 12.  The C-terminal domain of leukotriene A4 hydrolase.  The helical domain of phosphoinositide 3-kinase.  The N-terminal fragment of adaptin alpha-C and beta subunits.  The proximal leg segment and the linker domain of the clathrin heavy chain.    The sequence similarity among these different repeats or domains is low, however they exhibit considerable structural similarity. Furthermore, the number of repeats present in the superhelical structure can vary between orthologues, indicating that rapid loss/gain of repeats has occurred frequently in evolution. A common phylogenetic origin has been proposed for the armadillo and HEAT repeats [ ]. ",([LMFYWIC]..I.E)|(L..[IVLWC].E).,LITVDET,358,364,BUB1B_HUMAN,Homo sapiens,27453045 27998540 27350047,true positive,18,2,disordered
ELME000425,DOC_PP2A_B56_1,PP2A holoenzyme B56-docking site,DOC,Docking site required for the regulatory subunit B56 of PP2A for protein dephosphorylation.,IPR016024,Armadillo-type fold," This entry represents a structural domain with an armadillo (ARM)-like fold, consisting of a multi-helical fold comprised of two curved layers of alpha helices arranged in a regular right-handed superhelix, where the repeats that make up this structure are arranged about a common axis [ ]. These superhelical structures present an extensive solvent-accessible surface that is well suited to binding large substrates such as proteins and nucleic acids. Domains and repeats with an ARM-like fold have been found in a number of proteins, including:    ARM repeat domain, found in beta-catenins, importins, karyopherin and exportins.  HEAT repeat domain, found in protein phosphatase 2a and initiation factor eIF4G.  PHAT domain, found in the RNA-binding protein Smaug.  Leucine-rich repeat variant, which contain an FeS cluster.  Pumilo repeat domain, found in Pumilo protein.  Regulatory subunit H of V-type ATPases.  PBS lyase HEAT-like repeat.  Mo25 protein.  MIF4G domain-like, found in eukaryotic initiation factor eIF4G, translation initiation factor eIF-2b epsilon and nuclear cap-binding protein CBP80.  The N-terminal domain of eukaryotic translation initiation factor 3 subunit 12.  The C-terminal domain of leukotriene A4 hydrolase.  The helical domain of phosphoinositide 3-kinase.  The N-terminal fragment of adaptin alpha-C and beta subunits.  The proximal leg segment and the linker domain of the clathrin heavy chain.    The sequence similarity among these different repeats or domains is low, however they exhibit considerable structural similarity. Furthermore, the number of repeats present in the superhelical structure can vary between orthologues, indicating that rapid loss/gain of repeats has occurred frequently in evolution. A common phylogenetic origin has been proposed for the armadillo and HEAT repeats [ ]. ",([LMFYWIC]..I.E)|(L..[IVLWC].E).,LITVDET,358,364,CCNG1_HUMAN,Homo sapiens,27453045,true positive,18,2,disordered
ELME000425,DOC_PP2A_B56_1,PP2A holoenzyme B56-docking site,DOC,Docking site required for the regulatory subunit B56 of PP2A for protein dephosphorylation.,IPR016024,Armadillo-type fold," This entry represents a structural domain with an armadillo (ARM)-like fold, consisting of a multi-helical fold comprised of two curved layers of alpha helices arranged in a regular right-handed superhelix, where the repeats that make up this structure are arranged about a common axis [ ]. These superhelical structures present an extensive solvent-accessible surface that is well suited to binding large substrates such as proteins and nucleic acids. Domains and repeats with an ARM-like fold have been found in a number of proteins, including:    ARM repeat domain, found in beta-catenins, importins, karyopherin and exportins.  HEAT repeat domain, found in protein phosphatase 2a and initiation factor eIF4G.  PHAT domain, found in the RNA-binding protein Smaug.  Leucine-rich repeat variant, which contain an FeS cluster.  Pumilo repeat domain, found in Pumilo protein.  Regulatory subunit H of V-type ATPases.  PBS lyase HEAT-like repeat.  Mo25 protein.  MIF4G domain-like, found in eukaryotic initiation factor eIF4G, translation initiation factor eIF-2b epsilon and nuclear cap-binding protein CBP80.  The N-terminal domain of eukaryotic translation initiation factor 3 subunit 12.  The C-terminal domain of leukotriene A4 hydrolase.  The helical domain of phosphoinositide 3-kinase.  The N-terminal fragment of adaptin alpha-C and beta subunits.  The proximal leg segment and the linker domain of the clathrin heavy chain.    The sequence similarity among these different repeats or domains is low, however they exhibit considerable structural similarity. Furthermore, the number of repeats present in the superhelical structure can vary between orthologues, indicating that rapid loss/gain of repeats has occurred frequently in evolution. A common phylogenetic origin has been proposed for the armadillo and HEAT repeats [ ]. ",([LMFYWIC]..I.E)|(L..[IVLWC].E).,LITVDET,358,364,CDCA2_HUMAN,Homo sapiens,23746640 27998540,true positive,18,2,disordered
ELME000425,DOC_PP2A_B56_1,PP2A holoenzyme B56-docking site,DOC,Docking site required for the regulatory subunit B56 of PP2A for protein dephosphorylation.,IPR016024,Armadillo-type fold," This entry represents a structural domain with an armadillo (ARM)-like fold, consisting of a multi-helical fold comprised of two curved layers of alpha helices arranged in a regular right-handed superhelix, where the repeats that make up this structure are arranged about a common axis [ ]. These superhelical structures present an extensive solvent-accessible surface that is well suited to binding large substrates such as proteins and nucleic acids. Domains and repeats with an ARM-like fold have been found in a number of proteins, including:    ARM repeat domain, found in beta-catenins, importins, karyopherin and exportins.  HEAT repeat domain, found in protein phosphatase 2a and initiation factor eIF4G.  PHAT domain, found in the RNA-binding protein Smaug.  Leucine-rich repeat variant, which contain an FeS cluster.  Pumilo repeat domain, found in Pumilo protein.  Regulatory subunit H of V-type ATPases.  PBS lyase HEAT-like repeat.  Mo25 protein.  MIF4G domain-like, found in eukaryotic initiation factor eIF4G, translation initiation factor eIF-2b epsilon and nuclear cap-binding protein CBP80.  The N-terminal domain of eukaryotic translation initiation factor 3 subunit 12.  The C-terminal domain of leukotriene A4 hydrolase.  The helical domain of phosphoinositide 3-kinase.  The N-terminal fragment of adaptin alpha-C and beta subunits.  The proximal leg segment and the linker domain of the clathrin heavy chain.    The sequence similarity among these different repeats or domains is low, however they exhibit considerable structural similarity. Furthermore, the number of repeats present in the superhelical structure can vary between orthologues, indicating that rapid loss/gain of repeats has occurred frequently in evolution. A common phylogenetic origin has been proposed for the armadillo and HEAT repeats [ ]. ",([LMFYWIC]..I.E)|(L..[IVLWC].E).,LITVDET,358,364,CHK2_HUMAN,Homo sapiens,27453045,true positive,18,2,disordered
ELME000425,DOC_PP2A_B56_1,PP2A holoenzyme B56-docking site,DOC,Docking site required for the regulatory subunit B56 of PP2A for protein dephosphorylation.,IPR016024,Armadillo-type fold," This entry represents a structural domain with an armadillo (ARM)-like fold, consisting of a multi-helical fold comprised of two curved layers of alpha helices arranged in a regular right-handed superhelix, where the repeats that make up this structure are arranged about a common axis [ ]. These superhelical structures present an extensive solvent-accessible surface that is well suited to binding large substrates such as proteins and nucleic acids. Domains and repeats with an ARM-like fold have been found in a number of proteins, including:    ARM repeat domain, found in beta-catenins, importins, karyopherin and exportins.  HEAT repeat domain, found in protein phosphatase 2a and initiation factor eIF4G.  PHAT domain, found in the RNA-binding protein Smaug.  Leucine-rich repeat variant, which contain an FeS cluster.  Pumilo repeat domain, found in Pumilo protein.  Regulatory subunit H of V-type ATPases.  PBS lyase HEAT-like repeat.  Mo25 protein.  MIF4G domain-like, found in eukaryotic initiation factor eIF4G, translation initiation factor eIF-2b epsilon and nuclear cap-binding protein CBP80.  The N-terminal domain of eukaryotic translation initiation factor 3 subunit 12.  The C-terminal domain of leukotriene A4 hydrolase.  The helical domain of phosphoinositide 3-kinase.  The N-terminal fragment of adaptin alpha-C and beta subunits.  The proximal leg segment and the linker domain of the clathrin heavy chain.    The sequence similarity among these different repeats or domains is low, however they exhibit considerable structural similarity. Furthermore, the number of repeats present in the superhelical structure can vary between orthologues, indicating that rapid loss/gain of repeats has occurred frequently in evolution. A common phylogenetic origin has been proposed for the armadillo and HEAT repeats [ ]. ",([LMFYWIC]..I.E)|(L..[IVLWC].E).,LITVDET,358,364,ESPL1_HUMAN,Homo sapiens,27453045,true positive,18,2,disordered
ELME000425,DOC_PP2A_B56_1,PP2A holoenzyme B56-docking site,DOC,Docking site required for the regulatory subunit B56 of PP2A for protein dephosphorylation.,IPR016024,Armadillo-type fold," This entry represents a structural domain with an armadillo (ARM)-like fold, consisting of a multi-helical fold comprised of two curved layers of alpha helices arranged in a regular right-handed superhelix, where the repeats that make up this structure are arranged about a common axis [ ]. These superhelical structures present an extensive solvent-accessible surface that is well suited to binding large substrates such as proteins and nucleic acids. Domains and repeats with an ARM-like fold have been found in a number of proteins, including:    ARM repeat domain, found in beta-catenins, importins, karyopherin and exportins.  HEAT repeat domain, found in protein phosphatase 2a and initiation factor eIF4G.  PHAT domain, found in the RNA-binding protein Smaug.  Leucine-rich repeat variant, which contain an FeS cluster.  Pumilo repeat domain, found in Pumilo protein.  Regulatory subunit H of V-type ATPases.  PBS lyase HEAT-like repeat.  Mo25 protein.  MIF4G domain-like, found in eukaryotic initiation factor eIF4G, translation initiation factor eIF-2b epsilon and nuclear cap-binding protein CBP80.  The N-terminal domain of eukaryotic translation initiation factor 3 subunit 12.  The C-terminal domain of leukotriene A4 hydrolase.  The helical domain of phosphoinositide 3-kinase.  The N-terminal fragment of adaptin alpha-C and beta subunits.  The proximal leg segment and the linker domain of the clathrin heavy chain.    The sequence similarity among these different repeats or domains is low, however they exhibit considerable structural similarity. Furthermore, the number of repeats present in the superhelical structure can vary between orthologues, indicating that rapid loss/gain of repeats has occurred frequently in evolution. A common phylogenetic origin has been proposed for the armadillo and HEAT repeats [ ]. ",([LMFYWIC]..I.E)|(L..[IVLWC].E).,LITVDET,358,364,FBX43_HUMAN,Homo sapiens,27453045,true positive,18,2,disordered
ELME000425,DOC_PP2A_B56_1,PP2A holoenzyme B56-docking site,DOC,Docking site required for the regulatory subunit B56 of PP2A for protein dephosphorylation.,IPR016024,Armadillo-type fold," This entry represents a structural domain with an armadillo (ARM)-like fold, consisting of a multi-helical fold comprised of two curved layers of alpha helices arranged in a regular right-handed superhelix, where the repeats that make up this structure are arranged about a common axis [ ]. These superhelical structures present an extensive solvent-accessible surface that is well suited to binding large substrates such as proteins and nucleic acids. Domains and repeats with an ARM-like fold have been found in a number of proteins, including:    ARM repeat domain, found in beta-catenins, importins, karyopherin and exportins.  HEAT repeat domain, found in protein phosphatase 2a and initiation factor eIF4G.  PHAT domain, found in the RNA-binding protein Smaug.  Leucine-rich repeat variant, which contain an FeS cluster.  Pumilo repeat domain, found in Pumilo protein.  Regulatory subunit H of V-type ATPases.  PBS lyase HEAT-like repeat.  Mo25 protein.  MIF4G domain-like, found in eukaryotic initiation factor eIF4G, translation initiation factor eIF-2b epsilon and nuclear cap-binding protein CBP80.  The N-terminal domain of eukaryotic translation initiation factor 3 subunit 12.  The C-terminal domain of leukotriene A4 hydrolase.  The helical domain of phosphoinositide 3-kinase.  The N-terminal fragment of adaptin alpha-C and beta subunits.  The proximal leg segment and the linker domain of the clathrin heavy chain.    The sequence similarity among these different repeats or domains is low, however they exhibit considerable structural similarity. Furthermore, the number of repeats present in the superhelical structure can vary between orthologues, indicating that rapid loss/gain of repeats has occurred frequently in evolution. A common phylogenetic origin has been proposed for the armadillo and HEAT repeats [ ]. ",([LMFYWIC]..I.E)|(L..[IVLWC].E).,LITVDET,358,364,FOXO3_HUMAN,Homo sapiens,27453045,true positive,18,2,disordered
ELME000425,DOC_PP2A_B56_1,PP2A holoenzyme B56-docking site,DOC,Docking site required for the regulatory subunit B56 of PP2A for protein dephosphorylation.,IPR016024,Armadillo-type fold," This entry represents a structural domain with an armadillo (ARM)-like fold, consisting of a multi-helical fold comprised of two curved layers of alpha helices arranged in a regular right-handed superhelix, where the repeats that make up this structure are arranged about a common axis [ ]. These superhelical structures present an extensive solvent-accessible surface that is well suited to binding large substrates such as proteins and nucleic acids. Domains and repeats with an ARM-like fold have been found in a number of proteins, including:    ARM repeat domain, found in beta-catenins, importins, karyopherin and exportins.  HEAT repeat domain, found in protein phosphatase 2a and initiation factor eIF4G.  PHAT domain, found in the RNA-binding protein Smaug.  Leucine-rich repeat variant, which contain an FeS cluster.  Pumilo repeat domain, found in Pumilo protein.  Regulatory subunit H of V-type ATPases.  PBS lyase HEAT-like repeat.  Mo25 protein.  MIF4G domain-like, found in eukaryotic initiation factor eIF4G, translation initiation factor eIF-2b epsilon and nuclear cap-binding protein CBP80.  The N-terminal domain of eukaryotic translation initiation factor 3 subunit 12.  The C-terminal domain of leukotriene A4 hydrolase.  The helical domain of phosphoinositide 3-kinase.  The N-terminal fragment of adaptin alpha-C and beta subunits.  The proximal leg segment and the linker domain of the clathrin heavy chain.    The sequence similarity among these different repeats or domains is low, however they exhibit considerable structural similarity. Furthermore, the number of repeats present in the superhelical structure can vary between orthologues, indicating that rapid loss/gain of repeats has occurred frequently in evolution. A common phylogenetic origin has been proposed for the armadillo and HEAT repeats [ ]. ",([LMFYWIC]..I.E)|(L..[IVLWC].E).,LITVDET,358,364,KCNH8_HUMAN,Homo sapiens,27453045,true positive,18,2,disordered
ELME000425,DOC_PP2A_B56_1,PP2A holoenzyme B56-docking site,DOC,Docking site required for the regulatory subunit B56 of PP2A for protein dephosphorylation.,IPR016024,Armadillo-type fold," This entry represents a structural domain with an armadillo (ARM)-like fold, consisting of a multi-helical fold comprised of two curved layers of alpha helices arranged in a regular right-handed superhelix, where the repeats that make up this structure are arranged about a common axis [ ]. These superhelical structures present an extensive solvent-accessible surface that is well suited to binding large substrates such as proteins and nucleic acids. Domains and repeats with an ARM-like fold have been found in a number of proteins, including:    ARM repeat domain, found in beta-catenins, importins, karyopherin and exportins.  HEAT repeat domain, found in protein phosphatase 2a and initiation factor eIF4G.  PHAT domain, found in the RNA-binding protein Smaug.  Leucine-rich repeat variant, which contain an FeS cluster.  Pumilo repeat domain, found in Pumilo protein.  Regulatory subunit H of V-type ATPases.  PBS lyase HEAT-like repeat.  Mo25 protein.  MIF4G domain-like, found in eukaryotic initiation factor eIF4G, translation initiation factor eIF-2b epsilon and nuclear cap-binding protein CBP80.  The N-terminal domain of eukaryotic translation initiation factor 3 subunit 12.  The C-terminal domain of leukotriene A4 hydrolase.  The helical domain of phosphoinositide 3-kinase.  The N-terminal fragment of adaptin alpha-C and beta subunits.  The proximal leg segment and the linker domain of the clathrin heavy chain.    The sequence similarity among these different repeats or domains is low, however they exhibit considerable structural similarity. Furthermore, the number of repeats present in the superhelical structure can vary between orthologues, indicating that rapid loss/gain of repeats has occurred frequently in evolution. A common phylogenetic origin has been proposed for the armadillo and HEAT repeats [ ]. ",([LMFYWIC]..I.E)|(L..[IVLWC].E).,LITVDET,358,364,KIF4A_HUMAN,Homo sapiens,27453045,true positive,18,2,disordered
ELME000425,DOC_PP2A_B56_1,PP2A holoenzyme B56-docking site,DOC,Docking site required for the regulatory subunit B56 of PP2A for protein dephosphorylation.,IPR016024,Armadillo-type fold," This entry represents a structural domain with an armadillo (ARM)-like fold, consisting of a multi-helical fold comprised of two curved layers of alpha helices arranged in a regular right-handed superhelix, where the repeats that make up this structure are arranged about a common axis [ ]. These superhelical structures present an extensive solvent-accessible surface that is well suited to binding large substrates such as proteins and nucleic acids. Domains and repeats with an ARM-like fold have been found in a number of proteins, including:    ARM repeat domain, found in beta-catenins, importins, karyopherin and exportins.  HEAT repeat domain, found in protein phosphatase 2a and initiation factor eIF4G.  PHAT domain, found in the RNA-binding protein Smaug.  Leucine-rich repeat variant, which contain an FeS cluster.  Pumilo repeat domain, found in Pumilo protein.  Regulatory subunit H of V-type ATPases.  PBS lyase HEAT-like repeat.  Mo25 protein.  MIF4G domain-like, found in eukaryotic initiation factor eIF4G, translation initiation factor eIF-2b epsilon and nuclear cap-binding protein CBP80.  The N-terminal domain of eukaryotic translation initiation factor 3 subunit 12.  The C-terminal domain of leukotriene A4 hydrolase.  The helical domain of phosphoinositide 3-kinase.  The N-terminal fragment of adaptin alpha-C and beta subunits.  The proximal leg segment and the linker domain of the clathrin heavy chain.    The sequence similarity among these different repeats or domains is low, however they exhibit considerable structural similarity. Furthermore, the number of repeats present in the superhelical structure can vary between orthologues, indicating that rapid loss/gain of repeats has occurred frequently in evolution. A common phylogenetic origin has been proposed for the armadillo and HEAT repeats [ ]. ",([LMFYWIC]..I.E)|(L..[IVLWC].E).,LITVDET,358,364,MAD3_YEAST,Saccharomyces cerevisiae,27453045,true positive,18,2,disordered
ELME000425,DOC_PP2A_B56_1,PP2A holoenzyme B56-docking site,DOC,Docking site required for the regulatory subunit B56 of PP2A for protein dephosphorylation.,IPR016024,Armadillo-type fold," This entry represents a structural domain with an armadillo (ARM)-like fold, consisting of a multi-helical fold comprised of two curved layers of alpha helices arranged in a regular right-handed superhelix, where the repeats that make up this structure are arranged about a common axis [ ]. These superhelical structures present an extensive solvent-accessible surface that is well suited to binding large substrates such as proteins and nucleic acids. Domains and repeats with an ARM-like fold have been found in a number of proteins, including:    ARM repeat domain, found in beta-catenins, importins, karyopherin and exportins.  HEAT repeat domain, found in protein phosphatase 2a and initiation factor eIF4G.  PHAT domain, found in the RNA-binding protein Smaug.  Leucine-rich repeat variant, which contain an FeS cluster.  Pumilo repeat domain, found in Pumilo protein.  Regulatory subunit H of V-type ATPases.  PBS lyase HEAT-like repeat.  Mo25 protein.  MIF4G domain-like, found in eukaryotic initiation factor eIF4G, translation initiation factor eIF-2b epsilon and nuclear cap-binding protein CBP80.  The N-terminal domain of eukaryotic translation initiation factor 3 subunit 12.  The C-terminal domain of leukotriene A4 hydrolase.  The helical domain of phosphoinositide 3-kinase.  The N-terminal fragment of adaptin alpha-C and beta subunits.  The proximal leg segment and the linker domain of the clathrin heavy chain.    The sequence similarity among these different repeats or domains is low, however they exhibit considerable structural similarity. Furthermore, the number of repeats present in the superhelical structure can vary between orthologues, indicating that rapid loss/gain of repeats has occurred frequently in evolution. A common phylogenetic origin has been proposed for the armadillo and HEAT repeats [ ]. ",([LMFYWIC]..I.E)|(L..[IVLWC].E).,LITVDET,358,364,NCAP_EBOZM,"Ebola virus - Mayinga, Zaire, 1976",27453045,true positive,18,2,disordered
ELME000425,DOC_PP2A_B56_1,PP2A holoenzyme B56-docking site,DOC,Docking site required for the regulatory subunit B56 of PP2A for protein dephosphorylation.,IPR016024,Armadillo-type fold," This entry represents a structural domain with an armadillo (ARM)-like fold, consisting of a multi-helical fold comprised of two curved layers of alpha helices arranged in a regular right-handed superhelix, where the repeats that make up this structure are arranged about a common axis [ ]. These superhelical structures present an extensive solvent-accessible surface that is well suited to binding large substrates such as proteins and nucleic acids. Domains and repeats with an ARM-like fold have been found in a number of proteins, including:    ARM repeat domain, found in beta-catenins, importins, karyopherin and exportins.  HEAT repeat domain, found in protein phosphatase 2a and initiation factor eIF4G.  PHAT domain, found in the RNA-binding protein Smaug.  Leucine-rich repeat variant, which contain an FeS cluster.  Pumilo repeat domain, found in Pumilo protein.  Regulatory subunit H of V-type ATPases.  PBS lyase HEAT-like repeat.  Mo25 protein.  MIF4G domain-like, found in eukaryotic initiation factor eIF4G, translation initiation factor eIF-2b epsilon and nuclear cap-binding protein CBP80.  The N-terminal domain of eukaryotic translation initiation factor 3 subunit 12.  The C-terminal domain of leukotriene A4 hydrolase.  The helical domain of phosphoinositide 3-kinase.  The N-terminal fragment of adaptin alpha-C and beta subunits.  The proximal leg segment and the linker domain of the clathrin heavy chain.    The sequence similarity among these different repeats or domains is low, however they exhibit considerable structural similarity. Furthermore, the number of repeats present in the superhelical structure can vary between orthologues, indicating that rapid loss/gain of repeats has occurred frequently in evolution. A common phylogenetic origin has been proposed for the armadillo and HEAT repeats [ ]. ",([LMFYWIC]..I.E)|(L..[IVLWC].E).,LITVDET,358,364,NHS_HUMAN,Homo sapiens,27453045,true positive,18,2,disordered
ELME000425,DOC_PP2A_B56_1,PP2A holoenzyme B56-docking site,DOC,Docking site required for the regulatory subunit B56 of PP2A for protein dephosphorylation.,IPR016024,Armadillo-type fold," This entry represents a structural domain with an armadillo (ARM)-like fold, consisting of a multi-helical fold comprised of two curved layers of alpha helices arranged in a regular right-handed superhelix, where the repeats that make up this structure are arranged about a common axis [ ]. These superhelical structures present an extensive solvent-accessible surface that is well suited to binding large substrates such as proteins and nucleic acids. Domains and repeats with an ARM-like fold have been found in a number of proteins, including:    ARM repeat domain, found in beta-catenins, importins, karyopherin and exportins.  HEAT repeat domain, found in protein phosphatase 2a and initiation factor eIF4G.  PHAT domain, found in the RNA-binding protein Smaug.  Leucine-rich repeat variant, which contain an FeS cluster.  Pumilo repeat domain, found in Pumilo protein.  Regulatory subunit H of V-type ATPases.  PBS lyase HEAT-like repeat.  Mo25 protein.  MIF4G domain-like, found in eukaryotic initiation factor eIF4G, translation initiation factor eIF-2b epsilon and nuclear cap-binding protein CBP80.  The N-terminal domain of eukaryotic translation initiation factor 3 subunit 12.  The C-terminal domain of leukotriene A4 hydrolase.  The helical domain of phosphoinositide 3-kinase.  The N-terminal fragment of adaptin alpha-C and beta subunits.  The proximal leg segment and the linker domain of the clathrin heavy chain.    The sequence similarity among these different repeats or domains is low, however they exhibit considerable structural similarity. Furthermore, the number of repeats present in the superhelical structure can vary between orthologues, indicating that rapid loss/gain of repeats has occurred frequently in evolution. A common phylogenetic origin has been proposed for the armadillo and HEAT repeats [ ]. ",([LMFYWIC]..I.E)|(L..[IVLWC].E).,LITVDET,358,364,POL_HTL1C,Human T-cell lymphotrophic virus type 1 (Caribbean isolate),27453045,true positive,18,2,disordered
ELME000425,DOC_PP2A_B56_1,PP2A holoenzyme B56-docking site,DOC,Docking site required for the regulatory subunit B56 of PP2A for protein dephosphorylation.,IPR016024,Armadillo-type fold," This entry represents a structural domain with an armadillo (ARM)-like fold, consisting of a multi-helical fold comprised of two curved layers of alpha helices arranged in a regular right-handed superhelix, where the repeats that make up this structure are arranged about a common axis [ ]. These superhelical structures present an extensive solvent-accessible surface that is well suited to binding large substrates such as proteins and nucleic acids. Domains and repeats with an ARM-like fold have been found in a number of proteins, including:    ARM repeat domain, found in beta-catenins, importins, karyopherin and exportins.  HEAT repeat domain, found in protein phosphatase 2a and initiation factor eIF4G.  PHAT domain, found in the RNA-binding protein Smaug.  Leucine-rich repeat variant, which contain an FeS cluster.  Pumilo repeat domain, found in Pumilo protein.  Regulatory subunit H of V-type ATPases.  PBS lyase HEAT-like repeat.  Mo25 protein.  MIF4G domain-like, found in eukaryotic initiation factor eIF4G, translation initiation factor eIF-2b epsilon and nuclear cap-binding protein CBP80.  The N-terminal domain of eukaryotic translation initiation factor 3 subunit 12.  The C-terminal domain of leukotriene A4 hydrolase.  The helical domain of phosphoinositide 3-kinase.  The N-terminal fragment of adaptin alpha-C and beta subunits.  The proximal leg segment and the linker domain of the clathrin heavy chain.    The sequence similarity among these different repeats or domains is low, however they exhibit considerable structural similarity. Furthermore, the number of repeats present in the superhelical structure can vary between orthologues, indicating that rapid loss/gain of repeats has occurred frequently in evolution. A common phylogenetic origin has been proposed for the armadillo and HEAT repeats [ ]. ",([LMFYWIC]..I.E)|(L..[IVLWC].E).,LITVDET,358,364,RGAP1_HUMAN,Homo sapiens,27453045,true positive,18,2,disordered
ELME000237,DOC_PP2B_PxIxIT_1,Calcineurin (PP2B) PxIxIT docking motif,DOC,PxIxIT docking motif in calcineurin substrates that binds the catalytic CNA subunit.,PF00149,Metallophos,Calcineurin-like phosphoesterase,P[^P][ILVF][^P][ILVF][TSHDEQNKR],PCLCIH,266,271,CAC1H_HUMAN,Homo sapiens,32645368,true positive,27,4,ordered
ELME000237,DOC_PP2B_PxIxIT_1,Calcineurin (PP2B) PxIxIT docking motif,DOC,PxIxIT docking motif in calcineurin substrates that binds the catalytic CNA subunit.,IPR004843,"Calcineurin-like phosphoesterase domain, ApaH type"," This domain is found in a diverse range of phosphoesterases , including bis(5'-nucleosyl)-tetraphosphatase (apaH), nucleotidases, sphingomyelin phosphodiesterases and 2'-3' cAMP phosphodiesterases, as well as nucleases such as bacterial SbcD or archaeal/yeast Mre11",P[^P][ILVF][^P][ILVF][TSHDEQNKR],PCLCIH,266,271,CAC1H_HUMAN,Homo sapiens,32645368,true positive,27,4,ordered
ELME000237,DOC_PP2B_PxIxIT_1,Calcineurin (PP2B) PxIxIT docking motif,DOC,PxIxIT docking motif in calcineurin substrates that binds the catalytic CNA subunit.,PF00149,Metallophos,Calcineurin-like phosphoesterase,P[^P][ILVF][^P][ILVF][TSHDEQNKR],PCLCIH,266,271,CAN11_HUMAN,Homo sapiens,32645368,true positive,27,4,ordered
ELME000237,DOC_PP2B_PxIxIT_1,Calcineurin (PP2B) PxIxIT docking motif,DOC,PxIxIT docking motif in calcineurin substrates that binds the catalytic CNA subunit.,IPR004843,"Calcineurin-like phosphoesterase domain, ApaH type"," This domain is found in a diverse range of phosphoesterases , including bis(5'-nucleosyl)-tetraphosphatase (apaH), nucleotidases, sphingomyelin phosphodiesterases and 2'-3' cAMP phosphodiesterases, as well as nucleases such as bacterial SbcD or archaeal/yeast Mre11",P[^P][ILVF][^P][ILVF][TSHDEQNKR],PCLCIH,266,271,CAN11_HUMAN,Homo sapiens,32645368,true positive,27,4,ordered
ELME000237,DOC_PP2B_PxIxIT_1,Calcineurin (PP2B) PxIxIT docking motif,DOC,PxIxIT docking motif in calcineurin substrates that binds the catalytic CNA subunit.,PF00149,Metallophos,Calcineurin-like phosphoesterase,P[^P][ILVF][^P][ILVF][TSHDEQNKR],PCLCIH,266,271,CEAM5_HUMAN,Homo sapiens,32645368,true positive,27,4,ordered
ELME000237,DOC_PP2B_PxIxIT_1,Calcineurin (PP2B) PxIxIT docking motif,DOC,PxIxIT docking motif in calcineurin substrates that binds the catalytic CNA subunit.,IPR004843,"Calcineurin-like phosphoesterase domain, ApaH type"," This domain is found in a diverse range of phosphoesterases , including bis(5'-nucleosyl)-tetraphosphatase (apaH), nucleotidases, sphingomyelin phosphodiesterases and 2'-3' cAMP phosphodiesterases, as well as nucleases such as bacterial SbcD or archaeal/yeast Mre11",P[^P][ILVF][^P][ILVF][TSHDEQNKR],PCLCIH,266,271,CEAM5_HUMAN,Homo sapiens,32645368,true positive,27,4,ordered
ELME000237,DOC_PP2B_PxIxIT_1,Calcineurin (PP2B) PxIxIT docking motif,DOC,PxIxIT docking motif in calcineurin substrates that binds the catalytic CNA subunit.,PF00149,Metallophos,Calcineurin-like phosphoesterase,P[^P][ILVF][^P][ILVF][TSHDEQNKR],PCLCIH,266,271,CRZ1_YEAST,Saccharomyces cerevisiae,11877380,true positive,27,4,ordered
ELME000237,DOC_PP2B_PxIxIT_1,Calcineurin (PP2B) PxIxIT docking motif,DOC,PxIxIT docking motif in calcineurin substrates that binds the catalytic CNA subunit.,IPR004843,"Calcineurin-like phosphoesterase domain, ApaH type"," This domain is found in a diverse range of phosphoesterases , including bis(5'-nucleosyl)-tetraphosphatase (apaH), nucleotidases, sphingomyelin phosphodiesterases and 2'-3' cAMP phosphodiesterases, as well as nucleases such as bacterial SbcD or archaeal/yeast Mre11",P[^P][ILVF][^P][ILVF][TSHDEQNKR],PCLCIH,266,271,CRZ1_YEAST,Saccharomyces cerevisiae,11877380,true positive,27,4,ordered
ELME000237,DOC_PP2B_PxIxIT_1,Calcineurin (PP2B) PxIxIT docking motif,DOC,PxIxIT docking motif in calcineurin substrates that binds the catalytic CNA subunit.,PF00149,Metallophos,Calcineurin-like phosphoesterase,P[^P][ILVF][^P][ILVF][TSHDEQNKR],PCLCIH,266,271,DYN1_HUMAN,Homo sapiens,21689596,true positive,27,4,ordered
ELME000237,DOC_PP2B_PxIxIT_1,Calcineurin (PP2B) PxIxIT docking motif,DOC,PxIxIT docking motif in calcineurin substrates that binds the catalytic CNA subunit.,IPR004843,"Calcineurin-like phosphoesterase domain, ApaH type"," This domain is found in a diverse range of phosphoesterases , including bis(5'-nucleosyl)-tetraphosphatase (apaH), nucleotidases, sphingomyelin phosphodiesterases and 2'-3' cAMP phosphodiesterases, as well as nucleases such as bacterial SbcD or archaeal/yeast Mre11",P[^P][ILVF][^P][ILVF][TSHDEQNKR],PCLCIH,266,271,DYN1_HUMAN,Homo sapiens,21689596,true positive,27,4,ordered
ELME000237,DOC_PP2B_PxIxIT_1,Calcineurin (PP2B) PxIxIT docking motif,DOC,PxIxIT docking motif in calcineurin substrates that binds the catalytic CNA subunit.,PF00149,Metallophos,Calcineurin-like phosphoesterase,P[^P][ILVF][^P][ILVF][TSHDEQNKR],PCLCIH,266,271,FLNA_HUMAN,Homo sapiens,32645368,true positive,27,4,ordered
ELME000237,DOC_PP2B_PxIxIT_1,Calcineurin (PP2B) PxIxIT docking motif,DOC,PxIxIT docking motif in calcineurin substrates that binds the catalytic CNA subunit.,IPR004843,"Calcineurin-like phosphoesterase domain, ApaH type"," This domain is found in a diverse range of phosphoesterases , including bis(5'-nucleosyl)-tetraphosphatase (apaH), nucleotidases, sphingomyelin phosphodiesterases and 2'-3' cAMP phosphodiesterases, as well as nucleases such as bacterial SbcD or archaeal/yeast Mre11",P[^P][ILVF][^P][ILVF][TSHDEQNKR],PCLCIH,266,271,FLNA_HUMAN,Homo sapiens,32645368,true positive,27,4,ordered
ELME000237,DOC_PP2B_PxIxIT_1,Calcineurin (PP2B) PxIxIT docking motif,DOC,PxIxIT docking motif in calcineurin substrates that binds the catalytic CNA subunit.,PF00149,Metallophos,Calcineurin-like phosphoesterase,P[^P][ILVF][^P][ILVF][TSHDEQNKR],PCLCIH,266,271,HPH1_YEAST,Saccharomyces cerevisiae,15189990,true positive,27,4,ordered
ELME000237,DOC_PP2B_PxIxIT_1,Calcineurin (PP2B) PxIxIT docking motif,DOC,PxIxIT docking motif in calcineurin substrates that binds the catalytic CNA subunit.,IPR004843,"Calcineurin-like phosphoesterase domain, ApaH type"," This domain is found in a diverse range of phosphoesterases , including bis(5'-nucleosyl)-tetraphosphatase (apaH), nucleotidases, sphingomyelin phosphodiesterases and 2'-3' cAMP phosphodiesterases, as well as nucleases such as bacterial SbcD or archaeal/yeast Mre11",P[^P][ILVF][^P][ILVF][TSHDEQNKR],PCLCIH,266,271,HPH1_YEAST,Saccharomyces cerevisiae,15189990,true positive,27,4,ordered
ELME000237,DOC_PP2B_PxIxIT_1,Calcineurin (PP2B) PxIxIT docking motif,DOC,PxIxIT docking motif in calcineurin substrates that binds the catalytic CNA subunit.,PF00149,Metallophos,Calcineurin-like phosphoesterase,P[^P][ILVF][^P][ILVF][TSHDEQNKR],PCLCIH,266,271,KCNH6_HUMAN,Homo sapiens,32645368,true positive,27,4,ordered
ELME000237,DOC_PP2B_PxIxIT_1,Calcineurin (PP2B) PxIxIT docking motif,DOC,PxIxIT docking motif in calcineurin substrates that binds the catalytic CNA subunit.,IPR004843,"Calcineurin-like phosphoesterase domain, ApaH type"," This domain is found in a diverse range of phosphoesterases , including bis(5'-nucleosyl)-tetraphosphatase (apaH), nucleotidases, sphingomyelin phosphodiesterases and 2'-3' cAMP phosphodiesterases, as well as nucleases such as bacterial SbcD or archaeal/yeast Mre11",P[^P][ILVF][^P][ILVF][TSHDEQNKR],PCLCIH,266,271,KCNH6_HUMAN,Homo sapiens,32645368,true positive,27,4,ordered
ELME000237,DOC_PP2B_PxIxIT_1,Calcineurin (PP2B) PxIxIT docking motif,DOC,PxIxIT docking motif in calcineurin substrates that binds the catalytic CNA subunit.,PF00149,Metallophos,Calcineurin-like phosphoesterase,P[^P][ILVF][^P][ILVF][TSHDEQNKR],PCLCIH,266,271,KCNKI_MOUSE,Mus musculus,16569637,true positive,27,4,ordered
ELME000237,DOC_PP2B_PxIxIT_1,Calcineurin (PP2B) PxIxIT docking motif,DOC,PxIxIT docking motif in calcineurin substrates that binds the catalytic CNA subunit.,IPR004843,"Calcineurin-like phosphoesterase domain, ApaH type"," This domain is found in a diverse range of phosphoesterases , including bis(5'-nucleosyl)-tetraphosphatase (apaH), nucleotidases, sphingomyelin phosphodiesterases and 2'-3' cAMP phosphodiesterases, as well as nucleases such as bacterial SbcD or archaeal/yeast Mre11",P[^P][ILVF][^P][ILVF][TSHDEQNKR],PCLCIH,266,271,KCNKI_MOUSE,Mus musculus,16569637,true positive,27,4,ordered
ELME000237,DOC_PP2B_PxIxIT_1,Calcineurin (PP2B) PxIxIT docking motif,DOC,PxIxIT docking motif in calcineurin substrates that binds the catalytic CNA subunit.,PF00149,Metallophos,Calcineurin-like phosphoesterase,P[^P][ILVF][^P][ILVF][TSHDEQNKR],PCLCIH,266,271,KCNN2_HUMAN,Homo sapiens,32645368,true positive,27,4,ordered
ELME000237,DOC_PP2B_PxIxIT_1,Calcineurin (PP2B) PxIxIT docking motif,DOC,PxIxIT docking motif in calcineurin substrates that binds the catalytic CNA subunit.,IPR004843,"Calcineurin-like phosphoesterase domain, ApaH type"," This domain is found in a diverse range of phosphoesterases , including bis(5'-nucleosyl)-tetraphosphatase (apaH), nucleotidases, sphingomyelin phosphodiesterases and 2'-3' cAMP phosphodiesterases, as well as nucleases such as bacterial SbcD or archaeal/yeast Mre11",P[^P][ILVF][^P][ILVF][TSHDEQNKR],PCLCIH,266,271,KCNN2_HUMAN,Homo sapiens,32645368,true positive,27,4,ordered
ELME000237,DOC_PP2B_PxIxIT_1,Calcineurin (PP2B) PxIxIT docking motif,DOC,PxIxIT docking motif in calcineurin substrates that binds the catalytic CNA subunit.,PF00149,Metallophos,Calcineurin-like phosphoesterase,P[^P][ILVF][^P][ILVF][TSHDEQNKR],PCLCIH,266,271,LCORL_HUMAN,Homo sapiens,32645368,true positive,27,4,ordered
ELME000237,DOC_PP2B_PxIxIT_1,Calcineurin (PP2B) PxIxIT docking motif,DOC,PxIxIT docking motif in calcineurin substrates that binds the catalytic CNA subunit.,IPR004843,"Calcineurin-like phosphoesterase domain, ApaH type"," This domain is found in a diverse range of phosphoesterases , including bis(5'-nucleosyl)-tetraphosphatase (apaH), nucleotidases, sphingomyelin phosphodiesterases and 2'-3' cAMP phosphodiesterases, as well as nucleases such as bacterial SbcD or archaeal/yeast Mre11",P[^P][ILVF][^P][ILVF][TSHDEQNKR],PCLCIH,266,271,LCORL_HUMAN,Homo sapiens,32645368,true positive,27,4,ordered
ELME000237,DOC_PP2B_PxIxIT_1,Calcineurin (PP2B) PxIxIT docking motif,DOC,PxIxIT docking motif in calcineurin substrates that binds the catalytic CNA subunit.,PF00149,Metallophos,Calcineurin-like phosphoesterase,P[^P][ILVF][^P][ILVF][TSHDEQNKR],PCLCIH,266,271,MTF1_HUMAN,Homo sapiens,32645368,true positive,27,4,ordered
ELME000237,DOC_PP2B_PxIxIT_1,Calcineurin (PP2B) PxIxIT docking motif,DOC,PxIxIT docking motif in calcineurin substrates that binds the catalytic CNA subunit.,IPR004843,"Calcineurin-like phosphoesterase domain, ApaH type"," This domain is found in a diverse range of phosphoesterases , including bis(5'-nucleosyl)-tetraphosphatase (apaH), nucleotidases, sphingomyelin phosphodiesterases and 2'-3' cAMP phosphodiesterases, as well as nucleases such as bacterial SbcD or archaeal/yeast Mre11",P[^P][ILVF][^P][ILVF][TSHDEQNKR],PCLCIH,266,271,MTF1_HUMAN,Homo sapiens,32645368,true positive,27,4,ordered
ELME000237,DOC_PP2B_PxIxIT_1,Calcineurin (PP2B) PxIxIT docking motif,DOC,PxIxIT docking motif in calcineurin substrates that binds the catalytic CNA subunit.,PF00149,Metallophos,Calcineurin-like phosphoesterase,P[^P][ILVF][^P][ILVF][TSHDEQNKR],PCLCIH,266,271,NFAC1_HUMAN,Homo sapiens,17502104,true positive,27,4,ordered
ELME000237,DOC_PP2B_PxIxIT_1,Calcineurin (PP2B) PxIxIT docking motif,DOC,PxIxIT docking motif in calcineurin substrates that binds the catalytic CNA subunit.,IPR004843,"Calcineurin-like phosphoesterase domain, ApaH type"," This domain is found in a diverse range of phosphoesterases , including bis(5'-nucleosyl)-tetraphosphatase (apaH), nucleotidases, sphingomyelin phosphodiesterases and 2'-3' cAMP phosphodiesterases, as well as nucleases such as bacterial SbcD or archaeal/yeast Mre11",P[^P][ILVF][^P][ILVF][TSHDEQNKR],PCLCIH,266,271,NFAC1_HUMAN,Homo sapiens,17502104,true positive,27,4,ordered
ELME000237,DOC_PP2B_PxIxIT_1,Calcineurin (PP2B) PxIxIT docking motif,DOC,PxIxIT docking motif in calcineurin substrates that binds the catalytic CNA subunit.,PF00149,Metallophos,Calcineurin-like phosphoesterase,P[^P][ILVF][^P][ILVF][TSHDEQNKR],PCLCIH,266,271,NFAC1_PIG,Sus scrofa,11000210,true positive,27,4,ordered
ELME000237,DOC_PP2B_PxIxIT_1,Calcineurin (PP2B) PxIxIT docking motif,DOC,PxIxIT docking motif in calcineurin substrates that binds the catalytic CNA subunit.,IPR004843,"Calcineurin-like phosphoesterase domain, ApaH type"," This domain is found in a diverse range of phosphoesterases , including bis(5'-nucleosyl)-tetraphosphatase (apaH), nucleotidases, sphingomyelin phosphodiesterases and 2'-3' cAMP phosphodiesterases, as well as nucleases such as bacterial SbcD or archaeal/yeast Mre11",P[^P][ILVF][^P][ILVF][TSHDEQNKR],PCLCIH,266,271,NFAC1_PIG,Sus scrofa,11000210,true positive,27,4,ordered
ELME000237,DOC_PP2B_PxIxIT_1,Calcineurin (PP2B) PxIxIT docking motif,DOC,PxIxIT docking motif in calcineurin substrates that binds the catalytic CNA subunit.,PF00149,Metallophos,Calcineurin-like phosphoesterase,P[^P][ILVF][^P][ILVF][TSHDEQNKR],PCLCIH,266,271,NFAC2_MOUSE,Mus musculus,9660947,true positive,27,4,ordered
ELME000237,DOC_PP2B_PxIxIT_1,Calcineurin (PP2B) PxIxIT docking motif,DOC,PxIxIT docking motif in calcineurin substrates that binds the catalytic CNA subunit.,IPR004843,"Calcineurin-like phosphoesterase domain, ApaH type"," This domain is found in a diverse range of phosphoesterases , including bis(5'-nucleosyl)-tetraphosphatase (apaH), nucleotidases, sphingomyelin phosphodiesterases and 2'-3' cAMP phosphodiesterases, as well as nucleases such as bacterial SbcD or archaeal/yeast Mre11",P[^P][ILVF][^P][ILVF][TSHDEQNKR],PCLCIH,266,271,NFAC2_MOUSE,Mus musculus,9660947,true positive,27,4,ordered
ELME000237,DOC_PP2B_PxIxIT_1,Calcineurin (PP2B) PxIxIT docking motif,DOC,PxIxIT docking motif in calcineurin substrates that binds the catalytic CNA subunit.,PF00149,Metallophos,Calcineurin-like phosphoesterase,P[^P][ILVF][^P][ILVF][TSHDEQNKR],PCLCIH,266,271,NRG2_HUMAN,Homo sapiens,32645368,true positive,27,4,ordered
ELME000237,DOC_PP2B_PxIxIT_1,Calcineurin (PP2B) PxIxIT docking motif,DOC,PxIxIT docking motif in calcineurin substrates that binds the catalytic CNA subunit.,IPR004843,"Calcineurin-like phosphoesterase domain, ApaH type"," This domain is found in a diverse range of phosphoesterases , including bis(5'-nucleosyl)-tetraphosphatase (apaH), nucleotidases, sphingomyelin phosphodiesterases and 2'-3' cAMP phosphodiesterases, as well as nucleases such as bacterial SbcD or archaeal/yeast Mre11",P[^P][ILVF][^P][ILVF][TSHDEQNKR],PCLCIH,266,271,NRG2_HUMAN,Homo sapiens,32645368,true positive,27,4,ordered
ELME000237,DOC_PP2B_PxIxIT_1,Calcineurin (PP2B) PxIxIT docking motif,DOC,PxIxIT docking motif in calcineurin substrates that binds the catalytic CNA subunit.,PF00149,Metallophos,Calcineurin-like phosphoesterase,P[^P][ILVF][^P][ILVF][TSHDEQNKR],PCLCIH,266,271,NU153_HUMAN,Homo sapiens,32645368,true positive,27,4,ordered
ELME000237,DOC_PP2B_PxIxIT_1,Calcineurin (PP2B) PxIxIT docking motif,DOC,PxIxIT docking motif in calcineurin substrates that binds the catalytic CNA subunit.,IPR004843,"Calcineurin-like phosphoesterase domain, ApaH type"," This domain is found in a diverse range of phosphoesterases , including bis(5'-nucleosyl)-tetraphosphatase (apaH), nucleotidases, sphingomyelin phosphodiesterases and 2'-3' cAMP phosphodiesterases, as well as nucleases such as bacterial SbcD or archaeal/yeast Mre11",P[^P][ILVF][^P][ILVF][TSHDEQNKR],PCLCIH,266,271,NU153_HUMAN,Homo sapiens,32645368,true positive,27,4,ordered
ELME000237,DOC_PP2B_PxIxIT_1,Calcineurin (PP2B) PxIxIT docking motif,DOC,PxIxIT docking motif in calcineurin substrates that binds the catalytic CNA subunit.,PF00149,Metallophos,Calcineurin-like phosphoesterase,P[^P][ILVF][^P][ILVF][TSHDEQNKR],PCLCIH,266,271,Q65142_ASF,African swine fever virus,11000210,true positive,27,4,ordered
ELME000237,DOC_PP2B_PxIxIT_1,Calcineurin (PP2B) PxIxIT docking motif,DOC,PxIxIT docking motif in calcineurin substrates that binds the catalytic CNA subunit.,IPR004843,"Calcineurin-like phosphoesterase domain, ApaH type"," This domain is found in a diverse range of phosphoesterases , including bis(5'-nucleosyl)-tetraphosphatase (apaH), nucleotidases, sphingomyelin phosphodiesterases and 2'-3' cAMP phosphodiesterases, as well as nucleases such as bacterial SbcD or archaeal/yeast Mre11",P[^P][ILVF][^P][ILVF][TSHDEQNKR],PCLCIH,266,271,Q65142_ASF,African swine fever virus,11000210,true positive,27,4,ordered
ELME000237,DOC_PP2B_PxIxIT_1,Calcineurin (PP2B) PxIxIT docking motif,DOC,PxIxIT docking motif in calcineurin substrates that binds the catalytic CNA subunit.,PF00149,Metallophos,Calcineurin-like phosphoesterase,P[^P][ILVF][^P][ILVF][TSHDEQNKR],PCLCIH,266,271,RCAN1_HUMAN,Homo sapiens,32936779,true positive,27,4,ordered
ELME000237,DOC_PP2B_PxIxIT_1,Calcineurin (PP2B) PxIxIT docking motif,DOC,PxIxIT docking motif in calcineurin substrates that binds the catalytic CNA subunit.,IPR004843,"Calcineurin-like phosphoesterase domain, ApaH type"," This domain is found in a diverse range of phosphoesterases , including bis(5'-nucleosyl)-tetraphosphatase (apaH), nucleotidases, sphingomyelin phosphodiesterases and 2'-3' cAMP phosphodiesterases, as well as nucleases such as bacterial SbcD or archaeal/yeast Mre11",P[^P][ILVF][^P][ILVF][TSHDEQNKR],PCLCIH,266,271,RCAN1_HUMAN,Homo sapiens,32936779,true positive,27,4,ordered
ELME000237,DOC_PP2B_PxIxIT_1,Calcineurin (PP2B) PxIxIT docking motif,DOC,PxIxIT docking motif in calcineurin substrates that binds the catalytic CNA subunit.,PF00149,Metallophos,Calcineurin-like phosphoesterase,P[^P][ILVF][^P][ILVF][TSHDEQNKR],PCLCIH,266,271,RTN1_HUMAN,Homo sapiens,32645368,true positive,27,4,ordered
ELME000237,DOC_PP2B_PxIxIT_1,Calcineurin (PP2B) PxIxIT docking motif,DOC,PxIxIT docking motif in calcineurin substrates that binds the catalytic CNA subunit.,IPR004843,"Calcineurin-like phosphoesterase domain, ApaH type"," This domain is found in a diverse range of phosphoesterases , including bis(5'-nucleosyl)-tetraphosphatase (apaH), nucleotidases, sphingomyelin phosphodiesterases and 2'-3' cAMP phosphodiesterases, as well as nucleases such as bacterial SbcD or archaeal/yeast Mre11",P[^P][ILVF][^P][ILVF][TSHDEQNKR],PCLCIH,266,271,RTN1_HUMAN,Homo sapiens,32645368,true positive,27,4,ordered
ELME000237,DOC_PP2B_PxIxIT_1,Calcineurin (PP2B) PxIxIT docking motif,DOC,PxIxIT docking motif in calcineurin substrates that binds the catalytic CNA subunit.,PF00149,Metallophos,Calcineurin-like phosphoesterase,P[^P][ILVF][^P][ILVF][TSHDEQNKR],PCLCIH,266,271,SL9A1_HUMAN,Homo sapiens,31375679,true positive,27,4,ordered
ELME000237,DOC_PP2B_PxIxIT_1,Calcineurin (PP2B) PxIxIT docking motif,DOC,PxIxIT docking motif in calcineurin substrates that binds the catalytic CNA subunit.,IPR004843,"Calcineurin-like phosphoesterase domain, ApaH type"," This domain is found in a diverse range of phosphoesterases , including bis(5'-nucleosyl)-tetraphosphatase (apaH), nucleotidases, sphingomyelin phosphodiesterases and 2'-3' cAMP phosphodiesterases, as well as nucleases such as bacterial SbcD or archaeal/yeast Mre11",P[^P][ILVF][^P][ILVF][TSHDEQNKR],PCLCIH,266,271,SL9A1_HUMAN,Homo sapiens,31375679,true positive,27,4,ordered
ELME000237,DOC_PP2B_PxIxIT_1,Calcineurin (PP2B) PxIxIT docking motif,DOC,PxIxIT docking motif in calcineurin substrates that binds the catalytic CNA subunit.,PF00149,Metallophos,Calcineurin-like phosphoesterase,P[^P][ILVF][^P][ILVF][TSHDEQNKR],PCLCIH,266,271,SLM1_YEAST,Saccharomyces cerevisiae,16738335,true positive,27,4,ordered
ELME000237,DOC_PP2B_PxIxIT_1,Calcineurin (PP2B) PxIxIT docking motif,DOC,PxIxIT docking motif in calcineurin substrates that binds the catalytic CNA subunit.,IPR004843,"Calcineurin-like phosphoesterase domain, ApaH type"," This domain is found in a diverse range of phosphoesterases , including bis(5'-nucleosyl)-tetraphosphatase (apaH), nucleotidases, sphingomyelin phosphodiesterases and 2'-3' cAMP phosphodiesterases, as well as nucleases such as bacterial SbcD or archaeal/yeast Mre11",P[^P][ILVF][^P][ILVF][TSHDEQNKR],PCLCIH,266,271,SLM1_YEAST,Saccharomyces cerevisiae,16738335,true positive,27,4,ordered
ELME000237,DOC_PP2B_PxIxIT_1,Calcineurin (PP2B) PxIxIT docking motif,DOC,PxIxIT docking motif in calcineurin substrates that binds the catalytic CNA subunit.,PF00149,Metallophos,Calcineurin-like phosphoesterase,P[^P][ILVF][^P][ILVF][TSHDEQNKR],PCLCIH,266,271,SRCRL_HUMAN,Homo sapiens,32645368,true positive,27,4,ordered
ELME000237,DOC_PP2B_PxIxIT_1,Calcineurin (PP2B) PxIxIT docking motif,DOC,PxIxIT docking motif in calcineurin substrates that binds the catalytic CNA subunit.,IPR004843,"Calcineurin-like phosphoesterase domain, ApaH type"," This domain is found in a diverse range of phosphoesterases , including bis(5'-nucleosyl)-tetraphosphatase (apaH), nucleotidases, sphingomyelin phosphodiesterases and 2'-3' cAMP phosphodiesterases, as well as nucleases such as bacterial SbcD or archaeal/yeast Mre11",P[^P][ILVF][^P][ILVF][TSHDEQNKR],PCLCIH,266,271,SRCRL_HUMAN,Homo sapiens,32645368,true positive,27,4,ordered
ELME000237,DOC_PP2B_PxIxIT_1,Calcineurin (PP2B) PxIxIT docking motif,DOC,PxIxIT docking motif in calcineurin substrates that binds the catalytic CNA subunit.,PF00149,Metallophos,Calcineurin-like phosphoesterase,P[^P][ILVF][^P][ILVF][TSHDEQNKR],PCLCIH,266,271,TPR_HUMAN,Homo sapiens,32645368,true positive,27,4,ordered
ELME000237,DOC_PP2B_PxIxIT_1,Calcineurin (PP2B) PxIxIT docking motif,DOC,PxIxIT docking motif in calcineurin substrates that binds the catalytic CNA subunit.,IPR004843,"Calcineurin-like phosphoesterase domain, ApaH type"," This domain is found in a diverse range of phosphoesterases , including bis(5'-nucleosyl)-tetraphosphatase (apaH), nucleotidases, sphingomyelin phosphodiesterases and 2'-3' cAMP phosphodiesterases, as well as nucleases such as bacterial SbcD or archaeal/yeast Mre11",P[^P][ILVF][^P][ILVF][TSHDEQNKR],PCLCIH,266,271,TPR_HUMAN,Homo sapiens,32645368,true positive,27,4,ordered
ELME000237,DOC_PP2B_PxIxIT_1,Calcineurin (PP2B) PxIxIT docking motif,DOC,PxIxIT docking motif in calcineurin substrates that binds the catalytic CNA subunit.,PF00149,Metallophos,Calcineurin-like phosphoesterase,P[^P][ILVF][^P][ILVF][TSHDEQNKR],PCLCIH,266,271,VF238_ASFM2,African swine fever virus Malawi LIL 20/1,23468591,true positive,27,4,ordered
ELME000237,DOC_PP2B_PxIxIT_1,Calcineurin (PP2B) PxIxIT docking motif,DOC,PxIxIT docking motif in calcineurin substrates that binds the catalytic CNA subunit.,IPR004843,"Calcineurin-like phosphoesterase domain, ApaH type"," This domain is found in a diverse range of phosphoesterases , including bis(5'-nucleosyl)-tetraphosphatase (apaH), nucleotidases, sphingomyelin phosphodiesterases and 2'-3' cAMP phosphodiesterases, as well as nucleases such as bacterial SbcD or archaeal/yeast Mre11",P[^P][ILVF][^P][ILVF][TSHDEQNKR],PCLCIH,266,271,VF238_ASFM2,African swine fever virus Malawi LIL 20/1,23468591,true positive,27,4,ordered
ELME000237,DOC_PP2B_PxIxIT_1,Calcineurin (PP2B) PxIxIT docking motif,DOC,PxIxIT docking motif in calcineurin substrates that binds the catalytic CNA subunit.,PF00149,Metallophos,Calcineurin-like phosphoesterase,P[^P][ILVF][^P][ILVF][TSHDEQNKR],PCLCIH,266,271,WNK2_HUMAN,Homo sapiens,32645368,true positive,27,4,ordered
ELME000237,DOC_PP2B_PxIxIT_1,Calcineurin (PP2B) PxIxIT docking motif,DOC,PxIxIT docking motif in calcineurin substrates that binds the catalytic CNA subunit.,IPR004843,"Calcineurin-like phosphoesterase domain, ApaH type"," This domain is found in a diverse range of phosphoesterases , including bis(5'-nucleosyl)-tetraphosphatase (apaH), nucleotidases, sphingomyelin phosphodiesterases and 2'-3' cAMP phosphodiesterases, as well as nucleases such as bacterial SbcD or archaeal/yeast Mre11",P[^P][ILVF][^P][ILVF][TSHDEQNKR],PCLCIH,266,271,WNK2_HUMAN,Homo sapiens,32645368,true positive,27,4,ordered
ELME000477,DOC_PP4_FxxP_1,PP4 EVH1-binding docking motifs,DOC,The FxxP-like docking motif recognized by the EVH1 domains of the PPP4R3 regulatory subunits of the PP4 holoenzyme,PF00568,WH1,WH1 domain,F..P,FPLP,295,298,CCDC6_HUMAN,Homo sapiens,31585692,true positive,15,0,ordered
ELME000477,DOC_PP4_FxxP_1,PP4 EVH1-binding docking motifs,DOC,The FxxP-like docking motif recognized by the EVH1 domains of the PPP4R3 regulatory subunits of the PP4 holoenzyme,PF00568,WH1,WH1 domain,F..P,FPLP,295,298,CND1_HUMAN,Homo sapiens,31585692,true positive,15,0,ordered
ELME000477,DOC_PP4_FxxP_1,PP4 EVH1-binding docking motifs,DOC,The FxxP-like docking motif recognized by the EVH1 domains of the PPP4R3 regulatory subunits of the PP4 holoenzyme,PF00568,WH1,WH1 domain,F..P,FPLP,295,298,CNTRB_HUMAN,Homo sapiens,31585692,true positive,15,0,ordered
ELME000477,DOC_PP4_FxxP_1,PP4 EVH1-binding docking motifs,DOC,The FxxP-like docking motif recognized by the EVH1 domains of the PPP4R3 regulatory subunits of the PP4 holoenzyme,PF00568,WH1,WH1 domain,F..P,FPLP,295,298,MELK_HUMAN,Homo sapiens,31585692,true positive,15,0,ordered
ELME000477,DOC_PP4_FxxP_1,PP4 EVH1-binding docking motifs,DOC,The FxxP-like docking motif recognized by the EVH1 domains of the PPP4R3 regulatory subunits of the PP4 holoenzyme,PF00568,WH1,WH1 domain,F..P,FPLP,295,298,MPIP1_HUMAN,Homo sapiens,31585692,true positive,15,0,ordered
ELME000477,DOC_PP4_FxxP_1,PP4 EVH1-binding docking motifs,DOC,The FxxP-like docking motif recognized by the EVH1 domains of the PPP4R3 regulatory subunits of the PP4 holoenzyme,PF00568,WH1,WH1 domain,F..P,FPLP,295,298,MPIP2_HUMAN,Homo sapiens,31585692,true positive,15,0,ordered
ELME000477,DOC_PP4_FxxP_1,PP4 EVH1-binding docking motifs,DOC,The FxxP-like docking motif recognized by the EVH1 domains of the PPP4R3 regulatory subunits of the PP4 holoenzyme,PF00568,WH1,WH1 domain,F..P,FPLP,295,298,NADAP_HUMAN,Homo sapiens,31585692,true positive,15,0,ordered
ELME000477,DOC_PP4_FxxP_1,PP4 EVH1-binding docking motifs,DOC,The FxxP-like docking motif recognized by the EVH1 domains of the PPP4R3 regulatory subunits of the PP4 holoenzyme,PF00568,WH1,WH1 domain,F..P,FPLP,295,298,PCDB8_HUMAN,Homo sapiens,31585692,true positive,15,0,ordered
ELME000477,DOC_PP4_FxxP_1,PP4 EVH1-binding docking motifs,DOC,The FxxP-like docking motif recognized by the EVH1 domains of the PPP4R3 regulatory subunits of the PP4 holoenzyme,PF00568,WH1,WH1 domain,F..P,FPLP,295,298,PCDGM_HUMAN,Homo sapiens,31585692,true positive,15,0,ordered
ELME000477,DOC_PP4_FxxP_1,PP4 EVH1-binding docking motifs,DOC,The FxxP-like docking motif recognized by the EVH1 domains of the PPP4R3 regulatory subunits of the PP4 holoenzyme,PF00568,WH1,WH1 domain,F..P,FPLP,295,298,PRP16_HUMAN,Homo sapiens,31585692,true positive,15,0,ordered
ELME000477,DOC_PP4_FxxP_1,PP4 EVH1-binding docking motifs,DOC,The FxxP-like docking motif recognized by the EVH1 domains of the PPP4R3 regulatory subunits of the PP4 holoenzyme,PF00568,WH1,WH1 domain,F..P,FPLP,295,298,Q9VHP9_DROME,Drosophila melanogaster,25562660,true positive,15,0,ordered
ELME000477,DOC_PP4_FxxP_1,PP4 EVH1-binding docking motifs,DOC,The FxxP-like docking motif recognized by the EVH1 domains of the PPP4R3 regulatory subunits of the PP4 holoenzyme,PF00568,WH1,WH1 domain,F..P,FPLP,295,298,SETX_HUMAN,Homo sapiens,31585692,true positive,15,0,ordered
ELME000477,DOC_PP4_FxxP_1,PP4 EVH1-binding docking motifs,DOC,The FxxP-like docking motif recognized by the EVH1 domains of the PPP4R3 regulatory subunits of the PP4 holoenzyme,PF00568,WH1,WH1 domain,F..P,FPLP,295,298,VAV_HUMAN,Homo sapiens,31585692,true positive,15,0,ordered
ELME000477,DOC_PP4_FxxP_1,PP4 EVH1-binding docking motifs,DOC,The FxxP-like docking motif recognized by the EVH1 domains of the PPP4R3 regulatory subunits of the PP4 holoenzyme,PF00568,WH1,WH1 domain,F..P,FPLP,295,298,WAPL_HUMAN,Homo sapiens,31585692,true positive,15,0,ordered
ELME000477,DOC_PP4_FxxP_1,PP4 EVH1-binding docking motifs,DOC,The FxxP-like docking motif recognized by the EVH1 domains of the PPP4R3 regulatory subunits of the PP4 holoenzyme,PF00568,WH1,WH1 domain,F..P,FPLP,295,298,YAP1_HUMAN,Homo sapiens,31585692,true positive,15,0,ordered
ELME000477,DOC_PP4_FxxP_1,PP4 EVH1-binding docking motifs,DOC,The FxxP-like docking motif recognized by the EVH1 domains of the PPP4R3 regulatory subunits of the PP4 holoenzyme,PF00568,WH1,WH1 domain,F..P,FRNP,465,468,CCDC6_HUMAN,Homo sapiens,31585692,true positive,15,0,disordered
ELME000477,DOC_PP4_FxxP_1,PP4 EVH1-binding docking motifs,DOC,The FxxP-like docking motif recognized by the EVH1 domains of the PPP4R3 regulatory subunits of the PP4 holoenzyme,PF00568,WH1,WH1 domain,F..P,FRNP,465,468,CND1_HUMAN,Homo sapiens,31585692,true positive,15,0,disordered
ELME000477,DOC_PP4_FxxP_1,PP4 EVH1-binding docking motifs,DOC,The FxxP-like docking motif recognized by the EVH1 domains of the PPP4R3 regulatory subunits of the PP4 holoenzyme,PF00568,WH1,WH1 domain,F..P,FRNP,465,468,CNTRB_HUMAN,Homo sapiens,31585692,true positive,15,0,disordered
ELME000477,DOC_PP4_FxxP_1,PP4 EVH1-binding docking motifs,DOC,The FxxP-like docking motif recognized by the EVH1 domains of the PPP4R3 regulatory subunits of the PP4 holoenzyme,PF00568,WH1,WH1 domain,F..P,FRNP,465,468,MELK_HUMAN,Homo sapiens,31585692,true positive,15,0,disordered
ELME000477,DOC_PP4_FxxP_1,PP4 EVH1-binding docking motifs,DOC,The FxxP-like docking motif recognized by the EVH1 domains of the PPP4R3 regulatory subunits of the PP4 holoenzyme,PF00568,WH1,WH1 domain,F..P,FRNP,465,468,MPIP1_HUMAN,Homo sapiens,31585692,true positive,15,0,disordered
ELME000477,DOC_PP4_FxxP_1,PP4 EVH1-binding docking motifs,DOC,The FxxP-like docking motif recognized by the EVH1 domains of the PPP4R3 regulatory subunits of the PP4 holoenzyme,PF00568,WH1,WH1 domain,F..P,FRNP,465,468,MPIP2_HUMAN,Homo sapiens,31585692,true positive,15,0,disordered
ELME000477,DOC_PP4_FxxP_1,PP4 EVH1-binding docking motifs,DOC,The FxxP-like docking motif recognized by the EVH1 domains of the PPP4R3 regulatory subunits of the PP4 holoenzyme,PF00568,WH1,WH1 domain,F..P,FRNP,465,468,NADAP_HUMAN,Homo sapiens,31585692,true positive,15,0,disordered
ELME000477,DOC_PP4_FxxP_1,PP4 EVH1-binding docking motifs,DOC,The FxxP-like docking motif recognized by the EVH1 domains of the PPP4R3 regulatory subunits of the PP4 holoenzyme,PF00568,WH1,WH1 domain,F..P,FRNP,465,468,PCDB8_HUMAN,Homo sapiens,31585692,true positive,15,0,disordered
ELME000477,DOC_PP4_FxxP_1,PP4 EVH1-binding docking motifs,DOC,The FxxP-like docking motif recognized by the EVH1 domains of the PPP4R3 regulatory subunits of the PP4 holoenzyme,PF00568,WH1,WH1 domain,F..P,FRNP,465,468,PCDGM_HUMAN,Homo sapiens,31585692,true positive,15,0,disordered
ELME000477,DOC_PP4_FxxP_1,PP4 EVH1-binding docking motifs,DOC,The FxxP-like docking motif recognized by the EVH1 domains of the PPP4R3 regulatory subunits of the PP4 holoenzyme,PF00568,WH1,WH1 domain,F..P,FRNP,465,468,PRP16_HUMAN,Homo sapiens,31585692,true positive,15,0,disordered
ELME000477,DOC_PP4_FxxP_1,PP4 EVH1-binding docking motifs,DOC,The FxxP-like docking motif recognized by the EVH1 domains of the PPP4R3 regulatory subunits of the PP4 holoenzyme,PF00568,WH1,WH1 domain,F..P,FRNP,465,468,Q9VHP9_DROME,Drosophila melanogaster,25562660,true positive,15,0,disordered
ELME000477,DOC_PP4_FxxP_1,PP4 EVH1-binding docking motifs,DOC,The FxxP-like docking motif recognized by the EVH1 domains of the PPP4R3 regulatory subunits of the PP4 holoenzyme,PF00568,WH1,WH1 domain,F..P,FRNP,465,468,SETX_HUMAN,Homo sapiens,31585692,true positive,15,0,disordered
ELME000477,DOC_PP4_FxxP_1,PP4 EVH1-binding docking motifs,DOC,The FxxP-like docking motif recognized by the EVH1 domains of the PPP4R3 regulatory subunits of the PP4 holoenzyme,PF00568,WH1,WH1 domain,F..P,FRNP,465,468,VAV_HUMAN,Homo sapiens,31585692,true positive,15,0,disordered
ELME000477,DOC_PP4_FxxP_1,PP4 EVH1-binding docking motifs,DOC,The FxxP-like docking motif recognized by the EVH1 domains of the PPP4R3 regulatory subunits of the PP4 holoenzyme,PF00568,WH1,WH1 domain,F..P,FRNP,465,468,WAPL_HUMAN,Homo sapiens,31585692,true positive,15,0,disordered
ELME000477,DOC_PP4_FxxP_1,PP4 EVH1-binding docking motifs,DOC,The FxxP-like docking motif recognized by the EVH1 domains of the PPP4R3 regulatory subunits of the PP4 holoenzyme,PF00568,WH1,WH1 domain,F..P,FRNP,465,468,YAP1_HUMAN,Homo sapiens,31585692,true positive,15,0,disordered
ELME000239,DOC_USP7_MATH_1,USP7 binding motif,DOC,The USP7 MATH domain binding motif variant based on the MDM2 and p53 interactions.,PF00917,MATH,MATH domain,[PA][^P][^FYWIL]S[^P],AANSR,22,26,MDM2_HUMAN,Homo sapiens,16474402,true positive,10,6,ordered
ELME000239,DOC_USP7_MATH_1,USP7 binding motif,DOC,The USP7 MATH domain binding motif variant based on the MDM2 and p53 interactions.,PF00917,MATH,MATH domain,[PA][^P][^FYWIL]S[^P],AANSR,22,26,MDM2_HUMAN,Homo sapiens,16402859,true positive,10,6,ordered
ELME000239,DOC_USP7_MATH_1,USP7 binding motif,DOC,The USP7 MATH domain binding motif variant based on the MDM2 and p53 interactions.,PF00917,MATH,MATH domain,[PA][^P][^FYWIL]S[^P],AANSR,22,26,MDM2_HUMAN,Homo sapiens,20713061,true positive,10,6,ordered
ELME000239,DOC_USP7_MATH_1,USP7 binding motif,DOC,The USP7 MATH domain binding motif variant based on the MDM2 and p53 interactions.,PF00917,MATH,MATH domain,[PA][^P][^FYWIL]S[^P],AANSR,22,26,MDM4_HUMAN,Homo sapiens,20713061,true positive,10,6,ordered
ELME000239,DOC_USP7_MATH_1,USP7 binding motif,DOC,The USP7 MATH domain binding motif variant based on the MDM2 and p53 interactions.,PF00917,MATH,MATH domain,[PA][^P][^FYWIL]S[^P],AANSR,22,26,P53_HUMAN,Homo sapiens,16474402 16402859,true positive,10,6,ordered
ELME000239,DOC_USP7_MATH_1,USP7 binding motif,DOC,The USP7 MATH domain binding motif variant based on the MDM2 and p53 interactions.,PF00917,MATH,MATH domain,[PA][^P][^FYWIL]S[^P],AANSR,22,26,P53_HUMAN,Homo sapiens,16474402,true positive,10,6,ordered
ELME000239,DOC_USP7_MATH_1,USP7 binding motif,DOC,The USP7 MATH domain binding motif variant based on the MDM2 and p53 interactions.,PF00917,MATH,MATH domain,[PA][^P][^FYWIL]S[^P],AYESI,88,92,MDM2_HUMAN,Homo sapiens,16474402,true positive,10,6,ordered
ELME000239,DOC_USP7_MATH_1,USP7 binding motif,DOC,The USP7 MATH domain binding motif variant based on the MDM2 and p53 interactions.,PF00917,MATH,MATH domain,[PA][^P][^FYWIL]S[^P],AYESI,88,92,MDM2_HUMAN,Homo sapiens,16402859,true positive,10,6,ordered
ELME000239,DOC_USP7_MATH_1,USP7 binding motif,DOC,The USP7 MATH domain binding motif variant based on the MDM2 and p53 interactions.,PF00917,MATH,MATH domain,[PA][^P][^FYWIL]S[^P],AYESI,88,92,MDM2_HUMAN,Homo sapiens,20713061,true positive,10,6,ordered
ELME000239,DOC_USP7_MATH_1,USP7 binding motif,DOC,The USP7 MATH domain binding motif variant based on the MDM2 and p53 interactions.,PF00917,MATH,MATH domain,[PA][^P][^FYWIL]S[^P],AYESI,88,92,MDM4_HUMAN,Homo sapiens,20713061,true positive,10,6,ordered
ELME000239,DOC_USP7_MATH_1,USP7 binding motif,DOC,The USP7 MATH domain binding motif variant based on the MDM2 and p53 interactions.,PF00917,MATH,MATH domain,[PA][^P][^FYWIL]S[^P],AYESI,88,92,P53_HUMAN,Homo sapiens,16474402 16402859,true positive,10,6,ordered
ELME000239,DOC_USP7_MATH_1,USP7 binding motif,DOC,The USP7 MATH domain binding motif variant based on the MDM2 and p53 interactions.,PF00917,MATH,MATH domain,[PA][^P][^FYWIL]S[^P],AYESI,88,92,P53_HUMAN,Homo sapiens,16474402,true positive,10,6,ordered
ELME000239,DOC_USP7_MATH_1,USP7 binding motif,DOC,The USP7 MATH domain binding motif variant based on the MDM2 and p53 interactions.,PF00917,MATH,MATH domain,[PA][^P][^FYWIL]S[^P],PKSSL,185,189,MDM2_HUMAN,Homo sapiens,16474402,true positive,10,6,ordered
ELME000239,DOC_USP7_MATH_1,USP7 binding motif,DOC,The USP7 MATH domain binding motif variant based on the MDM2 and p53 interactions.,PF00917,MATH,MATH domain,[PA][^P][^FYWIL]S[^P],PKSSL,185,189,MDM2_HUMAN,Homo sapiens,16402859,true positive,10,6,ordered
ELME000239,DOC_USP7_MATH_1,USP7 binding motif,DOC,The USP7 MATH domain binding motif variant based on the MDM2 and p53 interactions.,PF00917,MATH,MATH domain,[PA][^P][^FYWIL]S[^P],PKSSL,185,189,MDM2_HUMAN,Homo sapiens,20713061,true positive,10,6,ordered
ELME000239,DOC_USP7_MATH_1,USP7 binding motif,DOC,The USP7 MATH domain binding motif variant based on the MDM2 and p53 interactions.,PF00917,MATH,MATH domain,[PA][^P][^FYWIL]S[^P],PKSSL,185,189,MDM4_HUMAN,Homo sapiens,20713061,true positive,10,6,ordered
ELME000239,DOC_USP7_MATH_1,USP7 binding motif,DOC,The USP7 MATH domain binding motif variant based on the MDM2 and p53 interactions.,PF00917,MATH,MATH domain,[PA][^P][^FYWIL]S[^P],PKSSL,185,189,P53_HUMAN,Homo sapiens,16474402 16402859,true positive,10,6,ordered
ELME000239,DOC_USP7_MATH_1,USP7 binding motif,DOC,The USP7 MATH domain binding motif variant based on the MDM2 and p53 interactions.,PF00917,MATH,MATH domain,[PA][^P][^FYWIL]S[^P],PKSSL,185,189,P53_HUMAN,Homo sapiens,16474402,true positive,10,6,ordered
ELME000239,DOC_USP7_MATH_1,USP7 binding motif,DOC,The USP7 MATH domain binding motif variant based on the MDM2 and p53 interactions.,PF00917,MATH,MATH domain,[PA][^P][^FYWIL]S[^P],PSVSS,404,408,MDM2_HUMAN,Homo sapiens,16474402,true positive,10,6,disordered
ELME000239,DOC_USP7_MATH_1,USP7 binding motif,DOC,The USP7 MATH domain binding motif variant based on the MDM2 and p53 interactions.,PF00917,MATH,MATH domain,[PA][^P][^FYWIL]S[^P],PSVSS,404,408,MDM2_HUMAN,Homo sapiens,16402859,true positive,10,6,disordered
ELME000239,DOC_USP7_MATH_1,USP7 binding motif,DOC,The USP7 MATH domain binding motif variant based on the MDM2 and p53 interactions.,PF00917,MATH,MATH domain,[PA][^P][^FYWIL]S[^P],PSVSS,404,408,MDM2_HUMAN,Homo sapiens,20713061,true positive,10,6,disordered
ELME000239,DOC_USP7_MATH_1,USP7 binding motif,DOC,The USP7 MATH domain binding motif variant based on the MDM2 and p53 interactions.,PF00917,MATH,MATH domain,[PA][^P][^FYWIL]S[^P],PSVSS,404,408,MDM4_HUMAN,Homo sapiens,20713061,true positive,10,6,disordered
ELME000239,DOC_USP7_MATH_1,USP7 binding motif,DOC,The USP7 MATH domain binding motif variant based on the MDM2 and p53 interactions.,PF00917,MATH,MATH domain,[PA][^P][^FYWIL]S[^P],PSVSS,404,408,P53_HUMAN,Homo sapiens,16474402 16402859,true positive,10,6,disordered
ELME000239,DOC_USP7_MATH_1,USP7 binding motif,DOC,The USP7 MATH domain binding motif variant based on the MDM2 and p53 interactions.,PF00917,MATH,MATH domain,[PA][^P][^FYWIL]S[^P],PSVSS,404,408,P53_HUMAN,Homo sapiens,16474402,true positive,10,6,disordered
ELME000239,DOC_USP7_MATH_1,USP7 binding motif,DOC,The USP7 MATH domain binding motif variant based on the MDM2 and p53 interactions.,PF00917,MATH,MATH domain,[PA][^P][^FYWIL]S[^P],PHASD,413,417,MDM2_HUMAN,Homo sapiens,16474402,true positive,10,6,inbetween
ELME000239,DOC_USP7_MATH_1,USP7 binding motif,DOC,The USP7 MATH domain binding motif variant based on the MDM2 and p53 interactions.,PF00917,MATH,MATH domain,[PA][^P][^FYWIL]S[^P],PHASD,413,417,MDM2_HUMAN,Homo sapiens,16402859,true positive,10,6,inbetween
ELME000239,DOC_USP7_MATH_1,USP7 binding motif,DOC,The USP7 MATH domain binding motif variant based on the MDM2 and p53 interactions.,PF00917,MATH,MATH domain,[PA][^P][^FYWIL]S[^P],PHASD,413,417,MDM2_HUMAN,Homo sapiens,20713061,true positive,10,6,inbetween
ELME000239,DOC_USP7_MATH_1,USP7 binding motif,DOC,The USP7 MATH domain binding motif variant based on the MDM2 and p53 interactions.,PF00917,MATH,MATH domain,[PA][^P][^FYWIL]S[^P],PHASD,413,417,MDM4_HUMAN,Homo sapiens,20713061,true positive,10,6,inbetween
ELME000239,DOC_USP7_MATH_1,USP7 binding motif,DOC,The USP7 MATH domain binding motif variant based on the MDM2 and p53 interactions.,PF00917,MATH,MATH domain,[PA][^P][^FYWIL]S[^P],PHASD,413,417,P53_HUMAN,Homo sapiens,16474402 16402859,true positive,10,6,inbetween
ELME000239,DOC_USP7_MATH_1,USP7 binding motif,DOC,The USP7 MATH domain binding motif variant based on the MDM2 and p53 interactions.,PF00917,MATH,MATH domain,[PA][^P][^FYWIL]S[^P],PHASD,413,417,P53_HUMAN,Homo sapiens,16474402,true positive,10,6,inbetween
ELME000239,DOC_USP7_MATH_1,USP7 binding motif,DOC,The USP7 MATH domain binding motif variant based on the MDM2 and p53 interactions.,PF00917,MATH,MATH domain,[PA][^P][^FYWIL]S[^P],PSRSA,515,519,MDM2_HUMAN,Homo sapiens,16474402,true positive,10,6,disordered
ELME000239,DOC_USP7_MATH_1,USP7 binding motif,DOC,The USP7 MATH domain binding motif variant based on the MDM2 and p53 interactions.,PF00917,MATH,MATH domain,[PA][^P][^FYWIL]S[^P],PSRSA,515,519,MDM2_HUMAN,Homo sapiens,16402859,true positive,10,6,disordered
ELME000239,DOC_USP7_MATH_1,USP7 binding motif,DOC,The USP7 MATH domain binding motif variant based on the MDM2 and p53 interactions.,PF00917,MATH,MATH domain,[PA][^P][^FYWIL]S[^P],PSRSA,515,519,MDM2_HUMAN,Homo sapiens,20713061,true positive,10,6,disordered
ELME000239,DOC_USP7_MATH_1,USP7 binding motif,DOC,The USP7 MATH domain binding motif variant based on the MDM2 and p53 interactions.,PF00917,MATH,MATH domain,[PA][^P][^FYWIL]S[^P],PSRSA,515,519,MDM4_HUMAN,Homo sapiens,20713061,true positive,10,6,disordered
ELME000239,DOC_USP7_MATH_1,USP7 binding motif,DOC,The USP7 MATH domain binding motif variant based on the MDM2 and p53 interactions.,PF00917,MATH,MATH domain,[PA][^P][^FYWIL]S[^P],PSRSA,515,519,P53_HUMAN,Homo sapiens,16474402 16402859,true positive,10,6,disordered
ELME000239,DOC_USP7_MATH_1,USP7 binding motif,DOC,The USP7 MATH domain binding motif variant based on the MDM2 and p53 interactions.,PF00917,MATH,MATH domain,[PA][^P][^FYWIL]S[^P],PSRSA,515,519,P53_HUMAN,Homo sapiens,16474402,true positive,10,6,disordered
ELME000394,DOC_USP7_UBL2_3,USP7 binding motif,DOC,The USP7 CTD domain binding motif variant based on the ICP0 and DNMT1 interactions,PF12436,USP7_ICP0_bdg,ICP0-binding domain of Ubiquitin-specific protease 7,K...K,KGAAK,59,63,ATX1_HUMAN,Homo sapiens,12093161,unknown,7,2,ordered
ELME000394,DOC_USP7_UBL2_3,USP7 binding motif,DOC,The USP7 CTD domain binding motif variant based on the ICP0 and DNMT1 interactions,PF12436,USP7_ICP0_bdg,ICP0-binding domain of Ubiquitin-specific protease 7,K...K,KGAAK,59,63,DNMT1_HUMAN,Homo sapiens,25960197,true positive,7,2,ordered
ELME000394,DOC_USP7_UBL2_3,USP7 binding motif,DOC,The USP7 CTD domain binding motif variant based on the ICP0 and DNMT1 interactions,PF12436,USP7_ICP0_bdg,ICP0-binding domain of Ubiquitin-specific protease 7,K...K,KGAAK,59,63,GUAA_HUMAN,Homo sapiens,26046769,true positive,7,2,ordered
ELME000394,DOC_USP7_UBL2_3,USP7 binding motif,DOC,The USP7 CTD domain binding motif variant based on the ICP0 and DNMT1 interactions,PF12436,USP7_ICP0_bdg,ICP0-binding domain of Ubiquitin-specific protease 7,K...K,KGAAK,59,63,ICP0_HHV11,Herpes simplex virus (type 1 / strain 17),26046769,true positive,7,2,ordered
ELME000394,DOC_USP7_UBL2_3,USP7 binding motif,DOC,The USP7 CTD domain binding motif variant based on the ICP0 and DNMT1 interactions,PF12436,USP7_ICP0_bdg,ICP0-binding domain of Ubiquitin-specific protease 7,K...K,KGAAK,59,63,MDM2_HUMAN,Homo sapiens,20816748,unknown,7,2,ordered
ELME000394,DOC_USP7_UBL2_3,USP7 binding motif,DOC,The USP7 CTD domain binding motif variant based on the ICP0 and DNMT1 interactions,PF12436,USP7_ICP0_bdg,ICP0-binding domain of Ubiquitin-specific protease 7,K...K,KGAAK,59,63,P53_HUMAN,Homo sapiens,20816748,unknown,7,2,ordered
ELME000394,DOC_USP7_UBL2_3,USP7 binding motif,DOC,The USP7 CTD domain binding motif variant based on the ICP0 and DNMT1 interactions,PF12436,USP7_ICP0_bdg,ICP0-binding domain of Ubiquitin-specific protease 7,K...K,KGAAK,59,63,UHRF1_HUMAN,Homo sapiens,26046769,true positive,7,2,ordered
ELME000136,DOC_WW_Pin1_4,WW domain ligands,DOC,The Class IV WW domain interaction motif is recognised primarily by the Pin1 phosphorylation-dependent prolyl isomerase.,PF00397,WW,WW domain,...([ST])P.,EASTPP,257,262,A4_HUMAN,Homo sapiens,16139797,true positive,96,1,inbetween
ELME000136,DOC_WW_Pin1_4,WW domain ligands,DOC,The Class IV WW domain interaction motif is recognised primarily by the Pin1 phosphorylation-dependent prolyl isomerase.,PF00397,WW,WW domain,...([ST])P.,EASTPP,257,262,A4_HUMAN,Homo sapiens,19602287,true positive,96,1,inbetween
ELME000136,DOC_WW_Pin1_4,WW domain ligands,DOC,The Class IV WW domain interaction motif is recognised primarily by the Pin1 phosphorylation-dependent prolyl isomerase.,PF00397,WW,WW domain,...([ST])P.,EASTPP,257,262,AATF_HUMAN,Homo sapiens,17468107,true positive,96,1,inbetween
ELME000136,DOC_WW_Pin1_4,WW domain ligands,DOC,The Class IV WW domain interaction motif is recognised primarily by the Pin1 phosphorylation-dependent prolyl isomerase.,PF00397,WW,WW domain,...([ST])P.,EASTPP,257,262,AGL24_ARATH,Arabidopsis thaliana,20129060,true positive,96,1,inbetween
ELME000136,DOC_WW_Pin1_4,WW domain ligands,DOC,The Class IV WW domain interaction motif is recognised primarily by the Pin1 phosphorylation-dependent prolyl isomerase.,PF00397,WW,WW domain,...([ST])P.,EASTPP,257,262,AKT1_HUMAN,Homo sapiens,19448664,true positive,96,1,inbetween
ELME000136,DOC_WW_Pin1_4,WW domain ligands,DOC,The Class IV WW domain interaction motif is recognised primarily by the Pin1 phosphorylation-dependent prolyl isomerase.,PF00397,WW,WW domain,...([ST])P.,EASTPP,257,262,ARBK1_MOUSE,Mus musculus,20080565,true positive,96,1,inbetween
ELME000136,DOC_WW_Pin1_4,WW domain ligands,DOC,The Class IV WW domain interaction motif is recognised primarily by the Pin1 phosphorylation-dependent prolyl isomerase.,PF00397,WW,WW domain,...([ST])P.,EASTPP,257,262,B2L11_MOUSE,Mus musculus,1650491,true positive,96,1,inbetween
ELME000136,DOC_WW_Pin1_4,WW domain ligands,DOC,The Class IV WW domain interaction motif is recognised primarily by the Pin1 phosphorylation-dependent prolyl isomerase.,PF00397,WW,WW domain,...([ST])P.,EASTPP,257,262,BTG2_HUMAN,Homo sapiens,15788397,true positive,96,1,inbetween
ELME000136,DOC_WW_Pin1_4,WW domain ligands,DOC,The Class IV WW domain interaction motif is recognised primarily by the Pin1 phosphorylation-dependent prolyl isomerase.,PF00397,WW,WW domain,...([ST])P.,EASTPP,257,262,BTK_MOUSE,Mus musculus,16644721,true positive,96,1,inbetween
ELME000136,DOC_WW_Pin1_4,WW domain ligands,DOC,The Class IV WW domain interaction motif is recognised primarily by the Pin1 phosphorylation-dependent prolyl isomerase.,PF00397,WW,WW domain,...([ST])P.,EASTPP,257,262,CCND1_MOUSE,Mus musculus,11805292,true positive,96,1,inbetween
ELME000136,DOC_WW_Pin1_4,WW domain ligands,DOC,The Class IV WW domain interaction motif is recognised primarily by the Pin1 phosphorylation-dependent prolyl isomerase.,PF00397,WW,WW domain,...([ST])P.,EASTPP,257,262,CCNE1_MOUSE,Mus musculus,16223725,true positive,96,1,inbetween
ELME000136,DOC_WW_Pin1_4,WW domain ligands,DOC,The Class IV WW domain interaction motif is recognised primarily by the Pin1 phosphorylation-dependent prolyl isomerase.,PF00397,WW,WW domain,...([ST])P.,EASTPP,257,262,CDN1B_HUMAN,Homo sapiens,19584057,true positive,96,1,inbetween
ELME000136,DOC_WW_Pin1_4,WW domain ligands,DOC,The Class IV WW domain interaction motif is recognised primarily by the Pin1 phosphorylation-dependent prolyl isomerase.,PF00397,WW,WW domain,...([ST])P.,EASTPP,257,262,CEP55_MOUSE,Mus musculus,19638580,true positive,96,1,inbetween
ELME000136,DOC_WW_Pin1_4,WW domain ligands,DOC,The Class IV WW domain interaction motif is recognised primarily by the Pin1 phosphorylation-dependent prolyl isomerase.,PF00397,WW,WW domain,...([ST])P.,EASTPP,257,262,CRTC2_MOUSE,Mus musculus,20675384,true positive,96,1,inbetween
ELME000136,DOC_WW_Pin1_4,WW domain ligands,DOC,The Class IV WW domain interaction motif is recognised primarily by the Pin1 phosphorylation-dependent prolyl isomerase.,PF00397,WW,WW domain,...([ST])P.,EASTPP,257,262,CTNB1_HUMAN,Homo sapiens,11533658,true positive,96,1,inbetween
ELME000136,DOC_WW_Pin1_4,WW domain ligands,DOC,The Class IV WW domain interaction motif is recognised primarily by the Pin1 phosphorylation-dependent prolyl isomerase.,PF00397,WW,WW domain,...([ST])P.,EASTPP,257,262,DAXX_HUMAN,Homo sapiens,17938171,true positive,96,1,inbetween
ELME000136,DOC_WW_Pin1_4,WW domain ligands,DOC,The Class IV WW domain interaction motif is recognised primarily by the Pin1 phosphorylation-dependent prolyl isomerase.,PF00397,WW,WW domain,...([ST])P.,EASTPP,257,262,FAK1_HUMAN,Homo sapiens,19595712,true positive,96,1,inbetween
ELME000136,DOC_WW_Pin1_4,WW domain ligands,DOC,The Class IV WW domain interaction motif is recognised primarily by the Pin1 phosphorylation-dependent prolyl isomerase.,PF00397,WW,WW domain,...([ST])P.,EASTPP,257,262,FAK1_MOUSE,Mus musculus,19595712,true positive,96,1,inbetween
ELME000136,DOC_WW_Pin1_4,WW domain ligands,DOC,The Class IV WW domain interaction motif is recognised primarily by the Pin1 phosphorylation-dependent prolyl isomerase.,PF00397,WW,WW domain,...([ST])P.,EASTPP,257,262,FBX5A_XENLA,Xenopus laevis,17159919,true positive,96,1,inbetween
ELME000136,DOC_WW_Pin1_4,WW domain ligands,DOC,The Class IV WW domain interaction motif is recognised primarily by the Pin1 phosphorylation-dependent prolyl isomerase.,PF00397,WW,WW domain,...([ST])P.,EASTPP,257,262,FBXW7_HUMAN,Homo sapiens,22608923,true positive,96,1,inbetween
ELME000136,DOC_WW_Pin1_4,WW domain ligands,DOC,The Class IV WW domain interaction motif is recognised primarily by the Pin1 phosphorylation-dependent prolyl isomerase.,PF00397,WW,WW domain,...([ST])P.,EASTPP,257,262,FOS_MOUSE,Mus musculus,16123044,true positive,96,1,inbetween
ELME000136,DOC_WW_Pin1_4,WW domain ligands,DOC,The Class IV WW domain interaction motif is recognised primarily by the Pin1 phosphorylation-dependent prolyl isomerase.,PF00397,WW,WW domain,...([ST])P.,EASTPP,257,262,FUBP2_HUMAN,Homo sapiens,19770516,true positive,96,1,inbetween
ELME000136,DOC_WW_Pin1_4,WW domain ligands,DOC,The Class IV WW domain interaction motif is recognised primarily by the Pin1 phosphorylation-dependent prolyl isomerase.,PF00397,WW,WW domain,...([ST])P.,EASTPP,257,262,GEPH_MOUSE,Mus musculus,17347650,true positive,96,1,inbetween
ELME000136,DOC_WW_Pin1_4,WW domain ligands,DOC,The Class IV WW domain interaction motif is recognised primarily by the Pin1 phosphorylation-dependent prolyl isomerase.,PF00397,WW,WW domain,...([ST])P.,EASTPP,257,262,IRF3_HUMAN,Homo sapiens,16699525,true positive,96,1,inbetween
ELME000136,DOC_WW_Pin1_4,WW domain ligands,DOC,The Class IV WW domain interaction motif is recognised primarily by the Pin1 phosphorylation-dependent prolyl isomerase.,PF00397,WW,WW domain,...([ST])P.,EASTPP,257,262,IRS1_HUMAN,Homo sapiens,21454638,true positive,96,1,inbetween
ELME000136,DOC_WW_Pin1_4,WW domain ligands,DOC,The Class IV WW domain interaction motif is recognised primarily by the Pin1 phosphorylation-dependent prolyl isomerase.,PF00397,WW,WW domain,...([ST])P.,EASTPP,257,262,JUN_HUMAN,Homo sapiens,11432833,true positive,96,1,inbetween
ELME000136,DOC_WW_Pin1_4,WW domain ligands,DOC,The Class IV WW domain interaction motif is recognised primarily by the Pin1 phosphorylation-dependent prolyl isomerase.,PF00397,WW,WW domain,...([ST])P.,EASTPP,257,262,KI20B_HUMAN,Homo sapiens,11470801,true positive,96,1,inbetween
ELME000136,DOC_WW_Pin1_4,WW domain ligands,DOC,The Class IV WW domain interaction motif is recognised primarily by the Pin1 phosphorylation-dependent prolyl isomerase.,PF00397,WW,WW domain,...([ST])P.,EASTPP,257,262,MEF2C_MOUSE,Mus musculus,20801874,true positive,96,1,inbetween
ELME000136,DOC_WW_Pin1_4,WW domain ligands,DOC,The Class IV WW domain interaction motif is recognised primarily by the Pin1 phosphorylation-dependent prolyl isomerase.,PF00397,WW,WW domain,...([ST])P.,EASTPP,257,262,MYB_MOUSE,Mus musculus,18359295,true positive,96,1,inbetween
ELME000136,DOC_WW_Pin1_4,WW domain ligands,DOC,The Class IV WW domain interaction motif is recognised primarily by the Pin1 phosphorylation-dependent prolyl isomerase.,PF00397,WW,WW domain,...([ST])P.,EASTPP,257,262,MYC_HUMAN,Homo sapiens,15048125,true positive,96,1,inbetween
ELME000136,DOC_WW_Pin1_4,WW domain ligands,DOC,The Class IV WW domain interaction motif is recognised primarily by the Pin1 phosphorylation-dependent prolyl isomerase.,PF00397,WW,WW domain,...([ST])P.,EASTPP,257,262,NANOG_MOUSE,Mus musculus,20622153,true positive,96,1,inbetween
ELME000136,DOC_WW_Pin1_4,WW domain ligands,DOC,The Class IV WW domain interaction motif is recognised primarily by the Pin1 phosphorylation-dependent prolyl isomerase.,PF00397,WW,WW domain,...([ST])P.,EASTPP,257,262,NCF1_HUMAN,Homo sapiens,20956805,true positive,96,1,inbetween
ELME000136,DOC_WW_Pin1_4,WW domain ligands,DOC,The Class IV WW domain interaction motif is recognised primarily by the Pin1 phosphorylation-dependent prolyl isomerase.,PF00397,WW,WW domain,...([ST])P.,EASTPP,257,262,NCOR2_HUMAN,Homo sapiens,18838553,true positive,96,1,inbetween
ELME000136,DOC_WW_Pin1_4,WW domain ligands,DOC,The Class IV WW domain interaction motif is recognised primarily by the Pin1 phosphorylation-dependent prolyl isomerase.,PF00397,WW,WW domain,...([ST])P.,EASTPP,257,262,NEK6_HUMAN,Homo sapiens,16476580,true positive,96,1,inbetween
ELME000136,DOC_WW_Pin1_4,WW domain ligands,DOC,The Class IV WW domain interaction motif is recognised primarily by the Pin1 phosphorylation-dependent prolyl isomerase.,PF00397,WW,WW domain,...([ST])P.,EASTPP,257,262,NONO_MOUSE,Mus musculus,15701524,true positive,96,1,inbetween
ELME000136,DOC_WW_Pin1_4,WW domain ligands,DOC,The Class IV WW domain interaction motif is recognised primarily by the Pin1 phosphorylation-dependent prolyl isomerase.,PF00397,WW,WW domain,...([ST])P.,EASTPP,257,262,NOTC1_HUMAN,Homo sapiens,19151708,true positive,96,1,inbetween
ELME000136,DOC_WW_Pin1_4,WW domain ligands,DOC,The Class IV WW domain interaction motif is recognised primarily by the Pin1 phosphorylation-dependent prolyl isomerase.,PF00397,WW,WW domain,...([ST])P.,EASTPP,257,262,NR4A1_HUMAN,Homo sapiens,22002310,true positive,96,1,inbetween
ELME000136,DOC_WW_Pin1_4,WW domain ligands,DOC,The Class IV WW domain interaction motif is recognised primarily by the Pin1 phosphorylation-dependent prolyl isomerase.,PF00397,WW,WW domain,...([ST])P.,EASTPP,257,262,P53_HUMAN,Homo sapiens,12388558,true positive,96,1,inbetween
ELME000136,DOC_WW_Pin1_4,WW domain ligands,DOC,The Class IV WW domain interaction motif is recognised primarily by the Pin1 phosphorylation-dependent prolyl isomerase.,PF00397,WW,WW domain,...([ST])P.,EASTPP,257,262,P53_HUMAN,Homo sapiens,12397362,true positive,96,1,inbetween
ELME000136,DOC_WW_Pin1_4,WW domain ligands,DOC,The Class IV WW domain interaction motif is recognised primarily by the Pin1 phosphorylation-dependent prolyl isomerase.,PF00397,WW,WW domain,...([ST])P.,EASTPP,257,262,P73_HUMAN,Homo sapiens,15175157,true positive,96,1,inbetween
ELME000136,DOC_WW_Pin1_4,WW domain ligands,DOC,The Class IV WW domain interaction motif is recognised primarily by the Pin1 phosphorylation-dependent prolyl isomerase.,PF00397,WW,WW domain,...([ST])P.,EASTPP,257,262,PML_HUMAN,Homo sapiens,18039859,true positive,96,1,inbetween
ELME000136,DOC_WW_Pin1_4,WW domain ligands,DOC,The Class IV WW domain interaction motif is recognised primarily by the Pin1 phosphorylation-dependent prolyl isomerase.,PF00397,WW,WW domain,...([ST])P.,EASTPP,257,262,PO5F1_HUMAN,Homo sapiens,21296877,true positive,96,1,inbetween
ELME000136,DOC_WW_Pin1_4,WW domain ligands,DOC,The Class IV WW domain interaction motif is recognised primarily by the Pin1 phosphorylation-dependent prolyl isomerase.,PF00397,WW,WW domain,...([ST])P.,EASTPP,257,262,PPARG_HUMAN,Homo sapiens,19996102,true positive,96,1,inbetween
ELME000136,DOC_WW_Pin1_4,WW domain ligands,DOC,The Class IV WW domain interaction motif is recognised primarily by the Pin1 phosphorylation-dependent prolyl isomerase.,PF00397,WW,WW domain,...([ST])P.,EASTPP,257,262,RARA_HUMAN,Homo sapiens,15670742,true positive,96,1,inbetween
ELME000136,DOC_WW_Pin1_4,WW domain ligands,DOC,The Class IV WW domain interaction motif is recognised primarily by the Pin1 phosphorylation-dependent prolyl isomerase.,PF00397,WW,WW domain,...([ST])P.,EASTPP,257,262,SMAD3_HUMAN,Homo sapiens,19122240 21685363,true positive,96,1,inbetween
ELME000136,DOC_WW_Pin1_4,WW domain ligands,DOC,The Class IV WW domain interaction motif is recognised primarily by the Pin1 phosphorylation-dependent prolyl isomerase.,PF00397,WW,WW domain,...([ST])P.,EASTPP,257,262,SMAD3_HUMAN,Homo sapiens,19122240,true positive,96,1,inbetween
ELME000136,DOC_WW_Pin1_4,WW domain ligands,DOC,The Class IV WW domain interaction motif is recognised primarily by the Pin1 phosphorylation-dependent prolyl isomerase.,PF00397,WW,WW domain,...([ST])P.,EASTPP,257,262,SNCAP_HUMAN,Homo sapiens,16365047,true positive,96,1,inbetween
ELME000136,DOC_WW_Pin1_4,WW domain ligands,DOC,The Class IV WW domain interaction motif is recognised primarily by the Pin1 phosphorylation-dependent prolyl isomerase.,PF00397,WW,WW domain,...([ST])P.,EASTPP,257,262,SOC1_ARATH,Arabidopsis thaliana,20129060,true positive,96,1,inbetween
ELME000136,DOC_WW_Pin1_4,WW domain ligands,DOC,The Class IV WW domain interaction motif is recognised primarily by the Pin1 phosphorylation-dependent prolyl isomerase.,PF00397,WW,WW domain,...([ST])P.,EASTPP,257,262,SPT23_YEAST,Saccharomyces cerevisiae S288c,19597489,true positive,96,1,inbetween
ELME000136,DOC_WW_Pin1_4,WW domain ligands,DOC,The Class IV WW domain interaction motif is recognised primarily by the Pin1 phosphorylation-dependent prolyl isomerase.,PF00397,WW,WW domain,...([ST])P.,EASTPP,257,262,ST4A1_HUMAN,Homo sapiens,19439498 20920535,true positive,96,1,inbetween
ELME000136,DOC_WW_Pin1_4,WW domain ligands,DOC,The Class IV WW domain interaction motif is recognised primarily by the Pin1 phosphorylation-dependent prolyl isomerase.,PF00397,WW,WW domain,...([ST])P.,EASTPP,257,262,STAT3_HUMAN,Homo sapiens,17563747,true positive,96,1,inbetween
ELME000136,DOC_WW_Pin1_4,WW domain ligands,DOC,The Class IV WW domain interaction motif is recognised primarily by the Pin1 phosphorylation-dependent prolyl isomerase.,PF00397,WW,WW domain,...([ST])P.,EASTPP,257,262,STF1_MOUSE,Mus musculus,19995909,true positive,96,1,inbetween
ELME000136,DOC_WW_Pin1_4,WW domain ligands,DOC,The Class IV WW domain interaction motif is recognised primarily by the Pin1 phosphorylation-dependent prolyl isomerase.,PF00397,WW,WW domain,...([ST])P.,EASTPP,257,262,TAU_HUMAN,Homo sapiens,10391244,true positive,96,1,inbetween
ELME000136,DOC_WW_Pin1_4,WW domain ligands,DOC,The Class IV WW domain interaction motif is recognised primarily by the Pin1 phosphorylation-dependent prolyl isomerase.,PF00397,WW,WW domain,...([ST])P.,EASTPP,257,262,TAX_HTL1A,Human T-cell lymphotrophic virus type 1 (strain ATK),19338781,true positive,96,1,inbetween
ELME000136,DOC_WW_Pin1_4,WW domain ligands,DOC,The Class IV WW domain interaction motif is recognised primarily by the Pin1 phosphorylation-dependent prolyl isomerase.,PF00397,WW,WW domain,...([ST])P.,EASTPP,257,262,TERF1_HUMAN,Homo sapiens,19060891,true positive,96,1,inbetween
ELME000136,DOC_WW_Pin1_4,WW domain ligands,DOC,The Class IV WW domain interaction motif is recognised primarily by the Pin1 phosphorylation-dependent prolyl isomerase.,PF00397,WW,WW domain,...([ST])P.,EASTPP,257,262,TF65_HUMAN,Homo sapiens,14690596,true positive,96,1,inbetween
ELME000136,DOC_WW_Pin1_4,WW domain ligands,DOC,The Class IV WW domain interaction motif is recognised primarily by the Pin1 phosphorylation-dependent prolyl isomerase.,PF00397,WW,WW domain,...([ST])P.,EASTPP,257,262,TFCP2_HUMAN,Homo sapiens,20682773,true positive,96,1,inbetween
ELME000136,DOC_WW_Pin1_4,WW domain ligands,DOC,The Class IV WW domain interaction motif is recognised primarily by the Pin1 phosphorylation-dependent prolyl isomerase.,PF00397,WW,WW domain,...([ST])P.,EASTPP,257,262,WEE1B_XENLA,Xenopus laevis,17360425,true positive,96,1,inbetween
ELME000136,DOC_WW_Pin1_4,WW domain ligands,DOC,The Class IV WW domain interaction motif is recognised primarily by the Pin1 phosphorylation-dependent prolyl isomerase.,PF00397,WW,WW domain,...([ST])P.,EASTPP,257,262,X_HBVA3,Hepatitis B virus adw2/Rutter/1979,17383430,true positive,96,1,inbetween
ELME000136,DOC_WW_Pin1_4,WW domain ligands,DOC,The Class IV WW domain interaction motif is recognised primarily by the Pin1 phosphorylation-dependent prolyl isomerase.,PF00397,WW,WW domain,...([ST])P.,HAMTPE,271,276,A4_HUMAN,Homo sapiens,16139797,true positive,96,1,ordered
ELME000136,DOC_WW_Pin1_4,WW domain ligands,DOC,The Class IV WW domain interaction motif is recognised primarily by the Pin1 phosphorylation-dependent prolyl isomerase.,PF00397,WW,WW domain,...([ST])P.,HAMTPE,271,276,A4_HUMAN,Homo sapiens,19602287,true positive,96,1,ordered
ELME000136,DOC_WW_Pin1_4,WW domain ligands,DOC,The Class IV WW domain interaction motif is recognised primarily by the Pin1 phosphorylation-dependent prolyl isomerase.,PF00397,WW,WW domain,...([ST])P.,HAMTPE,271,276,AATF_HUMAN,Homo sapiens,17468107,true positive,96,1,ordered
ELME000136,DOC_WW_Pin1_4,WW domain ligands,DOC,The Class IV WW domain interaction motif is recognised primarily by the Pin1 phosphorylation-dependent prolyl isomerase.,PF00397,WW,WW domain,...([ST])P.,HAMTPE,271,276,AGL24_ARATH,Arabidopsis thaliana,20129060,true positive,96,1,ordered
ELME000136,DOC_WW_Pin1_4,WW domain ligands,DOC,The Class IV WW domain interaction motif is recognised primarily by the Pin1 phosphorylation-dependent prolyl isomerase.,PF00397,WW,WW domain,...([ST])P.,HAMTPE,271,276,AKT1_HUMAN,Homo sapiens,19448664,true positive,96,1,ordered
ELME000136,DOC_WW_Pin1_4,WW domain ligands,DOC,The Class IV WW domain interaction motif is recognised primarily by the Pin1 phosphorylation-dependent prolyl isomerase.,PF00397,WW,WW domain,...([ST])P.,HAMTPE,271,276,ARBK1_MOUSE,Mus musculus,20080565,true positive,96,1,ordered
ELME000136,DOC_WW_Pin1_4,WW domain ligands,DOC,The Class IV WW domain interaction motif is recognised primarily by the Pin1 phosphorylation-dependent prolyl isomerase.,PF00397,WW,WW domain,...([ST])P.,HAMTPE,271,276,B2L11_MOUSE,Mus musculus,1650491,true positive,96,1,ordered
ELME000136,DOC_WW_Pin1_4,WW domain ligands,DOC,The Class IV WW domain interaction motif is recognised primarily by the Pin1 phosphorylation-dependent prolyl isomerase.,PF00397,WW,WW domain,...([ST])P.,HAMTPE,271,276,BTG2_HUMAN,Homo sapiens,15788397,true positive,96,1,ordered
ELME000136,DOC_WW_Pin1_4,WW domain ligands,DOC,The Class IV WW domain interaction motif is recognised primarily by the Pin1 phosphorylation-dependent prolyl isomerase.,PF00397,WW,WW domain,...([ST])P.,HAMTPE,271,276,BTK_MOUSE,Mus musculus,16644721,true positive,96,1,ordered
ELME000136,DOC_WW_Pin1_4,WW domain ligands,DOC,The Class IV WW domain interaction motif is recognised primarily by the Pin1 phosphorylation-dependent prolyl isomerase.,PF00397,WW,WW domain,...([ST])P.,HAMTPE,271,276,CCND1_MOUSE,Mus musculus,11805292,true positive,96,1,ordered
ELME000136,DOC_WW_Pin1_4,WW domain ligands,DOC,The Class IV WW domain interaction motif is recognised primarily by the Pin1 phosphorylation-dependent prolyl isomerase.,PF00397,WW,WW domain,...([ST])P.,HAMTPE,271,276,CCNE1_MOUSE,Mus musculus,16223725,true positive,96,1,ordered
ELME000136,DOC_WW_Pin1_4,WW domain ligands,DOC,The Class IV WW domain interaction motif is recognised primarily by the Pin1 phosphorylation-dependent prolyl isomerase.,PF00397,WW,WW domain,...([ST])P.,HAMTPE,271,276,CDN1B_HUMAN,Homo sapiens,19584057,true positive,96,1,ordered
ELME000136,DOC_WW_Pin1_4,WW domain ligands,DOC,The Class IV WW domain interaction motif is recognised primarily by the Pin1 phosphorylation-dependent prolyl isomerase.,PF00397,WW,WW domain,...([ST])P.,HAMTPE,271,276,CEP55_MOUSE,Mus musculus,19638580,true positive,96,1,ordered
ELME000136,DOC_WW_Pin1_4,WW domain ligands,DOC,The Class IV WW domain interaction motif is recognised primarily by the Pin1 phosphorylation-dependent prolyl isomerase.,PF00397,WW,WW domain,...([ST])P.,HAMTPE,271,276,CRTC2_MOUSE,Mus musculus,20675384,true positive,96,1,ordered
ELME000136,DOC_WW_Pin1_4,WW domain ligands,DOC,The Class IV WW domain interaction motif is recognised primarily by the Pin1 phosphorylation-dependent prolyl isomerase.,PF00397,WW,WW domain,...([ST])P.,HAMTPE,271,276,CTNB1_HUMAN,Homo sapiens,11533658,true positive,96,1,ordered
ELME000136,DOC_WW_Pin1_4,WW domain ligands,DOC,The Class IV WW domain interaction motif is recognised primarily by the Pin1 phosphorylation-dependent prolyl isomerase.,PF00397,WW,WW domain,...([ST])P.,HAMTPE,271,276,DAXX_HUMAN,Homo sapiens,17938171,true positive,96,1,ordered
ELME000136,DOC_WW_Pin1_4,WW domain ligands,DOC,The Class IV WW domain interaction motif is recognised primarily by the Pin1 phosphorylation-dependent prolyl isomerase.,PF00397,WW,WW domain,...([ST])P.,HAMTPE,271,276,FAK1_HUMAN,Homo sapiens,19595712,true positive,96,1,ordered
ELME000136,DOC_WW_Pin1_4,WW domain ligands,DOC,The Class IV WW domain interaction motif is recognised primarily by the Pin1 phosphorylation-dependent prolyl isomerase.,PF00397,WW,WW domain,...([ST])P.,HAMTPE,271,276,FAK1_MOUSE,Mus musculus,19595712,true positive,96,1,ordered
ELME000136,DOC_WW_Pin1_4,WW domain ligands,DOC,The Class IV WW domain interaction motif is recognised primarily by the Pin1 phosphorylation-dependent prolyl isomerase.,PF00397,WW,WW domain,...([ST])P.,HAMTPE,271,276,FBX5A_XENLA,Xenopus laevis,17159919,true positive,96,1,ordered
ELME000136,DOC_WW_Pin1_4,WW domain ligands,DOC,The Class IV WW domain interaction motif is recognised primarily by the Pin1 phosphorylation-dependent prolyl isomerase.,PF00397,WW,WW domain,...([ST])P.,HAMTPE,271,276,FBXW7_HUMAN,Homo sapiens,22608923,true positive,96,1,ordered
ELME000136,DOC_WW_Pin1_4,WW domain ligands,DOC,The Class IV WW domain interaction motif is recognised primarily by the Pin1 phosphorylation-dependent prolyl isomerase.,PF00397,WW,WW domain,...([ST])P.,HAMTPE,271,276,FOS_MOUSE,Mus musculus,16123044,true positive,96,1,ordered
ELME000136,DOC_WW_Pin1_4,WW domain ligands,DOC,The Class IV WW domain interaction motif is recognised primarily by the Pin1 phosphorylation-dependent prolyl isomerase.,PF00397,WW,WW domain,...([ST])P.,HAMTPE,271,276,FUBP2_HUMAN,Homo sapiens,19770516,true positive,96,1,ordered
ELME000136,DOC_WW_Pin1_4,WW domain ligands,DOC,The Class IV WW domain interaction motif is recognised primarily by the Pin1 phosphorylation-dependent prolyl isomerase.,PF00397,WW,WW domain,...([ST])P.,HAMTPE,271,276,GEPH_MOUSE,Mus musculus,17347650,true positive,96,1,ordered
ELME000136,DOC_WW_Pin1_4,WW domain ligands,DOC,The Class IV WW domain interaction motif is recognised primarily by the Pin1 phosphorylation-dependent prolyl isomerase.,PF00397,WW,WW domain,...([ST])P.,HAMTPE,271,276,IRF3_HUMAN,Homo sapiens,16699525,true positive,96,1,ordered
ELME000136,DOC_WW_Pin1_4,WW domain ligands,DOC,The Class IV WW domain interaction motif is recognised primarily by the Pin1 phosphorylation-dependent prolyl isomerase.,PF00397,WW,WW domain,...([ST])P.,HAMTPE,271,276,IRS1_HUMAN,Homo sapiens,21454638,true positive,96,1,ordered
ELME000136,DOC_WW_Pin1_4,WW domain ligands,DOC,The Class IV WW domain interaction motif is recognised primarily by the Pin1 phosphorylation-dependent prolyl isomerase.,PF00397,WW,WW domain,...([ST])P.,HAMTPE,271,276,JUN_HUMAN,Homo sapiens,11432833,true positive,96,1,ordered
ELME000136,DOC_WW_Pin1_4,WW domain ligands,DOC,The Class IV WW domain interaction motif is recognised primarily by the Pin1 phosphorylation-dependent prolyl isomerase.,PF00397,WW,WW domain,...([ST])P.,HAMTPE,271,276,KI20B_HUMAN,Homo sapiens,11470801,true positive,96,1,ordered
ELME000136,DOC_WW_Pin1_4,WW domain ligands,DOC,The Class IV WW domain interaction motif is recognised primarily by the Pin1 phosphorylation-dependent prolyl isomerase.,PF00397,WW,WW domain,...([ST])P.,HAMTPE,271,276,MEF2C_MOUSE,Mus musculus,20801874,true positive,96,1,ordered
ELME000136,DOC_WW_Pin1_4,WW domain ligands,DOC,The Class IV WW domain interaction motif is recognised primarily by the Pin1 phosphorylation-dependent prolyl isomerase.,PF00397,WW,WW domain,...([ST])P.,HAMTPE,271,276,MYB_MOUSE,Mus musculus,18359295,true positive,96,1,ordered
ELME000136,DOC_WW_Pin1_4,WW domain ligands,DOC,The Class IV WW domain interaction motif is recognised primarily by the Pin1 phosphorylation-dependent prolyl isomerase.,PF00397,WW,WW domain,...([ST])P.,HAMTPE,271,276,MYC_HUMAN,Homo sapiens,15048125,true positive,96,1,ordered
ELME000136,DOC_WW_Pin1_4,WW domain ligands,DOC,The Class IV WW domain interaction motif is recognised primarily by the Pin1 phosphorylation-dependent prolyl isomerase.,PF00397,WW,WW domain,...([ST])P.,HAMTPE,271,276,NANOG_MOUSE,Mus musculus,20622153,true positive,96,1,ordered
ELME000136,DOC_WW_Pin1_4,WW domain ligands,DOC,The Class IV WW domain interaction motif is recognised primarily by the Pin1 phosphorylation-dependent prolyl isomerase.,PF00397,WW,WW domain,...([ST])P.,HAMTPE,271,276,NCF1_HUMAN,Homo sapiens,20956805,true positive,96,1,ordered
ELME000136,DOC_WW_Pin1_4,WW domain ligands,DOC,The Class IV WW domain interaction motif is recognised primarily by the Pin1 phosphorylation-dependent prolyl isomerase.,PF00397,WW,WW domain,...([ST])P.,HAMTPE,271,276,NCOR2_HUMAN,Homo sapiens,18838553,true positive,96,1,ordered
ELME000136,DOC_WW_Pin1_4,WW domain ligands,DOC,The Class IV WW domain interaction motif is recognised primarily by the Pin1 phosphorylation-dependent prolyl isomerase.,PF00397,WW,WW domain,...([ST])P.,HAMTPE,271,276,NEK6_HUMAN,Homo sapiens,16476580,true positive,96,1,ordered
ELME000136,DOC_WW_Pin1_4,WW domain ligands,DOC,The Class IV WW domain interaction motif is recognised primarily by the Pin1 phosphorylation-dependent prolyl isomerase.,PF00397,WW,WW domain,...([ST])P.,HAMTPE,271,276,NONO_MOUSE,Mus musculus,15701524,true positive,96,1,ordered
ELME000136,DOC_WW_Pin1_4,WW domain ligands,DOC,The Class IV WW domain interaction motif is recognised primarily by the Pin1 phosphorylation-dependent prolyl isomerase.,PF00397,WW,WW domain,...([ST])P.,HAMTPE,271,276,NOTC1_HUMAN,Homo sapiens,19151708,true positive,96,1,ordered
ELME000136,DOC_WW_Pin1_4,WW domain ligands,DOC,The Class IV WW domain interaction motif is recognised primarily by the Pin1 phosphorylation-dependent prolyl isomerase.,PF00397,WW,WW domain,...([ST])P.,HAMTPE,271,276,NR4A1_HUMAN,Homo sapiens,22002310,true positive,96,1,ordered
ELME000136,DOC_WW_Pin1_4,WW domain ligands,DOC,The Class IV WW domain interaction motif is recognised primarily by the Pin1 phosphorylation-dependent prolyl isomerase.,PF00397,WW,WW domain,...([ST])P.,HAMTPE,271,276,P53_HUMAN,Homo sapiens,12388558,true positive,96,1,ordered
ELME000136,DOC_WW_Pin1_4,WW domain ligands,DOC,The Class IV WW domain interaction motif is recognised primarily by the Pin1 phosphorylation-dependent prolyl isomerase.,PF00397,WW,WW domain,...([ST])P.,HAMTPE,271,276,P53_HUMAN,Homo sapiens,12397362,true positive,96,1,ordered
ELME000136,DOC_WW_Pin1_4,WW domain ligands,DOC,The Class IV WW domain interaction motif is recognised primarily by the Pin1 phosphorylation-dependent prolyl isomerase.,PF00397,WW,WW domain,...([ST])P.,HAMTPE,271,276,P73_HUMAN,Homo sapiens,15175157,true positive,96,1,ordered
ELME000136,DOC_WW_Pin1_4,WW domain ligands,DOC,The Class IV WW domain interaction motif is recognised primarily by the Pin1 phosphorylation-dependent prolyl isomerase.,PF00397,WW,WW domain,...([ST])P.,HAMTPE,271,276,PML_HUMAN,Homo sapiens,18039859,true positive,96,1,ordered
ELME000136,DOC_WW_Pin1_4,WW domain ligands,DOC,The Class IV WW domain interaction motif is recognised primarily by the Pin1 phosphorylation-dependent prolyl isomerase.,PF00397,WW,WW domain,...([ST])P.,HAMTPE,271,276,PO5F1_HUMAN,Homo sapiens,21296877,true positive,96,1,ordered
ELME000136,DOC_WW_Pin1_4,WW domain ligands,DOC,The Class IV WW domain interaction motif is recognised primarily by the Pin1 phosphorylation-dependent prolyl isomerase.,PF00397,WW,WW domain,...([ST])P.,HAMTPE,271,276,PPARG_HUMAN,Homo sapiens,19996102,true positive,96,1,ordered
ELME000136,DOC_WW_Pin1_4,WW domain ligands,DOC,The Class IV WW domain interaction motif is recognised primarily by the Pin1 phosphorylation-dependent prolyl isomerase.,PF00397,WW,WW domain,...([ST])P.,HAMTPE,271,276,RARA_HUMAN,Homo sapiens,15670742,true positive,96,1,ordered
ELME000136,DOC_WW_Pin1_4,WW domain ligands,DOC,The Class IV WW domain interaction motif is recognised primarily by the Pin1 phosphorylation-dependent prolyl isomerase.,PF00397,WW,WW domain,...([ST])P.,HAMTPE,271,276,SMAD3_HUMAN,Homo sapiens,19122240 21685363,true positive,96,1,ordered
ELME000136,DOC_WW_Pin1_4,WW domain ligands,DOC,The Class IV WW domain interaction motif is recognised primarily by the Pin1 phosphorylation-dependent prolyl isomerase.,PF00397,WW,WW domain,...([ST])P.,HAMTPE,271,276,SMAD3_HUMAN,Homo sapiens,19122240,true positive,96,1,ordered
ELME000136,DOC_WW_Pin1_4,WW domain ligands,DOC,The Class IV WW domain interaction motif is recognised primarily by the Pin1 phosphorylation-dependent prolyl isomerase.,PF00397,WW,WW domain,...([ST])P.,HAMTPE,271,276,SNCAP_HUMAN,Homo sapiens,16365047,true positive,96,1,ordered
ELME000136,DOC_WW_Pin1_4,WW domain ligands,DOC,The Class IV WW domain interaction motif is recognised primarily by the Pin1 phosphorylation-dependent prolyl isomerase.,PF00397,WW,WW domain,...([ST])P.,HAMTPE,271,276,SOC1_ARATH,Arabidopsis thaliana,20129060,true positive,96,1,ordered
ELME000136,DOC_WW_Pin1_4,WW domain ligands,DOC,The Class IV WW domain interaction motif is recognised primarily by the Pin1 phosphorylation-dependent prolyl isomerase.,PF00397,WW,WW domain,...([ST])P.,HAMTPE,271,276,SPT23_YEAST,Saccharomyces cerevisiae S288c,19597489,true positive,96,1,ordered
ELME000136,DOC_WW_Pin1_4,WW domain ligands,DOC,The Class IV WW domain interaction motif is recognised primarily by the Pin1 phosphorylation-dependent prolyl isomerase.,PF00397,WW,WW domain,...([ST])P.,HAMTPE,271,276,ST4A1_HUMAN,Homo sapiens,19439498 20920535,true positive,96,1,ordered
ELME000136,DOC_WW_Pin1_4,WW domain ligands,DOC,The Class IV WW domain interaction motif is recognised primarily by the Pin1 phosphorylation-dependent prolyl isomerase.,PF00397,WW,WW domain,...([ST])P.,HAMTPE,271,276,STAT3_HUMAN,Homo sapiens,17563747,true positive,96,1,ordered
ELME000136,DOC_WW_Pin1_4,WW domain ligands,DOC,The Class IV WW domain interaction motif is recognised primarily by the Pin1 phosphorylation-dependent prolyl isomerase.,PF00397,WW,WW domain,...([ST])P.,HAMTPE,271,276,STF1_MOUSE,Mus musculus,19995909,true positive,96,1,ordered
ELME000136,DOC_WW_Pin1_4,WW domain ligands,DOC,The Class IV WW domain interaction motif is recognised primarily by the Pin1 phosphorylation-dependent prolyl isomerase.,PF00397,WW,WW domain,...([ST])P.,HAMTPE,271,276,TAU_HUMAN,Homo sapiens,10391244,true positive,96,1,ordered
ELME000136,DOC_WW_Pin1_4,WW domain ligands,DOC,The Class IV WW domain interaction motif is recognised primarily by the Pin1 phosphorylation-dependent prolyl isomerase.,PF00397,WW,WW domain,...([ST])P.,HAMTPE,271,276,TAX_HTL1A,Human T-cell lymphotrophic virus type 1 (strain ATK),19338781,true positive,96,1,ordered
ELME000136,DOC_WW_Pin1_4,WW domain ligands,DOC,The Class IV WW domain interaction motif is recognised primarily by the Pin1 phosphorylation-dependent prolyl isomerase.,PF00397,WW,WW domain,...([ST])P.,HAMTPE,271,276,TERF1_HUMAN,Homo sapiens,19060891,true positive,96,1,ordered
ELME000136,DOC_WW_Pin1_4,WW domain ligands,DOC,The Class IV WW domain interaction motif is recognised primarily by the Pin1 phosphorylation-dependent prolyl isomerase.,PF00397,WW,WW domain,...([ST])P.,HAMTPE,271,276,TF65_HUMAN,Homo sapiens,14690596,true positive,96,1,ordered
ELME000136,DOC_WW_Pin1_4,WW domain ligands,DOC,The Class IV WW domain interaction motif is recognised primarily by the Pin1 phosphorylation-dependent prolyl isomerase.,PF00397,WW,WW domain,...([ST])P.,HAMTPE,271,276,TFCP2_HUMAN,Homo sapiens,20682773,true positive,96,1,ordered
ELME000136,DOC_WW_Pin1_4,WW domain ligands,DOC,The Class IV WW domain interaction motif is recognised primarily by the Pin1 phosphorylation-dependent prolyl isomerase.,PF00397,WW,WW domain,...([ST])P.,HAMTPE,271,276,WEE1B_XENLA,Xenopus laevis,17360425,true positive,96,1,ordered
ELME000136,DOC_WW_Pin1_4,WW domain ligands,DOC,The Class IV WW domain interaction motif is recognised primarily by the Pin1 phosphorylation-dependent prolyl isomerase.,PF00397,WW,WW domain,...([ST])P.,HAMTPE,271,276,X_HBVA3,Hepatitis B virus adw2/Rutter/1979,17383430,true positive,96,1,ordered
ELME000136,DOC_WW_Pin1_4,WW domain ligands,DOC,The Class IV WW domain interaction motif is recognised primarily by the Pin1 phosphorylation-dependent prolyl isomerase.,PF00397,WW,WW domain,...([ST])P.,ILFSPK,314,319,A4_HUMAN,Homo sapiens,16139797,true positive,96,1,ordered
ELME000136,DOC_WW_Pin1_4,WW domain ligands,DOC,The Class IV WW domain interaction motif is recognised primarily by the Pin1 phosphorylation-dependent prolyl isomerase.,PF00397,WW,WW domain,...([ST])P.,ILFSPK,314,319,A4_HUMAN,Homo sapiens,19602287,true positive,96,1,ordered
ELME000136,DOC_WW_Pin1_4,WW domain ligands,DOC,The Class IV WW domain interaction motif is recognised primarily by the Pin1 phosphorylation-dependent prolyl isomerase.,PF00397,WW,WW domain,...([ST])P.,ILFSPK,314,319,AATF_HUMAN,Homo sapiens,17468107,true positive,96,1,ordered
ELME000136,DOC_WW_Pin1_4,WW domain ligands,DOC,The Class IV WW domain interaction motif is recognised primarily by the Pin1 phosphorylation-dependent prolyl isomerase.,PF00397,WW,WW domain,...([ST])P.,ILFSPK,314,319,AGL24_ARATH,Arabidopsis thaliana,20129060,true positive,96,1,ordered
ELME000136,DOC_WW_Pin1_4,WW domain ligands,DOC,The Class IV WW domain interaction motif is recognised primarily by the Pin1 phosphorylation-dependent prolyl isomerase.,PF00397,WW,WW domain,...([ST])P.,ILFSPK,314,319,AKT1_HUMAN,Homo sapiens,19448664,true positive,96,1,ordered
ELME000136,DOC_WW_Pin1_4,WW domain ligands,DOC,The Class IV WW domain interaction motif is recognised primarily by the Pin1 phosphorylation-dependent prolyl isomerase.,PF00397,WW,WW domain,...([ST])P.,ILFSPK,314,319,ARBK1_MOUSE,Mus musculus,20080565,true positive,96,1,ordered
ELME000136,DOC_WW_Pin1_4,WW domain ligands,DOC,The Class IV WW domain interaction motif is recognised primarily by the Pin1 phosphorylation-dependent prolyl isomerase.,PF00397,WW,WW domain,...([ST])P.,ILFSPK,314,319,B2L11_MOUSE,Mus musculus,1650491,true positive,96,1,ordered
ELME000136,DOC_WW_Pin1_4,WW domain ligands,DOC,The Class IV WW domain interaction motif is recognised primarily by the Pin1 phosphorylation-dependent prolyl isomerase.,PF00397,WW,WW domain,...([ST])P.,ILFSPK,314,319,BTG2_HUMAN,Homo sapiens,15788397,true positive,96,1,ordered
ELME000136,DOC_WW_Pin1_4,WW domain ligands,DOC,The Class IV WW domain interaction motif is recognised primarily by the Pin1 phosphorylation-dependent prolyl isomerase.,PF00397,WW,WW domain,...([ST])P.,ILFSPK,314,319,BTK_MOUSE,Mus musculus,16644721,true positive,96,1,ordered
ELME000136,DOC_WW_Pin1_4,WW domain ligands,DOC,The Class IV WW domain interaction motif is recognised primarily by the Pin1 phosphorylation-dependent prolyl isomerase.,PF00397,WW,WW domain,...([ST])P.,ILFSPK,314,319,CCND1_MOUSE,Mus musculus,11805292,true positive,96,1,ordered
ELME000136,DOC_WW_Pin1_4,WW domain ligands,DOC,The Class IV WW domain interaction motif is recognised primarily by the Pin1 phosphorylation-dependent prolyl isomerase.,PF00397,WW,WW domain,...([ST])P.,ILFSPK,314,319,CCNE1_MOUSE,Mus musculus,16223725,true positive,96,1,ordered
ELME000136,DOC_WW_Pin1_4,WW domain ligands,DOC,The Class IV WW domain interaction motif is recognised primarily by the Pin1 phosphorylation-dependent prolyl isomerase.,PF00397,WW,WW domain,...([ST])P.,ILFSPK,314,319,CDN1B_HUMAN,Homo sapiens,19584057,true positive,96,1,ordered
ELME000136,DOC_WW_Pin1_4,WW domain ligands,DOC,The Class IV WW domain interaction motif is recognised primarily by the Pin1 phosphorylation-dependent prolyl isomerase.,PF00397,WW,WW domain,...([ST])P.,ILFSPK,314,319,CEP55_MOUSE,Mus musculus,19638580,true positive,96,1,ordered
ELME000136,DOC_WW_Pin1_4,WW domain ligands,DOC,The Class IV WW domain interaction motif is recognised primarily by the Pin1 phosphorylation-dependent prolyl isomerase.,PF00397,WW,WW domain,...([ST])P.,ILFSPK,314,319,CRTC2_MOUSE,Mus musculus,20675384,true positive,96,1,ordered
ELME000136,DOC_WW_Pin1_4,WW domain ligands,DOC,The Class IV WW domain interaction motif is recognised primarily by the Pin1 phosphorylation-dependent prolyl isomerase.,PF00397,WW,WW domain,...([ST])P.,ILFSPK,314,319,CTNB1_HUMAN,Homo sapiens,11533658,true positive,96,1,ordered
ELME000136,DOC_WW_Pin1_4,WW domain ligands,DOC,The Class IV WW domain interaction motif is recognised primarily by the Pin1 phosphorylation-dependent prolyl isomerase.,PF00397,WW,WW domain,...([ST])P.,ILFSPK,314,319,DAXX_HUMAN,Homo sapiens,17938171,true positive,96,1,ordered
ELME000136,DOC_WW_Pin1_4,WW domain ligands,DOC,The Class IV WW domain interaction motif is recognised primarily by the Pin1 phosphorylation-dependent prolyl isomerase.,PF00397,WW,WW domain,...([ST])P.,ILFSPK,314,319,FAK1_HUMAN,Homo sapiens,19595712,true positive,96,1,ordered
ELME000136,DOC_WW_Pin1_4,WW domain ligands,DOC,The Class IV WW domain interaction motif is recognised primarily by the Pin1 phosphorylation-dependent prolyl isomerase.,PF00397,WW,WW domain,...([ST])P.,ILFSPK,314,319,FAK1_MOUSE,Mus musculus,19595712,true positive,96,1,ordered
ELME000136,DOC_WW_Pin1_4,WW domain ligands,DOC,The Class IV WW domain interaction motif is recognised primarily by the Pin1 phosphorylation-dependent prolyl isomerase.,PF00397,WW,WW domain,...([ST])P.,ILFSPK,314,319,FBX5A_XENLA,Xenopus laevis,17159919,true positive,96,1,ordered
ELME000136,DOC_WW_Pin1_4,WW domain ligands,DOC,The Class IV WW domain interaction motif is recognised primarily by the Pin1 phosphorylation-dependent prolyl isomerase.,PF00397,WW,WW domain,...([ST])P.,ILFSPK,314,319,FBXW7_HUMAN,Homo sapiens,22608923,true positive,96,1,ordered
ELME000136,DOC_WW_Pin1_4,WW domain ligands,DOC,The Class IV WW domain interaction motif is recognised primarily by the Pin1 phosphorylation-dependent prolyl isomerase.,PF00397,WW,WW domain,...([ST])P.,ILFSPK,314,319,FOS_MOUSE,Mus musculus,16123044,true positive,96,1,ordered
ELME000136,DOC_WW_Pin1_4,WW domain ligands,DOC,The Class IV WW domain interaction motif is recognised primarily by the Pin1 phosphorylation-dependent prolyl isomerase.,PF00397,WW,WW domain,...([ST])P.,ILFSPK,314,319,FUBP2_HUMAN,Homo sapiens,19770516,true positive,96,1,ordered
ELME000136,DOC_WW_Pin1_4,WW domain ligands,DOC,The Class IV WW domain interaction motif is recognised primarily by the Pin1 phosphorylation-dependent prolyl isomerase.,PF00397,WW,WW domain,...([ST])P.,ILFSPK,314,319,GEPH_MOUSE,Mus musculus,17347650,true positive,96,1,ordered
ELME000136,DOC_WW_Pin1_4,WW domain ligands,DOC,The Class IV WW domain interaction motif is recognised primarily by the Pin1 phosphorylation-dependent prolyl isomerase.,PF00397,WW,WW domain,...([ST])P.,ILFSPK,314,319,IRF3_HUMAN,Homo sapiens,16699525,true positive,96,1,ordered
ELME000136,DOC_WW_Pin1_4,WW domain ligands,DOC,The Class IV WW domain interaction motif is recognised primarily by the Pin1 phosphorylation-dependent prolyl isomerase.,PF00397,WW,WW domain,...([ST])P.,ILFSPK,314,319,IRS1_HUMAN,Homo sapiens,21454638,true positive,96,1,ordered
ELME000136,DOC_WW_Pin1_4,WW domain ligands,DOC,The Class IV WW domain interaction motif is recognised primarily by the Pin1 phosphorylation-dependent prolyl isomerase.,PF00397,WW,WW domain,...([ST])P.,ILFSPK,314,319,JUN_HUMAN,Homo sapiens,11432833,true positive,96,1,ordered
ELME000136,DOC_WW_Pin1_4,WW domain ligands,DOC,The Class IV WW domain interaction motif is recognised primarily by the Pin1 phosphorylation-dependent prolyl isomerase.,PF00397,WW,WW domain,...([ST])P.,ILFSPK,314,319,KI20B_HUMAN,Homo sapiens,11470801,true positive,96,1,ordered
ELME000136,DOC_WW_Pin1_4,WW domain ligands,DOC,The Class IV WW domain interaction motif is recognised primarily by the Pin1 phosphorylation-dependent prolyl isomerase.,PF00397,WW,WW domain,...([ST])P.,ILFSPK,314,319,MEF2C_MOUSE,Mus musculus,20801874,true positive,96,1,ordered
ELME000136,DOC_WW_Pin1_4,WW domain ligands,DOC,The Class IV WW domain interaction motif is recognised primarily by the Pin1 phosphorylation-dependent prolyl isomerase.,PF00397,WW,WW domain,...([ST])P.,ILFSPK,314,319,MYB_MOUSE,Mus musculus,18359295,true positive,96,1,ordered
ELME000136,DOC_WW_Pin1_4,WW domain ligands,DOC,The Class IV WW domain interaction motif is recognised primarily by the Pin1 phosphorylation-dependent prolyl isomerase.,PF00397,WW,WW domain,...([ST])P.,ILFSPK,314,319,MYC_HUMAN,Homo sapiens,15048125,true positive,96,1,ordered
ELME000136,DOC_WW_Pin1_4,WW domain ligands,DOC,The Class IV WW domain interaction motif is recognised primarily by the Pin1 phosphorylation-dependent prolyl isomerase.,PF00397,WW,WW domain,...([ST])P.,ILFSPK,314,319,NANOG_MOUSE,Mus musculus,20622153,true positive,96,1,ordered
ELME000136,DOC_WW_Pin1_4,WW domain ligands,DOC,The Class IV WW domain interaction motif is recognised primarily by the Pin1 phosphorylation-dependent prolyl isomerase.,PF00397,WW,WW domain,...([ST])P.,ILFSPK,314,319,NCF1_HUMAN,Homo sapiens,20956805,true positive,96,1,ordered
ELME000136,DOC_WW_Pin1_4,WW domain ligands,DOC,The Class IV WW domain interaction motif is recognised primarily by the Pin1 phosphorylation-dependent prolyl isomerase.,PF00397,WW,WW domain,...([ST])P.,ILFSPK,314,319,NCOR2_HUMAN,Homo sapiens,18838553,true positive,96,1,ordered
ELME000136,DOC_WW_Pin1_4,WW domain ligands,DOC,The Class IV WW domain interaction motif is recognised primarily by the Pin1 phosphorylation-dependent prolyl isomerase.,PF00397,WW,WW domain,...([ST])P.,ILFSPK,314,319,NEK6_HUMAN,Homo sapiens,16476580,true positive,96,1,ordered
ELME000136,DOC_WW_Pin1_4,WW domain ligands,DOC,The Class IV WW domain interaction motif is recognised primarily by the Pin1 phosphorylation-dependent prolyl isomerase.,PF00397,WW,WW domain,...([ST])P.,ILFSPK,314,319,NONO_MOUSE,Mus musculus,15701524,true positive,96,1,ordered
ELME000136,DOC_WW_Pin1_4,WW domain ligands,DOC,The Class IV WW domain interaction motif is recognised primarily by the Pin1 phosphorylation-dependent prolyl isomerase.,PF00397,WW,WW domain,...([ST])P.,ILFSPK,314,319,NOTC1_HUMAN,Homo sapiens,19151708,true positive,96,1,ordered
ELME000136,DOC_WW_Pin1_4,WW domain ligands,DOC,The Class IV WW domain interaction motif is recognised primarily by the Pin1 phosphorylation-dependent prolyl isomerase.,PF00397,WW,WW domain,...([ST])P.,ILFSPK,314,319,NR4A1_HUMAN,Homo sapiens,22002310,true positive,96,1,ordered
ELME000136,DOC_WW_Pin1_4,WW domain ligands,DOC,The Class IV WW domain interaction motif is recognised primarily by the Pin1 phosphorylation-dependent prolyl isomerase.,PF00397,WW,WW domain,...([ST])P.,ILFSPK,314,319,P53_HUMAN,Homo sapiens,12388558,true positive,96,1,ordered
ELME000136,DOC_WW_Pin1_4,WW domain ligands,DOC,The Class IV WW domain interaction motif is recognised primarily by the Pin1 phosphorylation-dependent prolyl isomerase.,PF00397,WW,WW domain,...([ST])P.,ILFSPK,314,319,P53_HUMAN,Homo sapiens,12397362,true positive,96,1,ordered
ELME000136,DOC_WW_Pin1_4,WW domain ligands,DOC,The Class IV WW domain interaction motif is recognised primarily by the Pin1 phosphorylation-dependent prolyl isomerase.,PF00397,WW,WW domain,...([ST])P.,ILFSPK,314,319,P73_HUMAN,Homo sapiens,15175157,true positive,96,1,ordered
ELME000136,DOC_WW_Pin1_4,WW domain ligands,DOC,The Class IV WW domain interaction motif is recognised primarily by the Pin1 phosphorylation-dependent prolyl isomerase.,PF00397,WW,WW domain,...([ST])P.,ILFSPK,314,319,PML_HUMAN,Homo sapiens,18039859,true positive,96,1,ordered
ELME000136,DOC_WW_Pin1_4,WW domain ligands,DOC,The Class IV WW domain interaction motif is recognised primarily by the Pin1 phosphorylation-dependent prolyl isomerase.,PF00397,WW,WW domain,...([ST])P.,ILFSPK,314,319,PO5F1_HUMAN,Homo sapiens,21296877,true positive,96,1,ordered
ELME000136,DOC_WW_Pin1_4,WW domain ligands,DOC,The Class IV WW domain interaction motif is recognised primarily by the Pin1 phosphorylation-dependent prolyl isomerase.,PF00397,WW,WW domain,...([ST])P.,ILFSPK,314,319,PPARG_HUMAN,Homo sapiens,19996102,true positive,96,1,ordered
ELME000136,DOC_WW_Pin1_4,WW domain ligands,DOC,The Class IV WW domain interaction motif is recognised primarily by the Pin1 phosphorylation-dependent prolyl isomerase.,PF00397,WW,WW domain,...([ST])P.,ILFSPK,314,319,RARA_HUMAN,Homo sapiens,15670742,true positive,96,1,ordered
ELME000136,DOC_WW_Pin1_4,WW domain ligands,DOC,The Class IV WW domain interaction motif is recognised primarily by the Pin1 phosphorylation-dependent prolyl isomerase.,PF00397,WW,WW domain,...([ST])P.,ILFSPK,314,319,SMAD3_HUMAN,Homo sapiens,19122240 21685363,true positive,96,1,ordered
ELME000136,DOC_WW_Pin1_4,WW domain ligands,DOC,The Class IV WW domain interaction motif is recognised primarily by the Pin1 phosphorylation-dependent prolyl isomerase.,PF00397,WW,WW domain,...([ST])P.,ILFSPK,314,319,SMAD3_HUMAN,Homo sapiens,19122240,true positive,96,1,ordered
ELME000136,DOC_WW_Pin1_4,WW domain ligands,DOC,The Class IV WW domain interaction motif is recognised primarily by the Pin1 phosphorylation-dependent prolyl isomerase.,PF00397,WW,WW domain,...([ST])P.,ILFSPK,314,319,SNCAP_HUMAN,Homo sapiens,16365047,true positive,96,1,ordered
ELME000136,DOC_WW_Pin1_4,WW domain ligands,DOC,The Class IV WW domain interaction motif is recognised primarily by the Pin1 phosphorylation-dependent prolyl isomerase.,PF00397,WW,WW domain,...([ST])P.,ILFSPK,314,319,SOC1_ARATH,Arabidopsis thaliana,20129060,true positive,96,1,ordered
ELME000136,DOC_WW_Pin1_4,WW domain ligands,DOC,The Class IV WW domain interaction motif is recognised primarily by the Pin1 phosphorylation-dependent prolyl isomerase.,PF00397,WW,WW domain,...([ST])P.,ILFSPK,314,319,SPT23_YEAST,Saccharomyces cerevisiae S288c,19597489,true positive,96,1,ordered
ELME000136,DOC_WW_Pin1_4,WW domain ligands,DOC,The Class IV WW domain interaction motif is recognised primarily by the Pin1 phosphorylation-dependent prolyl isomerase.,PF00397,WW,WW domain,...([ST])P.,ILFSPK,314,319,ST4A1_HUMAN,Homo sapiens,19439498 20920535,true positive,96,1,ordered
ELME000136,DOC_WW_Pin1_4,WW domain ligands,DOC,The Class IV WW domain interaction motif is recognised primarily by the Pin1 phosphorylation-dependent prolyl isomerase.,PF00397,WW,WW domain,...([ST])P.,ILFSPK,314,319,STAT3_HUMAN,Homo sapiens,17563747,true positive,96,1,ordered
ELME000136,DOC_WW_Pin1_4,WW domain ligands,DOC,The Class IV WW domain interaction motif is recognised primarily by the Pin1 phosphorylation-dependent prolyl isomerase.,PF00397,WW,WW domain,...([ST])P.,ILFSPK,314,319,STF1_MOUSE,Mus musculus,19995909,true positive,96,1,ordered
ELME000136,DOC_WW_Pin1_4,WW domain ligands,DOC,The Class IV WW domain interaction motif is recognised primarily by the Pin1 phosphorylation-dependent prolyl isomerase.,PF00397,WW,WW domain,...([ST])P.,ILFSPK,314,319,TAU_HUMAN,Homo sapiens,10391244,true positive,96,1,ordered
ELME000136,DOC_WW_Pin1_4,WW domain ligands,DOC,The Class IV WW domain interaction motif is recognised primarily by the Pin1 phosphorylation-dependent prolyl isomerase.,PF00397,WW,WW domain,...([ST])P.,ILFSPK,314,319,TAX_HTL1A,Human T-cell lymphotrophic virus type 1 (strain ATK),19338781,true positive,96,1,ordered
ELME000136,DOC_WW_Pin1_4,WW domain ligands,DOC,The Class IV WW domain interaction motif is recognised primarily by the Pin1 phosphorylation-dependent prolyl isomerase.,PF00397,WW,WW domain,...([ST])P.,ILFSPK,314,319,TERF1_HUMAN,Homo sapiens,19060891,true positive,96,1,ordered
ELME000136,DOC_WW_Pin1_4,WW domain ligands,DOC,The Class IV WW domain interaction motif is recognised primarily by the Pin1 phosphorylation-dependent prolyl isomerase.,PF00397,WW,WW domain,...([ST])P.,ILFSPK,314,319,TF65_HUMAN,Homo sapiens,14690596,true positive,96,1,ordered
ELME000136,DOC_WW_Pin1_4,WW domain ligands,DOC,The Class IV WW domain interaction motif is recognised primarily by the Pin1 phosphorylation-dependent prolyl isomerase.,PF00397,WW,WW domain,...([ST])P.,ILFSPK,314,319,TFCP2_HUMAN,Homo sapiens,20682773,true positive,96,1,ordered
ELME000136,DOC_WW_Pin1_4,WW domain ligands,DOC,The Class IV WW domain interaction motif is recognised primarily by the Pin1 phosphorylation-dependent prolyl isomerase.,PF00397,WW,WW domain,...([ST])P.,ILFSPK,314,319,WEE1B_XENLA,Xenopus laevis,17360425,true positive,96,1,ordered
ELME000136,DOC_WW_Pin1_4,WW domain ligands,DOC,The Class IV WW domain interaction motif is recognised primarily by the Pin1 phosphorylation-dependent prolyl isomerase.,PF00397,WW,WW domain,...([ST])P.,ILFSPK,314,319,X_HBVA3,Hepatitis B virus adw2/Rutter/1979,17383430,true positive,96,1,ordered
ELME000136,DOC_WW_Pin1_4,WW domain ligands,DOC,The Class IV WW domain interaction motif is recognised primarily by the Pin1 phosphorylation-dependent prolyl isomerase.,PF00397,WW,WW domain,...([ST])P.,LVETPP,330,335,A4_HUMAN,Homo sapiens,16139797,true positive,96,1,disordered
ELME000136,DOC_WW_Pin1_4,WW domain ligands,DOC,The Class IV WW domain interaction motif is recognised primarily by the Pin1 phosphorylation-dependent prolyl isomerase.,PF00397,WW,WW domain,...([ST])P.,LVETPP,330,335,A4_HUMAN,Homo sapiens,19602287,true positive,96,1,disordered
ELME000136,DOC_WW_Pin1_4,WW domain ligands,DOC,The Class IV WW domain interaction motif is recognised primarily by the Pin1 phosphorylation-dependent prolyl isomerase.,PF00397,WW,WW domain,...([ST])P.,LVETPP,330,335,AATF_HUMAN,Homo sapiens,17468107,true positive,96,1,disordered
ELME000136,DOC_WW_Pin1_4,WW domain ligands,DOC,The Class IV WW domain interaction motif is recognised primarily by the Pin1 phosphorylation-dependent prolyl isomerase.,PF00397,WW,WW domain,...([ST])P.,LVETPP,330,335,AGL24_ARATH,Arabidopsis thaliana,20129060,true positive,96,1,disordered
ELME000136,DOC_WW_Pin1_4,WW domain ligands,DOC,The Class IV WW domain interaction motif is recognised primarily by the Pin1 phosphorylation-dependent prolyl isomerase.,PF00397,WW,WW domain,...([ST])P.,LVETPP,330,335,AKT1_HUMAN,Homo sapiens,19448664,true positive,96,1,disordered
ELME000136,DOC_WW_Pin1_4,WW domain ligands,DOC,The Class IV WW domain interaction motif is recognised primarily by the Pin1 phosphorylation-dependent prolyl isomerase.,PF00397,WW,WW domain,...([ST])P.,LVETPP,330,335,ARBK1_MOUSE,Mus musculus,20080565,true positive,96,1,disordered
ELME000136,DOC_WW_Pin1_4,WW domain ligands,DOC,The Class IV WW domain interaction motif is recognised primarily by the Pin1 phosphorylation-dependent prolyl isomerase.,PF00397,WW,WW domain,...([ST])P.,LVETPP,330,335,B2L11_MOUSE,Mus musculus,1650491,true positive,96,1,disordered
ELME000136,DOC_WW_Pin1_4,WW domain ligands,DOC,The Class IV WW domain interaction motif is recognised primarily by the Pin1 phosphorylation-dependent prolyl isomerase.,PF00397,WW,WW domain,...([ST])P.,LVETPP,330,335,BTG2_HUMAN,Homo sapiens,15788397,true positive,96,1,disordered
ELME000136,DOC_WW_Pin1_4,WW domain ligands,DOC,The Class IV WW domain interaction motif is recognised primarily by the Pin1 phosphorylation-dependent prolyl isomerase.,PF00397,WW,WW domain,...([ST])P.,LVETPP,330,335,BTK_MOUSE,Mus musculus,16644721,true positive,96,1,disordered
ELME000136,DOC_WW_Pin1_4,WW domain ligands,DOC,The Class IV WW domain interaction motif is recognised primarily by the Pin1 phosphorylation-dependent prolyl isomerase.,PF00397,WW,WW domain,...([ST])P.,LVETPP,330,335,CCND1_MOUSE,Mus musculus,11805292,true positive,96,1,disordered
ELME000136,DOC_WW_Pin1_4,WW domain ligands,DOC,The Class IV WW domain interaction motif is recognised primarily by the Pin1 phosphorylation-dependent prolyl isomerase.,PF00397,WW,WW domain,...([ST])P.,LVETPP,330,335,CCNE1_MOUSE,Mus musculus,16223725,true positive,96,1,disordered
ELME000136,DOC_WW_Pin1_4,WW domain ligands,DOC,The Class IV WW domain interaction motif is recognised primarily by the Pin1 phosphorylation-dependent prolyl isomerase.,PF00397,WW,WW domain,...([ST])P.,LVETPP,330,335,CDN1B_HUMAN,Homo sapiens,19584057,true positive,96,1,disordered
ELME000136,DOC_WW_Pin1_4,WW domain ligands,DOC,The Class IV WW domain interaction motif is recognised primarily by the Pin1 phosphorylation-dependent prolyl isomerase.,PF00397,WW,WW domain,...([ST])P.,LVETPP,330,335,CEP55_MOUSE,Mus musculus,19638580,true positive,96,1,disordered
ELME000136,DOC_WW_Pin1_4,WW domain ligands,DOC,The Class IV WW domain interaction motif is recognised primarily by the Pin1 phosphorylation-dependent prolyl isomerase.,PF00397,WW,WW domain,...([ST])P.,LVETPP,330,335,CRTC2_MOUSE,Mus musculus,20675384,true positive,96,1,disordered
ELME000136,DOC_WW_Pin1_4,WW domain ligands,DOC,The Class IV WW domain interaction motif is recognised primarily by the Pin1 phosphorylation-dependent prolyl isomerase.,PF00397,WW,WW domain,...([ST])P.,LVETPP,330,335,CTNB1_HUMAN,Homo sapiens,11533658,true positive,96,1,disordered
ELME000136,DOC_WW_Pin1_4,WW domain ligands,DOC,The Class IV WW domain interaction motif is recognised primarily by the Pin1 phosphorylation-dependent prolyl isomerase.,PF00397,WW,WW domain,...([ST])P.,LVETPP,330,335,DAXX_HUMAN,Homo sapiens,17938171,true positive,96,1,disordered
ELME000136,DOC_WW_Pin1_4,WW domain ligands,DOC,The Class IV WW domain interaction motif is recognised primarily by the Pin1 phosphorylation-dependent prolyl isomerase.,PF00397,WW,WW domain,...([ST])P.,LVETPP,330,335,FAK1_HUMAN,Homo sapiens,19595712,true positive,96,1,disordered
ELME000136,DOC_WW_Pin1_4,WW domain ligands,DOC,The Class IV WW domain interaction motif is recognised primarily by the Pin1 phosphorylation-dependent prolyl isomerase.,PF00397,WW,WW domain,...([ST])P.,LVETPP,330,335,FAK1_MOUSE,Mus musculus,19595712,true positive,96,1,disordered
ELME000136,DOC_WW_Pin1_4,WW domain ligands,DOC,The Class IV WW domain interaction motif is recognised primarily by the Pin1 phosphorylation-dependent prolyl isomerase.,PF00397,WW,WW domain,...([ST])P.,LVETPP,330,335,FBX5A_XENLA,Xenopus laevis,17159919,true positive,96,1,disordered
ELME000136,DOC_WW_Pin1_4,WW domain ligands,DOC,The Class IV WW domain interaction motif is recognised primarily by the Pin1 phosphorylation-dependent prolyl isomerase.,PF00397,WW,WW domain,...([ST])P.,LVETPP,330,335,FBXW7_HUMAN,Homo sapiens,22608923,true positive,96,1,disordered
ELME000136,DOC_WW_Pin1_4,WW domain ligands,DOC,The Class IV WW domain interaction motif is recognised primarily by the Pin1 phosphorylation-dependent prolyl isomerase.,PF00397,WW,WW domain,...([ST])P.,LVETPP,330,335,FOS_MOUSE,Mus musculus,16123044,true positive,96,1,disordered
ELME000136,DOC_WW_Pin1_4,WW domain ligands,DOC,The Class IV WW domain interaction motif is recognised primarily by the Pin1 phosphorylation-dependent prolyl isomerase.,PF00397,WW,WW domain,...([ST])P.,LVETPP,330,335,FUBP2_HUMAN,Homo sapiens,19770516,true positive,96,1,disordered
ELME000136,DOC_WW_Pin1_4,WW domain ligands,DOC,The Class IV WW domain interaction motif is recognised primarily by the Pin1 phosphorylation-dependent prolyl isomerase.,PF00397,WW,WW domain,...([ST])P.,LVETPP,330,335,GEPH_MOUSE,Mus musculus,17347650,true positive,96,1,disordered
ELME000136,DOC_WW_Pin1_4,WW domain ligands,DOC,The Class IV WW domain interaction motif is recognised primarily by the Pin1 phosphorylation-dependent prolyl isomerase.,PF00397,WW,WW domain,...([ST])P.,LVETPP,330,335,IRF3_HUMAN,Homo sapiens,16699525,true positive,96,1,disordered
ELME000136,DOC_WW_Pin1_4,WW domain ligands,DOC,The Class IV WW domain interaction motif is recognised primarily by the Pin1 phosphorylation-dependent prolyl isomerase.,PF00397,WW,WW domain,...([ST])P.,LVETPP,330,335,IRS1_HUMAN,Homo sapiens,21454638,true positive,96,1,disordered
ELME000136,DOC_WW_Pin1_4,WW domain ligands,DOC,The Class IV WW domain interaction motif is recognised primarily by the Pin1 phosphorylation-dependent prolyl isomerase.,PF00397,WW,WW domain,...([ST])P.,LVETPP,330,335,JUN_HUMAN,Homo sapiens,11432833,true positive,96,1,disordered
ELME000136,DOC_WW_Pin1_4,WW domain ligands,DOC,The Class IV WW domain interaction motif is recognised primarily by the Pin1 phosphorylation-dependent prolyl isomerase.,PF00397,WW,WW domain,...([ST])P.,LVETPP,330,335,KI20B_HUMAN,Homo sapiens,11470801,true positive,96,1,disordered
ELME000136,DOC_WW_Pin1_4,WW domain ligands,DOC,The Class IV WW domain interaction motif is recognised primarily by the Pin1 phosphorylation-dependent prolyl isomerase.,PF00397,WW,WW domain,...([ST])P.,LVETPP,330,335,MEF2C_MOUSE,Mus musculus,20801874,true positive,96,1,disordered
ELME000136,DOC_WW_Pin1_4,WW domain ligands,DOC,The Class IV WW domain interaction motif is recognised primarily by the Pin1 phosphorylation-dependent prolyl isomerase.,PF00397,WW,WW domain,...([ST])P.,LVETPP,330,335,MYB_MOUSE,Mus musculus,18359295,true positive,96,1,disordered
ELME000136,DOC_WW_Pin1_4,WW domain ligands,DOC,The Class IV WW domain interaction motif is recognised primarily by the Pin1 phosphorylation-dependent prolyl isomerase.,PF00397,WW,WW domain,...([ST])P.,LVETPP,330,335,MYC_HUMAN,Homo sapiens,15048125,true positive,96,1,disordered
ELME000136,DOC_WW_Pin1_4,WW domain ligands,DOC,The Class IV WW domain interaction motif is recognised primarily by the Pin1 phosphorylation-dependent prolyl isomerase.,PF00397,WW,WW domain,...([ST])P.,LVETPP,330,335,NANOG_MOUSE,Mus musculus,20622153,true positive,96,1,disordered
ELME000136,DOC_WW_Pin1_4,WW domain ligands,DOC,The Class IV WW domain interaction motif is recognised primarily by the Pin1 phosphorylation-dependent prolyl isomerase.,PF00397,WW,WW domain,...([ST])P.,LVETPP,330,335,NCF1_HUMAN,Homo sapiens,20956805,true positive,96,1,disordered
ELME000136,DOC_WW_Pin1_4,WW domain ligands,DOC,The Class IV WW domain interaction motif is recognised primarily by the Pin1 phosphorylation-dependent prolyl isomerase.,PF00397,WW,WW domain,...([ST])P.,LVETPP,330,335,NCOR2_HUMAN,Homo sapiens,18838553,true positive,96,1,disordered
ELME000136,DOC_WW_Pin1_4,WW domain ligands,DOC,The Class IV WW domain interaction motif is recognised primarily by the Pin1 phosphorylation-dependent prolyl isomerase.,PF00397,WW,WW domain,...([ST])P.,LVETPP,330,335,NEK6_HUMAN,Homo sapiens,16476580,true positive,96,1,disordered
ELME000136,DOC_WW_Pin1_4,WW domain ligands,DOC,The Class IV WW domain interaction motif is recognised primarily by the Pin1 phosphorylation-dependent prolyl isomerase.,PF00397,WW,WW domain,...([ST])P.,LVETPP,330,335,NONO_MOUSE,Mus musculus,15701524,true positive,96,1,disordered
ELME000136,DOC_WW_Pin1_4,WW domain ligands,DOC,The Class IV WW domain interaction motif is recognised primarily by the Pin1 phosphorylation-dependent prolyl isomerase.,PF00397,WW,WW domain,...([ST])P.,LVETPP,330,335,NOTC1_HUMAN,Homo sapiens,19151708,true positive,96,1,disordered
ELME000136,DOC_WW_Pin1_4,WW domain ligands,DOC,The Class IV WW domain interaction motif is recognised primarily by the Pin1 phosphorylation-dependent prolyl isomerase.,PF00397,WW,WW domain,...([ST])P.,LVETPP,330,335,NR4A1_HUMAN,Homo sapiens,22002310,true positive,96,1,disordered
ELME000136,DOC_WW_Pin1_4,WW domain ligands,DOC,The Class IV WW domain interaction motif is recognised primarily by the Pin1 phosphorylation-dependent prolyl isomerase.,PF00397,WW,WW domain,...([ST])P.,LVETPP,330,335,P53_HUMAN,Homo sapiens,12388558,true positive,96,1,disordered
ELME000136,DOC_WW_Pin1_4,WW domain ligands,DOC,The Class IV WW domain interaction motif is recognised primarily by the Pin1 phosphorylation-dependent prolyl isomerase.,PF00397,WW,WW domain,...([ST])P.,LVETPP,330,335,P53_HUMAN,Homo sapiens,12397362,true positive,96,1,disordered
ELME000136,DOC_WW_Pin1_4,WW domain ligands,DOC,The Class IV WW domain interaction motif is recognised primarily by the Pin1 phosphorylation-dependent prolyl isomerase.,PF00397,WW,WW domain,...([ST])P.,LVETPP,330,335,P73_HUMAN,Homo sapiens,15175157,true positive,96,1,disordered
ELME000136,DOC_WW_Pin1_4,WW domain ligands,DOC,The Class IV WW domain interaction motif is recognised primarily by the Pin1 phosphorylation-dependent prolyl isomerase.,PF00397,WW,WW domain,...([ST])P.,LVETPP,330,335,PML_HUMAN,Homo sapiens,18039859,true positive,96,1,disordered
ELME000136,DOC_WW_Pin1_4,WW domain ligands,DOC,The Class IV WW domain interaction motif is recognised primarily by the Pin1 phosphorylation-dependent prolyl isomerase.,PF00397,WW,WW domain,...([ST])P.,LVETPP,330,335,PO5F1_HUMAN,Homo sapiens,21296877,true positive,96,1,disordered
ELME000136,DOC_WW_Pin1_4,WW domain ligands,DOC,The Class IV WW domain interaction motif is recognised primarily by the Pin1 phosphorylation-dependent prolyl isomerase.,PF00397,WW,WW domain,...([ST])P.,LVETPP,330,335,PPARG_HUMAN,Homo sapiens,19996102,true positive,96,1,disordered
ELME000136,DOC_WW_Pin1_4,WW domain ligands,DOC,The Class IV WW domain interaction motif is recognised primarily by the Pin1 phosphorylation-dependent prolyl isomerase.,PF00397,WW,WW domain,...([ST])P.,LVETPP,330,335,RARA_HUMAN,Homo sapiens,15670742,true positive,96,1,disordered
ELME000136,DOC_WW_Pin1_4,WW domain ligands,DOC,The Class IV WW domain interaction motif is recognised primarily by the Pin1 phosphorylation-dependent prolyl isomerase.,PF00397,WW,WW domain,...([ST])P.,LVETPP,330,335,SMAD3_HUMAN,Homo sapiens,19122240 21685363,true positive,96,1,disordered
ELME000136,DOC_WW_Pin1_4,WW domain ligands,DOC,The Class IV WW domain interaction motif is recognised primarily by the Pin1 phosphorylation-dependent prolyl isomerase.,PF00397,WW,WW domain,...([ST])P.,LVETPP,330,335,SMAD3_HUMAN,Homo sapiens,19122240,true positive,96,1,disordered
ELME000136,DOC_WW_Pin1_4,WW domain ligands,DOC,The Class IV WW domain interaction motif is recognised primarily by the Pin1 phosphorylation-dependent prolyl isomerase.,PF00397,WW,WW domain,...([ST])P.,LVETPP,330,335,SNCAP_HUMAN,Homo sapiens,16365047,true positive,96,1,disordered
ELME000136,DOC_WW_Pin1_4,WW domain ligands,DOC,The Class IV WW domain interaction motif is recognised primarily by the Pin1 phosphorylation-dependent prolyl isomerase.,PF00397,WW,WW domain,...([ST])P.,LVETPP,330,335,SOC1_ARATH,Arabidopsis thaliana,20129060,true positive,96,1,disordered
ELME000136,DOC_WW_Pin1_4,WW domain ligands,DOC,The Class IV WW domain interaction motif is recognised primarily by the Pin1 phosphorylation-dependent prolyl isomerase.,PF00397,WW,WW domain,...([ST])P.,LVETPP,330,335,SPT23_YEAST,Saccharomyces cerevisiae S288c,19597489,true positive,96,1,disordered
ELME000136,DOC_WW_Pin1_4,WW domain ligands,DOC,The Class IV WW domain interaction motif is recognised primarily by the Pin1 phosphorylation-dependent prolyl isomerase.,PF00397,WW,WW domain,...([ST])P.,LVETPP,330,335,ST4A1_HUMAN,Homo sapiens,19439498 20920535,true positive,96,1,disordered
ELME000136,DOC_WW_Pin1_4,WW domain ligands,DOC,The Class IV WW domain interaction motif is recognised primarily by the Pin1 phosphorylation-dependent prolyl isomerase.,PF00397,WW,WW domain,...([ST])P.,LVETPP,330,335,STAT3_HUMAN,Homo sapiens,17563747,true positive,96,1,disordered
ELME000136,DOC_WW_Pin1_4,WW domain ligands,DOC,The Class IV WW domain interaction motif is recognised primarily by the Pin1 phosphorylation-dependent prolyl isomerase.,PF00397,WW,WW domain,...([ST])P.,LVETPP,330,335,STF1_MOUSE,Mus musculus,19995909,true positive,96,1,disordered
ELME000136,DOC_WW_Pin1_4,WW domain ligands,DOC,The Class IV WW domain interaction motif is recognised primarily by the Pin1 phosphorylation-dependent prolyl isomerase.,PF00397,WW,WW domain,...([ST])P.,LVETPP,330,335,TAU_HUMAN,Homo sapiens,10391244,true positive,96,1,disordered
ELME000136,DOC_WW_Pin1_4,WW domain ligands,DOC,The Class IV WW domain interaction motif is recognised primarily by the Pin1 phosphorylation-dependent prolyl isomerase.,PF00397,WW,WW domain,...([ST])P.,LVETPP,330,335,TAX_HTL1A,Human T-cell lymphotrophic virus type 1 (strain ATK),19338781,true positive,96,1,disordered
ELME000136,DOC_WW_Pin1_4,WW domain ligands,DOC,The Class IV WW domain interaction motif is recognised primarily by the Pin1 phosphorylation-dependent prolyl isomerase.,PF00397,WW,WW domain,...([ST])P.,LVETPP,330,335,TERF1_HUMAN,Homo sapiens,19060891,true positive,96,1,disordered
ELME000136,DOC_WW_Pin1_4,WW domain ligands,DOC,The Class IV WW domain interaction motif is recognised primarily by the Pin1 phosphorylation-dependent prolyl isomerase.,PF00397,WW,WW domain,...([ST])P.,LVETPP,330,335,TF65_HUMAN,Homo sapiens,14690596,true positive,96,1,disordered
ELME000136,DOC_WW_Pin1_4,WW domain ligands,DOC,The Class IV WW domain interaction motif is recognised primarily by the Pin1 phosphorylation-dependent prolyl isomerase.,PF00397,WW,WW domain,...([ST])P.,LVETPP,330,335,TFCP2_HUMAN,Homo sapiens,20682773,true positive,96,1,disordered
ELME000136,DOC_WW_Pin1_4,WW domain ligands,DOC,The Class IV WW domain interaction motif is recognised primarily by the Pin1 phosphorylation-dependent prolyl isomerase.,PF00397,WW,WW domain,...([ST])P.,LVETPP,330,335,WEE1B_XENLA,Xenopus laevis,17360425,true positive,96,1,disordered
ELME000136,DOC_WW_Pin1_4,WW domain ligands,DOC,The Class IV WW domain interaction motif is recognised primarily by the Pin1 phosphorylation-dependent prolyl isomerase.,PF00397,WW,WW domain,...([ST])P.,LVETPP,330,335,X_HBVA3,Hepatitis B virus adw2/Rutter/1979,17383430,true positive,96,1,disordered
ELME000136,DOC_WW_Pin1_4,WW domain ligands,DOC,The Class IV WW domain interaction motif is recognised primarily by the Pin1 phosphorylation-dependent prolyl isomerase.,PF00397,WW,WW domain,...([ST])P.,VEETPE,336,341,A4_HUMAN,Homo sapiens,16139797,true positive,96,1,disordered
ELME000136,DOC_WW_Pin1_4,WW domain ligands,DOC,The Class IV WW domain interaction motif is recognised primarily by the Pin1 phosphorylation-dependent prolyl isomerase.,PF00397,WW,WW domain,...([ST])P.,VEETPE,336,341,A4_HUMAN,Homo sapiens,19602287,true positive,96,1,disordered
ELME000136,DOC_WW_Pin1_4,WW domain ligands,DOC,The Class IV WW domain interaction motif is recognised primarily by the Pin1 phosphorylation-dependent prolyl isomerase.,PF00397,WW,WW domain,...([ST])P.,VEETPE,336,341,AATF_HUMAN,Homo sapiens,17468107,true positive,96,1,disordered
ELME000136,DOC_WW_Pin1_4,WW domain ligands,DOC,The Class IV WW domain interaction motif is recognised primarily by the Pin1 phosphorylation-dependent prolyl isomerase.,PF00397,WW,WW domain,...([ST])P.,VEETPE,336,341,AGL24_ARATH,Arabidopsis thaliana,20129060,true positive,96,1,disordered
ELME000136,DOC_WW_Pin1_4,WW domain ligands,DOC,The Class IV WW domain interaction motif is recognised primarily by the Pin1 phosphorylation-dependent prolyl isomerase.,PF00397,WW,WW domain,...([ST])P.,VEETPE,336,341,AKT1_HUMAN,Homo sapiens,19448664,true positive,96,1,disordered
ELME000136,DOC_WW_Pin1_4,WW domain ligands,DOC,The Class IV WW domain interaction motif is recognised primarily by the Pin1 phosphorylation-dependent prolyl isomerase.,PF00397,WW,WW domain,...([ST])P.,VEETPE,336,341,ARBK1_MOUSE,Mus musculus,20080565,true positive,96,1,disordered
ELME000136,DOC_WW_Pin1_4,WW domain ligands,DOC,The Class IV WW domain interaction motif is recognised primarily by the Pin1 phosphorylation-dependent prolyl isomerase.,PF00397,WW,WW domain,...([ST])P.,VEETPE,336,341,B2L11_MOUSE,Mus musculus,1650491,true positive,96,1,disordered
ELME000136,DOC_WW_Pin1_4,WW domain ligands,DOC,The Class IV WW domain interaction motif is recognised primarily by the Pin1 phosphorylation-dependent prolyl isomerase.,PF00397,WW,WW domain,...([ST])P.,VEETPE,336,341,BTG2_HUMAN,Homo sapiens,15788397,true positive,96,1,disordered
ELME000136,DOC_WW_Pin1_4,WW domain ligands,DOC,The Class IV WW domain interaction motif is recognised primarily by the Pin1 phosphorylation-dependent prolyl isomerase.,PF00397,WW,WW domain,...([ST])P.,VEETPE,336,341,BTK_MOUSE,Mus musculus,16644721,true positive,96,1,disordered
ELME000136,DOC_WW_Pin1_4,WW domain ligands,DOC,The Class IV WW domain interaction motif is recognised primarily by the Pin1 phosphorylation-dependent prolyl isomerase.,PF00397,WW,WW domain,...([ST])P.,VEETPE,336,341,CCND1_MOUSE,Mus musculus,11805292,true positive,96,1,disordered
ELME000136,DOC_WW_Pin1_4,WW domain ligands,DOC,The Class IV WW domain interaction motif is recognised primarily by the Pin1 phosphorylation-dependent prolyl isomerase.,PF00397,WW,WW domain,...([ST])P.,VEETPE,336,341,CCNE1_MOUSE,Mus musculus,16223725,true positive,96,1,disordered
ELME000136,DOC_WW_Pin1_4,WW domain ligands,DOC,The Class IV WW domain interaction motif is recognised primarily by the Pin1 phosphorylation-dependent prolyl isomerase.,PF00397,WW,WW domain,...([ST])P.,VEETPE,336,341,CDN1B_HUMAN,Homo sapiens,19584057,true positive,96,1,disordered
ELME000136,DOC_WW_Pin1_4,WW domain ligands,DOC,The Class IV WW domain interaction motif is recognised primarily by the Pin1 phosphorylation-dependent prolyl isomerase.,PF00397,WW,WW domain,...([ST])P.,VEETPE,336,341,CEP55_MOUSE,Mus musculus,19638580,true positive,96,1,disordered
ELME000136,DOC_WW_Pin1_4,WW domain ligands,DOC,The Class IV WW domain interaction motif is recognised primarily by the Pin1 phosphorylation-dependent prolyl isomerase.,PF00397,WW,WW domain,...([ST])P.,VEETPE,336,341,CRTC2_MOUSE,Mus musculus,20675384,true positive,96,1,disordered
ELME000136,DOC_WW_Pin1_4,WW domain ligands,DOC,The Class IV WW domain interaction motif is recognised primarily by the Pin1 phosphorylation-dependent prolyl isomerase.,PF00397,WW,WW domain,...([ST])P.,VEETPE,336,341,CTNB1_HUMAN,Homo sapiens,11533658,true positive,96,1,disordered
ELME000136,DOC_WW_Pin1_4,WW domain ligands,DOC,The Class IV WW domain interaction motif is recognised primarily by the Pin1 phosphorylation-dependent prolyl isomerase.,PF00397,WW,WW domain,...([ST])P.,VEETPE,336,341,DAXX_HUMAN,Homo sapiens,17938171,true positive,96,1,disordered
ELME000136,DOC_WW_Pin1_4,WW domain ligands,DOC,The Class IV WW domain interaction motif is recognised primarily by the Pin1 phosphorylation-dependent prolyl isomerase.,PF00397,WW,WW domain,...([ST])P.,VEETPE,336,341,FAK1_HUMAN,Homo sapiens,19595712,true positive,96,1,disordered
ELME000136,DOC_WW_Pin1_4,WW domain ligands,DOC,The Class IV WW domain interaction motif is recognised primarily by the Pin1 phosphorylation-dependent prolyl isomerase.,PF00397,WW,WW domain,...([ST])P.,VEETPE,336,341,FAK1_MOUSE,Mus musculus,19595712,true positive,96,1,disordered
ELME000136,DOC_WW_Pin1_4,WW domain ligands,DOC,The Class IV WW domain interaction motif is recognised primarily by the Pin1 phosphorylation-dependent prolyl isomerase.,PF00397,WW,WW domain,...([ST])P.,VEETPE,336,341,FBX5A_XENLA,Xenopus laevis,17159919,true positive,96,1,disordered
ELME000136,DOC_WW_Pin1_4,WW domain ligands,DOC,The Class IV WW domain interaction motif is recognised primarily by the Pin1 phosphorylation-dependent prolyl isomerase.,PF00397,WW,WW domain,...([ST])P.,VEETPE,336,341,FBXW7_HUMAN,Homo sapiens,22608923,true positive,96,1,disordered
ELME000136,DOC_WW_Pin1_4,WW domain ligands,DOC,The Class IV WW domain interaction motif is recognised primarily by the Pin1 phosphorylation-dependent prolyl isomerase.,PF00397,WW,WW domain,...([ST])P.,VEETPE,336,341,FOS_MOUSE,Mus musculus,16123044,true positive,96,1,disordered
ELME000136,DOC_WW_Pin1_4,WW domain ligands,DOC,The Class IV WW domain interaction motif is recognised primarily by the Pin1 phosphorylation-dependent prolyl isomerase.,PF00397,WW,WW domain,...([ST])P.,VEETPE,336,341,FUBP2_HUMAN,Homo sapiens,19770516,true positive,96,1,disordered
ELME000136,DOC_WW_Pin1_4,WW domain ligands,DOC,The Class IV WW domain interaction motif is recognised primarily by the Pin1 phosphorylation-dependent prolyl isomerase.,PF00397,WW,WW domain,...([ST])P.,VEETPE,336,341,GEPH_MOUSE,Mus musculus,17347650,true positive,96,1,disordered
ELME000136,DOC_WW_Pin1_4,WW domain ligands,DOC,The Class IV WW domain interaction motif is recognised primarily by the Pin1 phosphorylation-dependent prolyl isomerase.,PF00397,WW,WW domain,...([ST])P.,VEETPE,336,341,IRF3_HUMAN,Homo sapiens,16699525,true positive,96,1,disordered
ELME000136,DOC_WW_Pin1_4,WW domain ligands,DOC,The Class IV WW domain interaction motif is recognised primarily by the Pin1 phosphorylation-dependent prolyl isomerase.,PF00397,WW,WW domain,...([ST])P.,VEETPE,336,341,IRS1_HUMAN,Homo sapiens,21454638,true positive,96,1,disordered
ELME000136,DOC_WW_Pin1_4,WW domain ligands,DOC,The Class IV WW domain interaction motif is recognised primarily by the Pin1 phosphorylation-dependent prolyl isomerase.,PF00397,WW,WW domain,...([ST])P.,VEETPE,336,341,JUN_HUMAN,Homo sapiens,11432833,true positive,96,1,disordered
ELME000136,DOC_WW_Pin1_4,WW domain ligands,DOC,The Class IV WW domain interaction motif is recognised primarily by the Pin1 phosphorylation-dependent prolyl isomerase.,PF00397,WW,WW domain,...([ST])P.,VEETPE,336,341,KI20B_HUMAN,Homo sapiens,11470801,true positive,96,1,disordered
ELME000136,DOC_WW_Pin1_4,WW domain ligands,DOC,The Class IV WW domain interaction motif is recognised primarily by the Pin1 phosphorylation-dependent prolyl isomerase.,PF00397,WW,WW domain,...([ST])P.,VEETPE,336,341,MEF2C_MOUSE,Mus musculus,20801874,true positive,96,1,disordered
ELME000136,DOC_WW_Pin1_4,WW domain ligands,DOC,The Class IV WW domain interaction motif is recognised primarily by the Pin1 phosphorylation-dependent prolyl isomerase.,PF00397,WW,WW domain,...([ST])P.,VEETPE,336,341,MYB_MOUSE,Mus musculus,18359295,true positive,96,1,disordered
ELME000136,DOC_WW_Pin1_4,WW domain ligands,DOC,The Class IV WW domain interaction motif is recognised primarily by the Pin1 phosphorylation-dependent prolyl isomerase.,PF00397,WW,WW domain,...([ST])P.,VEETPE,336,341,MYC_HUMAN,Homo sapiens,15048125,true positive,96,1,disordered
ELME000136,DOC_WW_Pin1_4,WW domain ligands,DOC,The Class IV WW domain interaction motif is recognised primarily by the Pin1 phosphorylation-dependent prolyl isomerase.,PF00397,WW,WW domain,...([ST])P.,VEETPE,336,341,NANOG_MOUSE,Mus musculus,20622153,true positive,96,1,disordered
ELME000136,DOC_WW_Pin1_4,WW domain ligands,DOC,The Class IV WW domain interaction motif is recognised primarily by the Pin1 phosphorylation-dependent prolyl isomerase.,PF00397,WW,WW domain,...([ST])P.,VEETPE,336,341,NCF1_HUMAN,Homo sapiens,20956805,true positive,96,1,disordered
ELME000136,DOC_WW_Pin1_4,WW domain ligands,DOC,The Class IV WW domain interaction motif is recognised primarily by the Pin1 phosphorylation-dependent prolyl isomerase.,PF00397,WW,WW domain,...([ST])P.,VEETPE,336,341,NCOR2_HUMAN,Homo sapiens,18838553,true positive,96,1,disordered
ELME000136,DOC_WW_Pin1_4,WW domain ligands,DOC,The Class IV WW domain interaction motif is recognised primarily by the Pin1 phosphorylation-dependent prolyl isomerase.,PF00397,WW,WW domain,...([ST])P.,VEETPE,336,341,NEK6_HUMAN,Homo sapiens,16476580,true positive,96,1,disordered
ELME000136,DOC_WW_Pin1_4,WW domain ligands,DOC,The Class IV WW domain interaction motif is recognised primarily by the Pin1 phosphorylation-dependent prolyl isomerase.,PF00397,WW,WW domain,...([ST])P.,VEETPE,336,341,NONO_MOUSE,Mus musculus,15701524,true positive,96,1,disordered
ELME000136,DOC_WW_Pin1_4,WW domain ligands,DOC,The Class IV WW domain interaction motif is recognised primarily by the Pin1 phosphorylation-dependent prolyl isomerase.,PF00397,WW,WW domain,...([ST])P.,VEETPE,336,341,NOTC1_HUMAN,Homo sapiens,19151708,true positive,96,1,disordered
ELME000136,DOC_WW_Pin1_4,WW domain ligands,DOC,The Class IV WW domain interaction motif is recognised primarily by the Pin1 phosphorylation-dependent prolyl isomerase.,PF00397,WW,WW domain,...([ST])P.,VEETPE,336,341,NR4A1_HUMAN,Homo sapiens,22002310,true positive,96,1,disordered
ELME000136,DOC_WW_Pin1_4,WW domain ligands,DOC,The Class IV WW domain interaction motif is recognised primarily by the Pin1 phosphorylation-dependent prolyl isomerase.,PF00397,WW,WW domain,...([ST])P.,VEETPE,336,341,P53_HUMAN,Homo sapiens,12388558,true positive,96,1,disordered
ELME000136,DOC_WW_Pin1_4,WW domain ligands,DOC,The Class IV WW domain interaction motif is recognised primarily by the Pin1 phosphorylation-dependent prolyl isomerase.,PF00397,WW,WW domain,...([ST])P.,VEETPE,336,341,P53_HUMAN,Homo sapiens,12397362,true positive,96,1,disordered
ELME000136,DOC_WW_Pin1_4,WW domain ligands,DOC,The Class IV WW domain interaction motif is recognised primarily by the Pin1 phosphorylation-dependent prolyl isomerase.,PF00397,WW,WW domain,...([ST])P.,VEETPE,336,341,P73_HUMAN,Homo sapiens,15175157,true positive,96,1,disordered
ELME000136,DOC_WW_Pin1_4,WW domain ligands,DOC,The Class IV WW domain interaction motif is recognised primarily by the Pin1 phosphorylation-dependent prolyl isomerase.,PF00397,WW,WW domain,...([ST])P.,VEETPE,336,341,PML_HUMAN,Homo sapiens,18039859,true positive,96,1,disordered
ELME000136,DOC_WW_Pin1_4,WW domain ligands,DOC,The Class IV WW domain interaction motif is recognised primarily by the Pin1 phosphorylation-dependent prolyl isomerase.,PF00397,WW,WW domain,...([ST])P.,VEETPE,336,341,PO5F1_HUMAN,Homo sapiens,21296877,true positive,96,1,disordered
ELME000136,DOC_WW_Pin1_4,WW domain ligands,DOC,The Class IV WW domain interaction motif is recognised primarily by the Pin1 phosphorylation-dependent prolyl isomerase.,PF00397,WW,WW domain,...([ST])P.,VEETPE,336,341,PPARG_HUMAN,Homo sapiens,19996102,true positive,96,1,disordered
ELME000136,DOC_WW_Pin1_4,WW domain ligands,DOC,The Class IV WW domain interaction motif is recognised primarily by the Pin1 phosphorylation-dependent prolyl isomerase.,PF00397,WW,WW domain,...([ST])P.,VEETPE,336,341,RARA_HUMAN,Homo sapiens,15670742,true positive,96,1,disordered
ELME000136,DOC_WW_Pin1_4,WW domain ligands,DOC,The Class IV WW domain interaction motif is recognised primarily by the Pin1 phosphorylation-dependent prolyl isomerase.,PF00397,WW,WW domain,...([ST])P.,VEETPE,336,341,SMAD3_HUMAN,Homo sapiens,19122240 21685363,true positive,96,1,disordered
ELME000136,DOC_WW_Pin1_4,WW domain ligands,DOC,The Class IV WW domain interaction motif is recognised primarily by the Pin1 phosphorylation-dependent prolyl isomerase.,PF00397,WW,WW domain,...([ST])P.,VEETPE,336,341,SMAD3_HUMAN,Homo sapiens,19122240,true positive,96,1,disordered
ELME000136,DOC_WW_Pin1_4,WW domain ligands,DOC,The Class IV WW domain interaction motif is recognised primarily by the Pin1 phosphorylation-dependent prolyl isomerase.,PF00397,WW,WW domain,...([ST])P.,VEETPE,336,341,SNCAP_HUMAN,Homo sapiens,16365047,true positive,96,1,disordered
ELME000136,DOC_WW_Pin1_4,WW domain ligands,DOC,The Class IV WW domain interaction motif is recognised primarily by the Pin1 phosphorylation-dependent prolyl isomerase.,PF00397,WW,WW domain,...([ST])P.,VEETPE,336,341,SOC1_ARATH,Arabidopsis thaliana,20129060,true positive,96,1,disordered
ELME000136,DOC_WW_Pin1_4,WW domain ligands,DOC,The Class IV WW domain interaction motif is recognised primarily by the Pin1 phosphorylation-dependent prolyl isomerase.,PF00397,WW,WW domain,...([ST])P.,VEETPE,336,341,SPT23_YEAST,Saccharomyces cerevisiae S288c,19597489,true positive,96,1,disordered
ELME000136,DOC_WW_Pin1_4,WW domain ligands,DOC,The Class IV WW domain interaction motif is recognised primarily by the Pin1 phosphorylation-dependent prolyl isomerase.,PF00397,WW,WW domain,...([ST])P.,VEETPE,336,341,ST4A1_HUMAN,Homo sapiens,19439498 20920535,true positive,96,1,disordered
ELME000136,DOC_WW_Pin1_4,WW domain ligands,DOC,The Class IV WW domain interaction motif is recognised primarily by the Pin1 phosphorylation-dependent prolyl isomerase.,PF00397,WW,WW domain,...([ST])P.,VEETPE,336,341,STAT3_HUMAN,Homo sapiens,17563747,true positive,96,1,disordered
ELME000136,DOC_WW_Pin1_4,WW domain ligands,DOC,The Class IV WW domain interaction motif is recognised primarily by the Pin1 phosphorylation-dependent prolyl isomerase.,PF00397,WW,WW domain,...([ST])P.,VEETPE,336,341,STF1_MOUSE,Mus musculus,19995909,true positive,96,1,disordered
ELME000136,DOC_WW_Pin1_4,WW domain ligands,DOC,The Class IV WW domain interaction motif is recognised primarily by the Pin1 phosphorylation-dependent prolyl isomerase.,PF00397,WW,WW domain,...([ST])P.,VEETPE,336,341,TAU_HUMAN,Homo sapiens,10391244,true positive,96,1,disordered
ELME000136,DOC_WW_Pin1_4,WW domain ligands,DOC,The Class IV WW domain interaction motif is recognised primarily by the Pin1 phosphorylation-dependent prolyl isomerase.,PF00397,WW,WW domain,...([ST])P.,VEETPE,336,341,TAX_HTL1A,Human T-cell lymphotrophic virus type 1 (strain ATK),19338781,true positive,96,1,disordered
ELME000136,DOC_WW_Pin1_4,WW domain ligands,DOC,The Class IV WW domain interaction motif is recognised primarily by the Pin1 phosphorylation-dependent prolyl isomerase.,PF00397,WW,WW domain,...([ST])P.,VEETPE,336,341,TERF1_HUMAN,Homo sapiens,19060891,true positive,96,1,disordered
ELME000136,DOC_WW_Pin1_4,WW domain ligands,DOC,The Class IV WW domain interaction motif is recognised primarily by the Pin1 phosphorylation-dependent prolyl isomerase.,PF00397,WW,WW domain,...([ST])P.,VEETPE,336,341,TF65_HUMAN,Homo sapiens,14690596,true positive,96,1,disordered
ELME000136,DOC_WW_Pin1_4,WW domain ligands,DOC,The Class IV WW domain interaction motif is recognised primarily by the Pin1 phosphorylation-dependent prolyl isomerase.,PF00397,WW,WW domain,...([ST])P.,VEETPE,336,341,TFCP2_HUMAN,Homo sapiens,20682773,true positive,96,1,disordered
ELME000136,DOC_WW_Pin1_4,WW domain ligands,DOC,The Class IV WW domain interaction motif is recognised primarily by the Pin1 phosphorylation-dependent prolyl isomerase.,PF00397,WW,WW domain,...([ST])P.,VEETPE,336,341,WEE1B_XENLA,Xenopus laevis,17360425,true positive,96,1,disordered
ELME000136,DOC_WW_Pin1_4,WW domain ligands,DOC,The Class IV WW domain interaction motif is recognised primarily by the Pin1 phosphorylation-dependent prolyl isomerase.,PF00397,WW,WW domain,...([ST])P.,VEETPE,336,341,X_HBVA3,Hepatitis B virus adw2/Rutter/1979,17383430,true positive,96,1,disordered
ELME000136,DOC_WW_Pin1_4,WW domain ligands,DOC,The Class IV WW domain interaction motif is recognised primarily by the Pin1 phosphorylation-dependent prolyl isomerase.,PF00397,WW,WW domain,...([ST])P.,TEGTPE,349,354,A4_HUMAN,Homo sapiens,16139797,true positive,96,1,disordered
ELME000136,DOC_WW_Pin1_4,WW domain ligands,DOC,The Class IV WW domain interaction motif is recognised primarily by the Pin1 phosphorylation-dependent prolyl isomerase.,PF00397,WW,WW domain,...([ST])P.,TEGTPE,349,354,A4_HUMAN,Homo sapiens,19602287,true positive,96,1,disordered
ELME000136,DOC_WW_Pin1_4,WW domain ligands,DOC,The Class IV WW domain interaction motif is recognised primarily by the Pin1 phosphorylation-dependent prolyl isomerase.,PF00397,WW,WW domain,...([ST])P.,TEGTPE,349,354,AATF_HUMAN,Homo sapiens,17468107,true positive,96,1,disordered
ELME000136,DOC_WW_Pin1_4,WW domain ligands,DOC,The Class IV WW domain interaction motif is recognised primarily by the Pin1 phosphorylation-dependent prolyl isomerase.,PF00397,WW,WW domain,...([ST])P.,TEGTPE,349,354,AGL24_ARATH,Arabidopsis thaliana,20129060,true positive,96,1,disordered
ELME000136,DOC_WW_Pin1_4,WW domain ligands,DOC,The Class IV WW domain interaction motif is recognised primarily by the Pin1 phosphorylation-dependent prolyl isomerase.,PF00397,WW,WW domain,...([ST])P.,TEGTPE,349,354,AKT1_HUMAN,Homo sapiens,19448664,true positive,96,1,disordered
ELME000136,DOC_WW_Pin1_4,WW domain ligands,DOC,The Class IV WW domain interaction motif is recognised primarily by the Pin1 phosphorylation-dependent prolyl isomerase.,PF00397,WW,WW domain,...([ST])P.,TEGTPE,349,354,ARBK1_MOUSE,Mus musculus,20080565,true positive,96,1,disordered
ELME000136,DOC_WW_Pin1_4,WW domain ligands,DOC,The Class IV WW domain interaction motif is recognised primarily by the Pin1 phosphorylation-dependent prolyl isomerase.,PF00397,WW,WW domain,...([ST])P.,TEGTPE,349,354,B2L11_MOUSE,Mus musculus,1650491,true positive,96,1,disordered
ELME000136,DOC_WW_Pin1_4,WW domain ligands,DOC,The Class IV WW domain interaction motif is recognised primarily by the Pin1 phosphorylation-dependent prolyl isomerase.,PF00397,WW,WW domain,...([ST])P.,TEGTPE,349,354,BTG2_HUMAN,Homo sapiens,15788397,true positive,96,1,disordered
ELME000136,DOC_WW_Pin1_4,WW domain ligands,DOC,The Class IV WW domain interaction motif is recognised primarily by the Pin1 phosphorylation-dependent prolyl isomerase.,PF00397,WW,WW domain,...([ST])P.,TEGTPE,349,354,BTK_MOUSE,Mus musculus,16644721,true positive,96,1,disordered
ELME000136,DOC_WW_Pin1_4,WW domain ligands,DOC,The Class IV WW domain interaction motif is recognised primarily by the Pin1 phosphorylation-dependent prolyl isomerase.,PF00397,WW,WW domain,...([ST])P.,TEGTPE,349,354,CCND1_MOUSE,Mus musculus,11805292,true positive,96,1,disordered
ELME000136,DOC_WW_Pin1_4,WW domain ligands,DOC,The Class IV WW domain interaction motif is recognised primarily by the Pin1 phosphorylation-dependent prolyl isomerase.,PF00397,WW,WW domain,...([ST])P.,TEGTPE,349,354,CCNE1_MOUSE,Mus musculus,16223725,true positive,96,1,disordered
ELME000136,DOC_WW_Pin1_4,WW domain ligands,DOC,The Class IV WW domain interaction motif is recognised primarily by the Pin1 phosphorylation-dependent prolyl isomerase.,PF00397,WW,WW domain,...([ST])P.,TEGTPE,349,354,CDN1B_HUMAN,Homo sapiens,19584057,true positive,96,1,disordered
ELME000136,DOC_WW_Pin1_4,WW domain ligands,DOC,The Class IV WW domain interaction motif is recognised primarily by the Pin1 phosphorylation-dependent prolyl isomerase.,PF00397,WW,WW domain,...([ST])P.,TEGTPE,349,354,CEP55_MOUSE,Mus musculus,19638580,true positive,96,1,disordered
ELME000136,DOC_WW_Pin1_4,WW domain ligands,DOC,The Class IV WW domain interaction motif is recognised primarily by the Pin1 phosphorylation-dependent prolyl isomerase.,PF00397,WW,WW domain,...([ST])P.,TEGTPE,349,354,CRTC2_MOUSE,Mus musculus,20675384,true positive,96,1,disordered
ELME000136,DOC_WW_Pin1_4,WW domain ligands,DOC,The Class IV WW domain interaction motif is recognised primarily by the Pin1 phosphorylation-dependent prolyl isomerase.,PF00397,WW,WW domain,...([ST])P.,TEGTPE,349,354,CTNB1_HUMAN,Homo sapiens,11533658,true positive,96,1,disordered
ELME000136,DOC_WW_Pin1_4,WW domain ligands,DOC,The Class IV WW domain interaction motif is recognised primarily by the Pin1 phosphorylation-dependent prolyl isomerase.,PF00397,WW,WW domain,...([ST])P.,TEGTPE,349,354,DAXX_HUMAN,Homo sapiens,17938171,true positive,96,1,disordered
ELME000136,DOC_WW_Pin1_4,WW domain ligands,DOC,The Class IV WW domain interaction motif is recognised primarily by the Pin1 phosphorylation-dependent prolyl isomerase.,PF00397,WW,WW domain,...([ST])P.,TEGTPE,349,354,FAK1_HUMAN,Homo sapiens,19595712,true positive,96,1,disordered
ELME000136,DOC_WW_Pin1_4,WW domain ligands,DOC,The Class IV WW domain interaction motif is recognised primarily by the Pin1 phosphorylation-dependent prolyl isomerase.,PF00397,WW,WW domain,...([ST])P.,TEGTPE,349,354,FAK1_MOUSE,Mus musculus,19595712,true positive,96,1,disordered
ELME000136,DOC_WW_Pin1_4,WW domain ligands,DOC,The Class IV WW domain interaction motif is recognised primarily by the Pin1 phosphorylation-dependent prolyl isomerase.,PF00397,WW,WW domain,...([ST])P.,TEGTPE,349,354,FBX5A_XENLA,Xenopus laevis,17159919,true positive,96,1,disordered
ELME000136,DOC_WW_Pin1_4,WW domain ligands,DOC,The Class IV WW domain interaction motif is recognised primarily by the Pin1 phosphorylation-dependent prolyl isomerase.,PF00397,WW,WW domain,...([ST])P.,TEGTPE,349,354,FBXW7_HUMAN,Homo sapiens,22608923,true positive,96,1,disordered
ELME000136,DOC_WW_Pin1_4,WW domain ligands,DOC,The Class IV WW domain interaction motif is recognised primarily by the Pin1 phosphorylation-dependent prolyl isomerase.,PF00397,WW,WW domain,...([ST])P.,TEGTPE,349,354,FOS_MOUSE,Mus musculus,16123044,true positive,96,1,disordered
ELME000136,DOC_WW_Pin1_4,WW domain ligands,DOC,The Class IV WW domain interaction motif is recognised primarily by the Pin1 phosphorylation-dependent prolyl isomerase.,PF00397,WW,WW domain,...([ST])P.,TEGTPE,349,354,FUBP2_HUMAN,Homo sapiens,19770516,true positive,96,1,disordered
ELME000136,DOC_WW_Pin1_4,WW domain ligands,DOC,The Class IV WW domain interaction motif is recognised primarily by the Pin1 phosphorylation-dependent prolyl isomerase.,PF00397,WW,WW domain,...([ST])P.,TEGTPE,349,354,GEPH_MOUSE,Mus musculus,17347650,true positive,96,1,disordered
ELME000136,DOC_WW_Pin1_4,WW domain ligands,DOC,The Class IV WW domain interaction motif is recognised primarily by the Pin1 phosphorylation-dependent prolyl isomerase.,PF00397,WW,WW domain,...([ST])P.,TEGTPE,349,354,IRF3_HUMAN,Homo sapiens,16699525,true positive,96,1,disordered
ELME000136,DOC_WW_Pin1_4,WW domain ligands,DOC,The Class IV WW domain interaction motif is recognised primarily by the Pin1 phosphorylation-dependent prolyl isomerase.,PF00397,WW,WW domain,...([ST])P.,TEGTPE,349,354,IRS1_HUMAN,Homo sapiens,21454638,true positive,96,1,disordered
ELME000136,DOC_WW_Pin1_4,WW domain ligands,DOC,The Class IV WW domain interaction motif is recognised primarily by the Pin1 phosphorylation-dependent prolyl isomerase.,PF00397,WW,WW domain,...([ST])P.,TEGTPE,349,354,JUN_HUMAN,Homo sapiens,11432833,true positive,96,1,disordered
ELME000136,DOC_WW_Pin1_4,WW domain ligands,DOC,The Class IV WW domain interaction motif is recognised primarily by the Pin1 phosphorylation-dependent prolyl isomerase.,PF00397,WW,WW domain,...([ST])P.,TEGTPE,349,354,KI20B_HUMAN,Homo sapiens,11470801,true positive,96,1,disordered
ELME000136,DOC_WW_Pin1_4,WW domain ligands,DOC,The Class IV WW domain interaction motif is recognised primarily by the Pin1 phosphorylation-dependent prolyl isomerase.,PF00397,WW,WW domain,...([ST])P.,TEGTPE,349,354,MEF2C_MOUSE,Mus musculus,20801874,true positive,96,1,disordered
ELME000136,DOC_WW_Pin1_4,WW domain ligands,DOC,The Class IV WW domain interaction motif is recognised primarily by the Pin1 phosphorylation-dependent prolyl isomerase.,PF00397,WW,WW domain,...([ST])P.,TEGTPE,349,354,MYB_MOUSE,Mus musculus,18359295,true positive,96,1,disordered
ELME000136,DOC_WW_Pin1_4,WW domain ligands,DOC,The Class IV WW domain interaction motif is recognised primarily by the Pin1 phosphorylation-dependent prolyl isomerase.,PF00397,WW,WW domain,...([ST])P.,TEGTPE,349,354,MYC_HUMAN,Homo sapiens,15048125,true positive,96,1,disordered
ELME000136,DOC_WW_Pin1_4,WW domain ligands,DOC,The Class IV WW domain interaction motif is recognised primarily by the Pin1 phosphorylation-dependent prolyl isomerase.,PF00397,WW,WW domain,...([ST])P.,TEGTPE,349,354,NANOG_MOUSE,Mus musculus,20622153,true positive,96,1,disordered
ELME000136,DOC_WW_Pin1_4,WW domain ligands,DOC,The Class IV WW domain interaction motif is recognised primarily by the Pin1 phosphorylation-dependent prolyl isomerase.,PF00397,WW,WW domain,...([ST])P.,TEGTPE,349,354,NCF1_HUMAN,Homo sapiens,20956805,true positive,96,1,disordered
ELME000136,DOC_WW_Pin1_4,WW domain ligands,DOC,The Class IV WW domain interaction motif is recognised primarily by the Pin1 phosphorylation-dependent prolyl isomerase.,PF00397,WW,WW domain,...([ST])P.,TEGTPE,349,354,NCOR2_HUMAN,Homo sapiens,18838553,true positive,96,1,disordered
ELME000136,DOC_WW_Pin1_4,WW domain ligands,DOC,The Class IV WW domain interaction motif is recognised primarily by the Pin1 phosphorylation-dependent prolyl isomerase.,PF00397,WW,WW domain,...([ST])P.,TEGTPE,349,354,NEK6_HUMAN,Homo sapiens,16476580,true positive,96,1,disordered
ELME000136,DOC_WW_Pin1_4,WW domain ligands,DOC,The Class IV WW domain interaction motif is recognised primarily by the Pin1 phosphorylation-dependent prolyl isomerase.,PF00397,WW,WW domain,...([ST])P.,TEGTPE,349,354,NONO_MOUSE,Mus musculus,15701524,true positive,96,1,disordered
ELME000136,DOC_WW_Pin1_4,WW domain ligands,DOC,The Class IV WW domain interaction motif is recognised primarily by the Pin1 phosphorylation-dependent prolyl isomerase.,PF00397,WW,WW domain,...([ST])P.,TEGTPE,349,354,NOTC1_HUMAN,Homo sapiens,19151708,true positive,96,1,disordered
ELME000136,DOC_WW_Pin1_4,WW domain ligands,DOC,The Class IV WW domain interaction motif is recognised primarily by the Pin1 phosphorylation-dependent prolyl isomerase.,PF00397,WW,WW domain,...([ST])P.,TEGTPE,349,354,NR4A1_HUMAN,Homo sapiens,22002310,true positive,96,1,disordered
ELME000136,DOC_WW_Pin1_4,WW domain ligands,DOC,The Class IV WW domain interaction motif is recognised primarily by the Pin1 phosphorylation-dependent prolyl isomerase.,PF00397,WW,WW domain,...([ST])P.,TEGTPE,349,354,P53_HUMAN,Homo sapiens,12388558,true positive,96,1,disordered
ELME000136,DOC_WW_Pin1_4,WW domain ligands,DOC,The Class IV WW domain interaction motif is recognised primarily by the Pin1 phosphorylation-dependent prolyl isomerase.,PF00397,WW,WW domain,...([ST])P.,TEGTPE,349,354,P53_HUMAN,Homo sapiens,12397362,true positive,96,1,disordered
ELME000136,DOC_WW_Pin1_4,WW domain ligands,DOC,The Class IV WW domain interaction motif is recognised primarily by the Pin1 phosphorylation-dependent prolyl isomerase.,PF00397,WW,WW domain,...([ST])P.,TEGTPE,349,354,P73_HUMAN,Homo sapiens,15175157,true positive,96,1,disordered
ELME000136,DOC_WW_Pin1_4,WW domain ligands,DOC,The Class IV WW domain interaction motif is recognised primarily by the Pin1 phosphorylation-dependent prolyl isomerase.,PF00397,WW,WW domain,...([ST])P.,TEGTPE,349,354,PML_HUMAN,Homo sapiens,18039859,true positive,96,1,disordered
ELME000136,DOC_WW_Pin1_4,WW domain ligands,DOC,The Class IV WW domain interaction motif is recognised primarily by the Pin1 phosphorylation-dependent prolyl isomerase.,PF00397,WW,WW domain,...([ST])P.,TEGTPE,349,354,PO5F1_HUMAN,Homo sapiens,21296877,true positive,96,1,disordered
ELME000136,DOC_WW_Pin1_4,WW domain ligands,DOC,The Class IV WW domain interaction motif is recognised primarily by the Pin1 phosphorylation-dependent prolyl isomerase.,PF00397,WW,WW domain,...([ST])P.,TEGTPE,349,354,PPARG_HUMAN,Homo sapiens,19996102,true positive,96,1,disordered
ELME000136,DOC_WW_Pin1_4,WW domain ligands,DOC,The Class IV WW domain interaction motif is recognised primarily by the Pin1 phosphorylation-dependent prolyl isomerase.,PF00397,WW,WW domain,...([ST])P.,TEGTPE,349,354,RARA_HUMAN,Homo sapiens,15670742,true positive,96,1,disordered
ELME000136,DOC_WW_Pin1_4,WW domain ligands,DOC,The Class IV WW domain interaction motif is recognised primarily by the Pin1 phosphorylation-dependent prolyl isomerase.,PF00397,WW,WW domain,...([ST])P.,TEGTPE,349,354,SMAD3_HUMAN,Homo sapiens,19122240 21685363,true positive,96,1,disordered
ELME000136,DOC_WW_Pin1_4,WW domain ligands,DOC,The Class IV WW domain interaction motif is recognised primarily by the Pin1 phosphorylation-dependent prolyl isomerase.,PF00397,WW,WW domain,...([ST])P.,TEGTPE,349,354,SMAD3_HUMAN,Homo sapiens,19122240,true positive,96,1,disordered
ELME000136,DOC_WW_Pin1_4,WW domain ligands,DOC,The Class IV WW domain interaction motif is recognised primarily by the Pin1 phosphorylation-dependent prolyl isomerase.,PF00397,WW,WW domain,...([ST])P.,TEGTPE,349,354,SNCAP_HUMAN,Homo sapiens,16365047,true positive,96,1,disordered
ELME000136,DOC_WW_Pin1_4,WW domain ligands,DOC,The Class IV WW domain interaction motif is recognised primarily by the Pin1 phosphorylation-dependent prolyl isomerase.,PF00397,WW,WW domain,...([ST])P.,TEGTPE,349,354,SOC1_ARATH,Arabidopsis thaliana,20129060,true positive,96,1,disordered
ELME000136,DOC_WW_Pin1_4,WW domain ligands,DOC,The Class IV WW domain interaction motif is recognised primarily by the Pin1 phosphorylation-dependent prolyl isomerase.,PF00397,WW,WW domain,...([ST])P.,TEGTPE,349,354,SPT23_YEAST,Saccharomyces cerevisiae S288c,19597489,true positive,96,1,disordered
ELME000136,DOC_WW_Pin1_4,WW domain ligands,DOC,The Class IV WW domain interaction motif is recognised primarily by the Pin1 phosphorylation-dependent prolyl isomerase.,PF00397,WW,WW domain,...([ST])P.,TEGTPE,349,354,ST4A1_HUMAN,Homo sapiens,19439498 20920535,true positive,96,1,disordered
ELME000136,DOC_WW_Pin1_4,WW domain ligands,DOC,The Class IV WW domain interaction motif is recognised primarily by the Pin1 phosphorylation-dependent prolyl isomerase.,PF00397,WW,WW domain,...([ST])P.,TEGTPE,349,354,STAT3_HUMAN,Homo sapiens,17563747,true positive,96,1,disordered
ELME000136,DOC_WW_Pin1_4,WW domain ligands,DOC,The Class IV WW domain interaction motif is recognised primarily by the Pin1 phosphorylation-dependent prolyl isomerase.,PF00397,WW,WW domain,...([ST])P.,TEGTPE,349,354,STF1_MOUSE,Mus musculus,19995909,true positive,96,1,disordered
ELME000136,DOC_WW_Pin1_4,WW domain ligands,DOC,The Class IV WW domain interaction motif is recognised primarily by the Pin1 phosphorylation-dependent prolyl isomerase.,PF00397,WW,WW domain,...([ST])P.,TEGTPE,349,354,TAU_HUMAN,Homo sapiens,10391244,true positive,96,1,disordered
ELME000136,DOC_WW_Pin1_4,WW domain ligands,DOC,The Class IV WW domain interaction motif is recognised primarily by the Pin1 phosphorylation-dependent prolyl isomerase.,PF00397,WW,WW domain,...([ST])P.,TEGTPE,349,354,TAX_HTL1A,Human T-cell lymphotrophic virus type 1 (strain ATK),19338781,true positive,96,1,disordered
ELME000136,DOC_WW_Pin1_4,WW domain ligands,DOC,The Class IV WW domain interaction motif is recognised primarily by the Pin1 phosphorylation-dependent prolyl isomerase.,PF00397,WW,WW domain,...([ST])P.,TEGTPE,349,354,TERF1_HUMAN,Homo sapiens,19060891,true positive,96,1,disordered
ELME000136,DOC_WW_Pin1_4,WW domain ligands,DOC,The Class IV WW domain interaction motif is recognised primarily by the Pin1 phosphorylation-dependent prolyl isomerase.,PF00397,WW,WW domain,...([ST])P.,TEGTPE,349,354,TF65_HUMAN,Homo sapiens,14690596,true positive,96,1,disordered
ELME000136,DOC_WW_Pin1_4,WW domain ligands,DOC,The Class IV WW domain interaction motif is recognised primarily by the Pin1 phosphorylation-dependent prolyl isomerase.,PF00397,WW,WW domain,...([ST])P.,TEGTPE,349,354,TFCP2_HUMAN,Homo sapiens,20682773,true positive,96,1,disordered
ELME000136,DOC_WW_Pin1_4,WW domain ligands,DOC,The Class IV WW domain interaction motif is recognised primarily by the Pin1 phosphorylation-dependent prolyl isomerase.,PF00397,WW,WW domain,...([ST])P.,TEGTPE,349,354,WEE1B_XENLA,Xenopus laevis,17360425,true positive,96,1,disordered
ELME000136,DOC_WW_Pin1_4,WW domain ligands,DOC,The Class IV WW domain interaction motif is recognised primarily by the Pin1 phosphorylation-dependent prolyl isomerase.,PF00397,WW,WW domain,...([ST])P.,TEGTPE,349,354,X_HBVA3,Hepatitis B virus adw2/Rutter/1979,17383430,true positive,96,1,disordered
ELME000136,DOC_WW_Pin1_4,WW domain ligands,DOC,The Class IV WW domain interaction motif is recognised primarily by the Pin1 phosphorylation-dependent prolyl isomerase.,PF00397,WW,WW domain,...([ST])P.,RTRTPE,365,370,A4_HUMAN,Homo sapiens,16139797,true positive,96,1,disordered
ELME000136,DOC_WW_Pin1_4,WW domain ligands,DOC,The Class IV WW domain interaction motif is recognised primarily by the Pin1 phosphorylation-dependent prolyl isomerase.,PF00397,WW,WW domain,...([ST])P.,RTRTPE,365,370,A4_HUMAN,Homo sapiens,19602287,true positive,96,1,disordered
ELME000136,DOC_WW_Pin1_4,WW domain ligands,DOC,The Class IV WW domain interaction motif is recognised primarily by the Pin1 phosphorylation-dependent prolyl isomerase.,PF00397,WW,WW domain,...([ST])P.,RTRTPE,365,370,AATF_HUMAN,Homo sapiens,17468107,true positive,96,1,disordered
ELME000136,DOC_WW_Pin1_4,WW domain ligands,DOC,The Class IV WW domain interaction motif is recognised primarily by the Pin1 phosphorylation-dependent prolyl isomerase.,PF00397,WW,WW domain,...([ST])P.,RTRTPE,365,370,AGL24_ARATH,Arabidopsis thaliana,20129060,true positive,96,1,disordered
ELME000136,DOC_WW_Pin1_4,WW domain ligands,DOC,The Class IV WW domain interaction motif is recognised primarily by the Pin1 phosphorylation-dependent prolyl isomerase.,PF00397,WW,WW domain,...([ST])P.,RTRTPE,365,370,AKT1_HUMAN,Homo sapiens,19448664,true positive,96,1,disordered
ELME000136,DOC_WW_Pin1_4,WW domain ligands,DOC,The Class IV WW domain interaction motif is recognised primarily by the Pin1 phosphorylation-dependent prolyl isomerase.,PF00397,WW,WW domain,...([ST])P.,RTRTPE,365,370,ARBK1_MOUSE,Mus musculus,20080565,true positive,96,1,disordered
ELME000136,DOC_WW_Pin1_4,WW domain ligands,DOC,The Class IV WW domain interaction motif is recognised primarily by the Pin1 phosphorylation-dependent prolyl isomerase.,PF00397,WW,WW domain,...([ST])P.,RTRTPE,365,370,B2L11_MOUSE,Mus musculus,1650491,true positive,96,1,disordered
ELME000136,DOC_WW_Pin1_4,WW domain ligands,DOC,The Class IV WW domain interaction motif is recognised primarily by the Pin1 phosphorylation-dependent prolyl isomerase.,PF00397,WW,WW domain,...([ST])P.,RTRTPE,365,370,BTG2_HUMAN,Homo sapiens,15788397,true positive,96,1,disordered
ELME000136,DOC_WW_Pin1_4,WW domain ligands,DOC,The Class IV WW domain interaction motif is recognised primarily by the Pin1 phosphorylation-dependent prolyl isomerase.,PF00397,WW,WW domain,...([ST])P.,RTRTPE,365,370,BTK_MOUSE,Mus musculus,16644721,true positive,96,1,disordered
ELME000136,DOC_WW_Pin1_4,WW domain ligands,DOC,The Class IV WW domain interaction motif is recognised primarily by the Pin1 phosphorylation-dependent prolyl isomerase.,PF00397,WW,WW domain,...([ST])P.,RTRTPE,365,370,CCND1_MOUSE,Mus musculus,11805292,true positive,96,1,disordered
ELME000136,DOC_WW_Pin1_4,WW domain ligands,DOC,The Class IV WW domain interaction motif is recognised primarily by the Pin1 phosphorylation-dependent prolyl isomerase.,PF00397,WW,WW domain,...([ST])P.,RTRTPE,365,370,CCNE1_MOUSE,Mus musculus,16223725,true positive,96,1,disordered
ELME000136,DOC_WW_Pin1_4,WW domain ligands,DOC,The Class IV WW domain interaction motif is recognised primarily by the Pin1 phosphorylation-dependent prolyl isomerase.,PF00397,WW,WW domain,...([ST])P.,RTRTPE,365,370,CDN1B_HUMAN,Homo sapiens,19584057,true positive,96,1,disordered
ELME000136,DOC_WW_Pin1_4,WW domain ligands,DOC,The Class IV WW domain interaction motif is recognised primarily by the Pin1 phosphorylation-dependent prolyl isomerase.,PF00397,WW,WW domain,...([ST])P.,RTRTPE,365,370,CEP55_MOUSE,Mus musculus,19638580,true positive,96,1,disordered
ELME000136,DOC_WW_Pin1_4,WW domain ligands,DOC,The Class IV WW domain interaction motif is recognised primarily by the Pin1 phosphorylation-dependent prolyl isomerase.,PF00397,WW,WW domain,...([ST])P.,RTRTPE,365,370,CRTC2_MOUSE,Mus musculus,20675384,true positive,96,1,disordered
ELME000136,DOC_WW_Pin1_4,WW domain ligands,DOC,The Class IV WW domain interaction motif is recognised primarily by the Pin1 phosphorylation-dependent prolyl isomerase.,PF00397,WW,WW domain,...([ST])P.,RTRTPE,365,370,CTNB1_HUMAN,Homo sapiens,11533658,true positive,96,1,disordered
ELME000136,DOC_WW_Pin1_4,WW domain ligands,DOC,The Class IV WW domain interaction motif is recognised primarily by the Pin1 phosphorylation-dependent prolyl isomerase.,PF00397,WW,WW domain,...([ST])P.,RTRTPE,365,370,DAXX_HUMAN,Homo sapiens,17938171,true positive,96,1,disordered
ELME000136,DOC_WW_Pin1_4,WW domain ligands,DOC,The Class IV WW domain interaction motif is recognised primarily by the Pin1 phosphorylation-dependent prolyl isomerase.,PF00397,WW,WW domain,...([ST])P.,RTRTPE,365,370,FAK1_HUMAN,Homo sapiens,19595712,true positive,96,1,disordered
ELME000136,DOC_WW_Pin1_4,WW domain ligands,DOC,The Class IV WW domain interaction motif is recognised primarily by the Pin1 phosphorylation-dependent prolyl isomerase.,PF00397,WW,WW domain,...([ST])P.,RTRTPE,365,370,FAK1_MOUSE,Mus musculus,19595712,true positive,96,1,disordered
ELME000136,DOC_WW_Pin1_4,WW domain ligands,DOC,The Class IV WW domain interaction motif is recognised primarily by the Pin1 phosphorylation-dependent prolyl isomerase.,PF00397,WW,WW domain,...([ST])P.,RTRTPE,365,370,FBX5A_XENLA,Xenopus laevis,17159919,true positive,96,1,disordered
ELME000136,DOC_WW_Pin1_4,WW domain ligands,DOC,The Class IV WW domain interaction motif is recognised primarily by the Pin1 phosphorylation-dependent prolyl isomerase.,PF00397,WW,WW domain,...([ST])P.,RTRTPE,365,370,FBXW7_HUMAN,Homo sapiens,22608923,true positive,96,1,disordered
ELME000136,DOC_WW_Pin1_4,WW domain ligands,DOC,The Class IV WW domain interaction motif is recognised primarily by the Pin1 phosphorylation-dependent prolyl isomerase.,PF00397,WW,WW domain,...([ST])P.,RTRTPE,365,370,FOS_MOUSE,Mus musculus,16123044,true positive,96,1,disordered
ELME000136,DOC_WW_Pin1_4,WW domain ligands,DOC,The Class IV WW domain interaction motif is recognised primarily by the Pin1 phosphorylation-dependent prolyl isomerase.,PF00397,WW,WW domain,...([ST])P.,RTRTPE,365,370,FUBP2_HUMAN,Homo sapiens,19770516,true positive,96,1,disordered
ELME000136,DOC_WW_Pin1_4,WW domain ligands,DOC,The Class IV WW domain interaction motif is recognised primarily by the Pin1 phosphorylation-dependent prolyl isomerase.,PF00397,WW,WW domain,...([ST])P.,RTRTPE,365,370,GEPH_MOUSE,Mus musculus,17347650,true positive,96,1,disordered
ELME000136,DOC_WW_Pin1_4,WW domain ligands,DOC,The Class IV WW domain interaction motif is recognised primarily by the Pin1 phosphorylation-dependent prolyl isomerase.,PF00397,WW,WW domain,...([ST])P.,RTRTPE,365,370,IRF3_HUMAN,Homo sapiens,16699525,true positive,96,1,disordered
ELME000136,DOC_WW_Pin1_4,WW domain ligands,DOC,The Class IV WW domain interaction motif is recognised primarily by the Pin1 phosphorylation-dependent prolyl isomerase.,PF00397,WW,WW domain,...([ST])P.,RTRTPE,365,370,IRS1_HUMAN,Homo sapiens,21454638,true positive,96,1,disordered
ELME000136,DOC_WW_Pin1_4,WW domain ligands,DOC,The Class IV WW domain interaction motif is recognised primarily by the Pin1 phosphorylation-dependent prolyl isomerase.,PF00397,WW,WW domain,...([ST])P.,RTRTPE,365,370,JUN_HUMAN,Homo sapiens,11432833,true positive,96,1,disordered
ELME000136,DOC_WW_Pin1_4,WW domain ligands,DOC,The Class IV WW domain interaction motif is recognised primarily by the Pin1 phosphorylation-dependent prolyl isomerase.,PF00397,WW,WW domain,...([ST])P.,RTRTPE,365,370,KI20B_HUMAN,Homo sapiens,11470801,true positive,96,1,disordered
ELME000136,DOC_WW_Pin1_4,WW domain ligands,DOC,The Class IV WW domain interaction motif is recognised primarily by the Pin1 phosphorylation-dependent prolyl isomerase.,PF00397,WW,WW domain,...([ST])P.,RTRTPE,365,370,MEF2C_MOUSE,Mus musculus,20801874,true positive,96,1,disordered
ELME000136,DOC_WW_Pin1_4,WW domain ligands,DOC,The Class IV WW domain interaction motif is recognised primarily by the Pin1 phosphorylation-dependent prolyl isomerase.,PF00397,WW,WW domain,...([ST])P.,RTRTPE,365,370,MYB_MOUSE,Mus musculus,18359295,true positive,96,1,disordered
ELME000136,DOC_WW_Pin1_4,WW domain ligands,DOC,The Class IV WW domain interaction motif is recognised primarily by the Pin1 phosphorylation-dependent prolyl isomerase.,PF00397,WW,WW domain,...([ST])P.,RTRTPE,365,370,MYC_HUMAN,Homo sapiens,15048125,true positive,96,1,disordered
ELME000136,DOC_WW_Pin1_4,WW domain ligands,DOC,The Class IV WW domain interaction motif is recognised primarily by the Pin1 phosphorylation-dependent prolyl isomerase.,PF00397,WW,WW domain,...([ST])P.,RTRTPE,365,370,NANOG_MOUSE,Mus musculus,20622153,true positive,96,1,disordered
ELME000136,DOC_WW_Pin1_4,WW domain ligands,DOC,The Class IV WW domain interaction motif is recognised primarily by the Pin1 phosphorylation-dependent prolyl isomerase.,PF00397,WW,WW domain,...([ST])P.,RTRTPE,365,370,NCF1_HUMAN,Homo sapiens,20956805,true positive,96,1,disordered
ELME000136,DOC_WW_Pin1_4,WW domain ligands,DOC,The Class IV WW domain interaction motif is recognised primarily by the Pin1 phosphorylation-dependent prolyl isomerase.,PF00397,WW,WW domain,...([ST])P.,RTRTPE,365,370,NCOR2_HUMAN,Homo sapiens,18838553,true positive,96,1,disordered
ELME000136,DOC_WW_Pin1_4,WW domain ligands,DOC,The Class IV WW domain interaction motif is recognised primarily by the Pin1 phosphorylation-dependent prolyl isomerase.,PF00397,WW,WW domain,...([ST])P.,RTRTPE,365,370,NEK6_HUMAN,Homo sapiens,16476580,true positive,96,1,disordered
ELME000136,DOC_WW_Pin1_4,WW domain ligands,DOC,The Class IV WW domain interaction motif is recognised primarily by the Pin1 phosphorylation-dependent prolyl isomerase.,PF00397,WW,WW domain,...([ST])P.,RTRTPE,365,370,NONO_MOUSE,Mus musculus,15701524,true positive,96,1,disordered
ELME000136,DOC_WW_Pin1_4,WW domain ligands,DOC,The Class IV WW domain interaction motif is recognised primarily by the Pin1 phosphorylation-dependent prolyl isomerase.,PF00397,WW,WW domain,...([ST])P.,RTRTPE,365,370,NOTC1_HUMAN,Homo sapiens,19151708,true positive,96,1,disordered
ELME000136,DOC_WW_Pin1_4,WW domain ligands,DOC,The Class IV WW domain interaction motif is recognised primarily by the Pin1 phosphorylation-dependent prolyl isomerase.,PF00397,WW,WW domain,...([ST])P.,RTRTPE,365,370,NR4A1_HUMAN,Homo sapiens,22002310,true positive,96,1,disordered
ELME000136,DOC_WW_Pin1_4,WW domain ligands,DOC,The Class IV WW domain interaction motif is recognised primarily by the Pin1 phosphorylation-dependent prolyl isomerase.,PF00397,WW,WW domain,...([ST])P.,RTRTPE,365,370,P53_HUMAN,Homo sapiens,12388558,true positive,96,1,disordered
ELME000136,DOC_WW_Pin1_4,WW domain ligands,DOC,The Class IV WW domain interaction motif is recognised primarily by the Pin1 phosphorylation-dependent prolyl isomerase.,PF00397,WW,WW domain,...([ST])P.,RTRTPE,365,370,P53_HUMAN,Homo sapiens,12397362,true positive,96,1,disordered
ELME000136,DOC_WW_Pin1_4,WW domain ligands,DOC,The Class IV WW domain interaction motif is recognised primarily by the Pin1 phosphorylation-dependent prolyl isomerase.,PF00397,WW,WW domain,...([ST])P.,RTRTPE,365,370,P73_HUMAN,Homo sapiens,15175157,true positive,96,1,disordered
ELME000136,DOC_WW_Pin1_4,WW domain ligands,DOC,The Class IV WW domain interaction motif is recognised primarily by the Pin1 phosphorylation-dependent prolyl isomerase.,PF00397,WW,WW domain,...([ST])P.,RTRTPE,365,370,PML_HUMAN,Homo sapiens,18039859,true positive,96,1,disordered
ELME000136,DOC_WW_Pin1_4,WW domain ligands,DOC,The Class IV WW domain interaction motif is recognised primarily by the Pin1 phosphorylation-dependent prolyl isomerase.,PF00397,WW,WW domain,...([ST])P.,RTRTPE,365,370,PO5F1_HUMAN,Homo sapiens,21296877,true positive,96,1,disordered
ELME000136,DOC_WW_Pin1_4,WW domain ligands,DOC,The Class IV WW domain interaction motif is recognised primarily by the Pin1 phosphorylation-dependent prolyl isomerase.,PF00397,WW,WW domain,...([ST])P.,RTRTPE,365,370,PPARG_HUMAN,Homo sapiens,19996102,true positive,96,1,disordered
ELME000136,DOC_WW_Pin1_4,WW domain ligands,DOC,The Class IV WW domain interaction motif is recognised primarily by the Pin1 phosphorylation-dependent prolyl isomerase.,PF00397,WW,WW domain,...([ST])P.,RTRTPE,365,370,RARA_HUMAN,Homo sapiens,15670742,true positive,96,1,disordered
ELME000136,DOC_WW_Pin1_4,WW domain ligands,DOC,The Class IV WW domain interaction motif is recognised primarily by the Pin1 phosphorylation-dependent prolyl isomerase.,PF00397,WW,WW domain,...([ST])P.,RTRTPE,365,370,SMAD3_HUMAN,Homo sapiens,19122240 21685363,true positive,96,1,disordered
ELME000136,DOC_WW_Pin1_4,WW domain ligands,DOC,The Class IV WW domain interaction motif is recognised primarily by the Pin1 phosphorylation-dependent prolyl isomerase.,PF00397,WW,WW domain,...([ST])P.,RTRTPE,365,370,SMAD3_HUMAN,Homo sapiens,19122240,true positive,96,1,disordered
ELME000136,DOC_WW_Pin1_4,WW domain ligands,DOC,The Class IV WW domain interaction motif is recognised primarily by the Pin1 phosphorylation-dependent prolyl isomerase.,PF00397,WW,WW domain,...([ST])P.,RTRTPE,365,370,SNCAP_HUMAN,Homo sapiens,16365047,true positive,96,1,disordered
ELME000136,DOC_WW_Pin1_4,WW domain ligands,DOC,The Class IV WW domain interaction motif is recognised primarily by the Pin1 phosphorylation-dependent prolyl isomerase.,PF00397,WW,WW domain,...([ST])P.,RTRTPE,365,370,SOC1_ARATH,Arabidopsis thaliana,20129060,true positive,96,1,disordered
ELME000136,DOC_WW_Pin1_4,WW domain ligands,DOC,The Class IV WW domain interaction motif is recognised primarily by the Pin1 phosphorylation-dependent prolyl isomerase.,PF00397,WW,WW domain,...([ST])P.,RTRTPE,365,370,SPT23_YEAST,Saccharomyces cerevisiae S288c,19597489,true positive,96,1,disordered
ELME000136,DOC_WW_Pin1_4,WW domain ligands,DOC,The Class IV WW domain interaction motif is recognised primarily by the Pin1 phosphorylation-dependent prolyl isomerase.,PF00397,WW,WW domain,...([ST])P.,RTRTPE,365,370,ST4A1_HUMAN,Homo sapiens,19439498 20920535,true positive,96,1,disordered
ELME000136,DOC_WW_Pin1_4,WW domain ligands,DOC,The Class IV WW domain interaction motif is recognised primarily by the Pin1 phosphorylation-dependent prolyl isomerase.,PF00397,WW,WW domain,...([ST])P.,RTRTPE,365,370,STAT3_HUMAN,Homo sapiens,17563747,true positive,96,1,disordered
ELME000136,DOC_WW_Pin1_4,WW domain ligands,DOC,The Class IV WW domain interaction motif is recognised primarily by the Pin1 phosphorylation-dependent prolyl isomerase.,PF00397,WW,WW domain,...([ST])P.,RTRTPE,365,370,STF1_MOUSE,Mus musculus,19995909,true positive,96,1,disordered
ELME000136,DOC_WW_Pin1_4,WW domain ligands,DOC,The Class IV WW domain interaction motif is recognised primarily by the Pin1 phosphorylation-dependent prolyl isomerase.,PF00397,WW,WW domain,...([ST])P.,RTRTPE,365,370,TAU_HUMAN,Homo sapiens,10391244,true positive,96,1,disordered
ELME000136,DOC_WW_Pin1_4,WW domain ligands,DOC,The Class IV WW domain interaction motif is recognised primarily by the Pin1 phosphorylation-dependent prolyl isomerase.,PF00397,WW,WW domain,...([ST])P.,RTRTPE,365,370,TAX_HTL1A,Human T-cell lymphotrophic virus type 1 (strain ATK),19338781,true positive,96,1,disordered
ELME000136,DOC_WW_Pin1_4,WW domain ligands,DOC,The Class IV WW domain interaction motif is recognised primarily by the Pin1 phosphorylation-dependent prolyl isomerase.,PF00397,WW,WW domain,...([ST])P.,RTRTPE,365,370,TERF1_HUMAN,Homo sapiens,19060891,true positive,96,1,disordered
ELME000136,DOC_WW_Pin1_4,WW domain ligands,DOC,The Class IV WW domain interaction motif is recognised primarily by the Pin1 phosphorylation-dependent prolyl isomerase.,PF00397,WW,WW domain,...([ST])P.,RTRTPE,365,370,TF65_HUMAN,Homo sapiens,14690596,true positive,96,1,disordered
ELME000136,DOC_WW_Pin1_4,WW domain ligands,DOC,The Class IV WW domain interaction motif is recognised primarily by the Pin1 phosphorylation-dependent prolyl isomerase.,PF00397,WW,WW domain,...([ST])P.,RTRTPE,365,370,TFCP2_HUMAN,Homo sapiens,20682773,true positive,96,1,disordered
ELME000136,DOC_WW_Pin1_4,WW domain ligands,DOC,The Class IV WW domain interaction motif is recognised primarily by the Pin1 phosphorylation-dependent prolyl isomerase.,PF00397,WW,WW domain,...([ST])P.,RTRTPE,365,370,WEE1B_XENLA,Xenopus laevis,17360425,true positive,96,1,disordered
ELME000136,DOC_WW_Pin1_4,WW domain ligands,DOC,The Class IV WW domain interaction motif is recognised primarily by the Pin1 phosphorylation-dependent prolyl isomerase.,PF00397,WW,WW domain,...([ST])P.,RTRTPE,365,370,X_HBVA3,Hepatitis B virus adw2/Rutter/1979,17383430,true positive,96,1,disordered
ELME000136,DOC_WW_Pin1_4,WW domain ligands,DOC,The Class IV WW domain interaction motif is recognised primarily by the Pin1 phosphorylation-dependent prolyl isomerase.,PF00397,WW,WW domain,...([ST])P.,RTRTPS,474,479,A4_HUMAN,Homo sapiens,16139797,true positive,96,1,disordered
ELME000136,DOC_WW_Pin1_4,WW domain ligands,DOC,The Class IV WW domain interaction motif is recognised primarily by the Pin1 phosphorylation-dependent prolyl isomerase.,PF00397,WW,WW domain,...([ST])P.,RTRTPS,474,479,A4_HUMAN,Homo sapiens,19602287,true positive,96,1,disordered
ELME000136,DOC_WW_Pin1_4,WW domain ligands,DOC,The Class IV WW domain interaction motif is recognised primarily by the Pin1 phosphorylation-dependent prolyl isomerase.,PF00397,WW,WW domain,...([ST])P.,RTRTPS,474,479,AATF_HUMAN,Homo sapiens,17468107,true positive,96,1,disordered
ELME000136,DOC_WW_Pin1_4,WW domain ligands,DOC,The Class IV WW domain interaction motif is recognised primarily by the Pin1 phosphorylation-dependent prolyl isomerase.,PF00397,WW,WW domain,...([ST])P.,RTRTPS,474,479,AGL24_ARATH,Arabidopsis thaliana,20129060,true positive,96,1,disordered
ELME000136,DOC_WW_Pin1_4,WW domain ligands,DOC,The Class IV WW domain interaction motif is recognised primarily by the Pin1 phosphorylation-dependent prolyl isomerase.,PF00397,WW,WW domain,...([ST])P.,RTRTPS,474,479,AKT1_HUMAN,Homo sapiens,19448664,true positive,96,1,disordered
ELME000136,DOC_WW_Pin1_4,WW domain ligands,DOC,The Class IV WW domain interaction motif is recognised primarily by the Pin1 phosphorylation-dependent prolyl isomerase.,PF00397,WW,WW domain,...([ST])P.,RTRTPS,474,479,ARBK1_MOUSE,Mus musculus,20080565,true positive,96,1,disordered
ELME000136,DOC_WW_Pin1_4,WW domain ligands,DOC,The Class IV WW domain interaction motif is recognised primarily by the Pin1 phosphorylation-dependent prolyl isomerase.,PF00397,WW,WW domain,...([ST])P.,RTRTPS,474,479,B2L11_MOUSE,Mus musculus,1650491,true positive,96,1,disordered
ELME000136,DOC_WW_Pin1_4,WW domain ligands,DOC,The Class IV WW domain interaction motif is recognised primarily by the Pin1 phosphorylation-dependent prolyl isomerase.,PF00397,WW,WW domain,...([ST])P.,RTRTPS,474,479,BTG2_HUMAN,Homo sapiens,15788397,true positive,96,1,disordered
ELME000136,DOC_WW_Pin1_4,WW domain ligands,DOC,The Class IV WW domain interaction motif is recognised primarily by the Pin1 phosphorylation-dependent prolyl isomerase.,PF00397,WW,WW domain,...([ST])P.,RTRTPS,474,479,BTK_MOUSE,Mus musculus,16644721,true positive,96,1,disordered
ELME000136,DOC_WW_Pin1_4,WW domain ligands,DOC,The Class IV WW domain interaction motif is recognised primarily by the Pin1 phosphorylation-dependent prolyl isomerase.,PF00397,WW,WW domain,...([ST])P.,RTRTPS,474,479,CCND1_MOUSE,Mus musculus,11805292,true positive,96,1,disordered
ELME000136,DOC_WW_Pin1_4,WW domain ligands,DOC,The Class IV WW domain interaction motif is recognised primarily by the Pin1 phosphorylation-dependent prolyl isomerase.,PF00397,WW,WW domain,...([ST])P.,RTRTPS,474,479,CCNE1_MOUSE,Mus musculus,16223725,true positive,96,1,disordered
ELME000136,DOC_WW_Pin1_4,WW domain ligands,DOC,The Class IV WW domain interaction motif is recognised primarily by the Pin1 phosphorylation-dependent prolyl isomerase.,PF00397,WW,WW domain,...([ST])P.,RTRTPS,474,479,CDN1B_HUMAN,Homo sapiens,19584057,true positive,96,1,disordered
ELME000136,DOC_WW_Pin1_4,WW domain ligands,DOC,The Class IV WW domain interaction motif is recognised primarily by the Pin1 phosphorylation-dependent prolyl isomerase.,PF00397,WW,WW domain,...([ST])P.,RTRTPS,474,479,CEP55_MOUSE,Mus musculus,19638580,true positive,96,1,disordered
ELME000136,DOC_WW_Pin1_4,WW domain ligands,DOC,The Class IV WW domain interaction motif is recognised primarily by the Pin1 phosphorylation-dependent prolyl isomerase.,PF00397,WW,WW domain,...([ST])P.,RTRTPS,474,479,CRTC2_MOUSE,Mus musculus,20675384,true positive,96,1,disordered
ELME000136,DOC_WW_Pin1_4,WW domain ligands,DOC,The Class IV WW domain interaction motif is recognised primarily by the Pin1 phosphorylation-dependent prolyl isomerase.,PF00397,WW,WW domain,...([ST])P.,RTRTPS,474,479,CTNB1_HUMAN,Homo sapiens,11533658,true positive,96,1,disordered
ELME000136,DOC_WW_Pin1_4,WW domain ligands,DOC,The Class IV WW domain interaction motif is recognised primarily by the Pin1 phosphorylation-dependent prolyl isomerase.,PF00397,WW,WW domain,...([ST])P.,RTRTPS,474,479,DAXX_HUMAN,Homo sapiens,17938171,true positive,96,1,disordered
ELME000136,DOC_WW_Pin1_4,WW domain ligands,DOC,The Class IV WW domain interaction motif is recognised primarily by the Pin1 phosphorylation-dependent prolyl isomerase.,PF00397,WW,WW domain,...([ST])P.,RTRTPS,474,479,FAK1_HUMAN,Homo sapiens,19595712,true positive,96,1,disordered
ELME000136,DOC_WW_Pin1_4,WW domain ligands,DOC,The Class IV WW domain interaction motif is recognised primarily by the Pin1 phosphorylation-dependent prolyl isomerase.,PF00397,WW,WW domain,...([ST])P.,RTRTPS,474,479,FAK1_MOUSE,Mus musculus,19595712,true positive,96,1,disordered
ELME000136,DOC_WW_Pin1_4,WW domain ligands,DOC,The Class IV WW domain interaction motif is recognised primarily by the Pin1 phosphorylation-dependent prolyl isomerase.,PF00397,WW,WW domain,...([ST])P.,RTRTPS,474,479,FBX5A_XENLA,Xenopus laevis,17159919,true positive,96,1,disordered
ELME000136,DOC_WW_Pin1_4,WW domain ligands,DOC,The Class IV WW domain interaction motif is recognised primarily by the Pin1 phosphorylation-dependent prolyl isomerase.,PF00397,WW,WW domain,...([ST])P.,RTRTPS,474,479,FBXW7_HUMAN,Homo sapiens,22608923,true positive,96,1,disordered
ELME000136,DOC_WW_Pin1_4,WW domain ligands,DOC,The Class IV WW domain interaction motif is recognised primarily by the Pin1 phosphorylation-dependent prolyl isomerase.,PF00397,WW,WW domain,...([ST])P.,RTRTPS,474,479,FOS_MOUSE,Mus musculus,16123044,true positive,96,1,disordered
ELME000136,DOC_WW_Pin1_4,WW domain ligands,DOC,The Class IV WW domain interaction motif is recognised primarily by the Pin1 phosphorylation-dependent prolyl isomerase.,PF00397,WW,WW domain,...([ST])P.,RTRTPS,474,479,FUBP2_HUMAN,Homo sapiens,19770516,true positive,96,1,disordered
ELME000136,DOC_WW_Pin1_4,WW domain ligands,DOC,The Class IV WW domain interaction motif is recognised primarily by the Pin1 phosphorylation-dependent prolyl isomerase.,PF00397,WW,WW domain,...([ST])P.,RTRTPS,474,479,GEPH_MOUSE,Mus musculus,17347650,true positive,96,1,disordered
ELME000136,DOC_WW_Pin1_4,WW domain ligands,DOC,The Class IV WW domain interaction motif is recognised primarily by the Pin1 phosphorylation-dependent prolyl isomerase.,PF00397,WW,WW domain,...([ST])P.,RTRTPS,474,479,IRF3_HUMAN,Homo sapiens,16699525,true positive,96,1,disordered
ELME000136,DOC_WW_Pin1_4,WW domain ligands,DOC,The Class IV WW domain interaction motif is recognised primarily by the Pin1 phosphorylation-dependent prolyl isomerase.,PF00397,WW,WW domain,...([ST])P.,RTRTPS,474,479,IRS1_HUMAN,Homo sapiens,21454638,true positive,96,1,disordered
ELME000136,DOC_WW_Pin1_4,WW domain ligands,DOC,The Class IV WW domain interaction motif is recognised primarily by the Pin1 phosphorylation-dependent prolyl isomerase.,PF00397,WW,WW domain,...([ST])P.,RTRTPS,474,479,JUN_HUMAN,Homo sapiens,11432833,true positive,96,1,disordered
ELME000136,DOC_WW_Pin1_4,WW domain ligands,DOC,The Class IV WW domain interaction motif is recognised primarily by the Pin1 phosphorylation-dependent prolyl isomerase.,PF00397,WW,WW domain,...([ST])P.,RTRTPS,474,479,KI20B_HUMAN,Homo sapiens,11470801,true positive,96,1,disordered
ELME000136,DOC_WW_Pin1_4,WW domain ligands,DOC,The Class IV WW domain interaction motif is recognised primarily by the Pin1 phosphorylation-dependent prolyl isomerase.,PF00397,WW,WW domain,...([ST])P.,RTRTPS,474,479,MEF2C_MOUSE,Mus musculus,20801874,true positive,96,1,disordered
ELME000136,DOC_WW_Pin1_4,WW domain ligands,DOC,The Class IV WW domain interaction motif is recognised primarily by the Pin1 phosphorylation-dependent prolyl isomerase.,PF00397,WW,WW domain,...([ST])P.,RTRTPS,474,479,MYB_MOUSE,Mus musculus,18359295,true positive,96,1,disordered
ELME000136,DOC_WW_Pin1_4,WW domain ligands,DOC,The Class IV WW domain interaction motif is recognised primarily by the Pin1 phosphorylation-dependent prolyl isomerase.,PF00397,WW,WW domain,...([ST])P.,RTRTPS,474,479,MYC_HUMAN,Homo sapiens,15048125,true positive,96,1,disordered
ELME000136,DOC_WW_Pin1_4,WW domain ligands,DOC,The Class IV WW domain interaction motif is recognised primarily by the Pin1 phosphorylation-dependent prolyl isomerase.,PF00397,WW,WW domain,...([ST])P.,RTRTPS,474,479,NANOG_MOUSE,Mus musculus,20622153,true positive,96,1,disordered
ELME000136,DOC_WW_Pin1_4,WW domain ligands,DOC,The Class IV WW domain interaction motif is recognised primarily by the Pin1 phosphorylation-dependent prolyl isomerase.,PF00397,WW,WW domain,...([ST])P.,RTRTPS,474,479,NCF1_HUMAN,Homo sapiens,20956805,true positive,96,1,disordered
ELME000136,DOC_WW_Pin1_4,WW domain ligands,DOC,The Class IV WW domain interaction motif is recognised primarily by the Pin1 phosphorylation-dependent prolyl isomerase.,PF00397,WW,WW domain,...([ST])P.,RTRTPS,474,479,NCOR2_HUMAN,Homo sapiens,18838553,true positive,96,1,disordered
ELME000136,DOC_WW_Pin1_4,WW domain ligands,DOC,The Class IV WW domain interaction motif is recognised primarily by the Pin1 phosphorylation-dependent prolyl isomerase.,PF00397,WW,WW domain,...([ST])P.,RTRTPS,474,479,NEK6_HUMAN,Homo sapiens,16476580,true positive,96,1,disordered
ELME000136,DOC_WW_Pin1_4,WW domain ligands,DOC,The Class IV WW domain interaction motif is recognised primarily by the Pin1 phosphorylation-dependent prolyl isomerase.,PF00397,WW,WW domain,...([ST])P.,RTRTPS,474,479,NONO_MOUSE,Mus musculus,15701524,true positive,96,1,disordered
ELME000136,DOC_WW_Pin1_4,WW domain ligands,DOC,The Class IV WW domain interaction motif is recognised primarily by the Pin1 phosphorylation-dependent prolyl isomerase.,PF00397,WW,WW domain,...([ST])P.,RTRTPS,474,479,NOTC1_HUMAN,Homo sapiens,19151708,true positive,96,1,disordered
ELME000136,DOC_WW_Pin1_4,WW domain ligands,DOC,The Class IV WW domain interaction motif is recognised primarily by the Pin1 phosphorylation-dependent prolyl isomerase.,PF00397,WW,WW domain,...([ST])P.,RTRTPS,474,479,NR4A1_HUMAN,Homo sapiens,22002310,true positive,96,1,disordered
ELME000136,DOC_WW_Pin1_4,WW domain ligands,DOC,The Class IV WW domain interaction motif is recognised primarily by the Pin1 phosphorylation-dependent prolyl isomerase.,PF00397,WW,WW domain,...([ST])P.,RTRTPS,474,479,P53_HUMAN,Homo sapiens,12388558,true positive,96,1,disordered
ELME000136,DOC_WW_Pin1_4,WW domain ligands,DOC,The Class IV WW domain interaction motif is recognised primarily by the Pin1 phosphorylation-dependent prolyl isomerase.,PF00397,WW,WW domain,...([ST])P.,RTRTPS,474,479,P53_HUMAN,Homo sapiens,12397362,true positive,96,1,disordered
ELME000136,DOC_WW_Pin1_4,WW domain ligands,DOC,The Class IV WW domain interaction motif is recognised primarily by the Pin1 phosphorylation-dependent prolyl isomerase.,PF00397,WW,WW domain,...([ST])P.,RTRTPS,474,479,P73_HUMAN,Homo sapiens,15175157,true positive,96,1,disordered
ELME000136,DOC_WW_Pin1_4,WW domain ligands,DOC,The Class IV WW domain interaction motif is recognised primarily by the Pin1 phosphorylation-dependent prolyl isomerase.,PF00397,WW,WW domain,...([ST])P.,RTRTPS,474,479,PML_HUMAN,Homo sapiens,18039859,true positive,96,1,disordered
ELME000136,DOC_WW_Pin1_4,WW domain ligands,DOC,The Class IV WW domain interaction motif is recognised primarily by the Pin1 phosphorylation-dependent prolyl isomerase.,PF00397,WW,WW domain,...([ST])P.,RTRTPS,474,479,PO5F1_HUMAN,Homo sapiens,21296877,true positive,96,1,disordered
ELME000136,DOC_WW_Pin1_4,WW domain ligands,DOC,The Class IV WW domain interaction motif is recognised primarily by the Pin1 phosphorylation-dependent prolyl isomerase.,PF00397,WW,WW domain,...([ST])P.,RTRTPS,474,479,PPARG_HUMAN,Homo sapiens,19996102,true positive,96,1,disordered
ELME000136,DOC_WW_Pin1_4,WW domain ligands,DOC,The Class IV WW domain interaction motif is recognised primarily by the Pin1 phosphorylation-dependent prolyl isomerase.,PF00397,WW,WW domain,...([ST])P.,RTRTPS,474,479,RARA_HUMAN,Homo sapiens,15670742,true positive,96,1,disordered
ELME000136,DOC_WW_Pin1_4,WW domain ligands,DOC,The Class IV WW domain interaction motif is recognised primarily by the Pin1 phosphorylation-dependent prolyl isomerase.,PF00397,WW,WW domain,...([ST])P.,RTRTPS,474,479,SMAD3_HUMAN,Homo sapiens,19122240 21685363,true positive,96,1,disordered
ELME000136,DOC_WW_Pin1_4,WW domain ligands,DOC,The Class IV WW domain interaction motif is recognised primarily by the Pin1 phosphorylation-dependent prolyl isomerase.,PF00397,WW,WW domain,...([ST])P.,RTRTPS,474,479,SMAD3_HUMAN,Homo sapiens,19122240,true positive,96,1,disordered
ELME000136,DOC_WW_Pin1_4,WW domain ligands,DOC,The Class IV WW domain interaction motif is recognised primarily by the Pin1 phosphorylation-dependent prolyl isomerase.,PF00397,WW,WW domain,...([ST])P.,RTRTPS,474,479,SNCAP_HUMAN,Homo sapiens,16365047,true positive,96,1,disordered
ELME000136,DOC_WW_Pin1_4,WW domain ligands,DOC,The Class IV WW domain interaction motif is recognised primarily by the Pin1 phosphorylation-dependent prolyl isomerase.,PF00397,WW,WW domain,...([ST])P.,RTRTPS,474,479,SOC1_ARATH,Arabidopsis thaliana,20129060,true positive,96,1,disordered
ELME000136,DOC_WW_Pin1_4,WW domain ligands,DOC,The Class IV WW domain interaction motif is recognised primarily by the Pin1 phosphorylation-dependent prolyl isomerase.,PF00397,WW,WW domain,...([ST])P.,RTRTPS,474,479,SPT23_YEAST,Saccharomyces cerevisiae S288c,19597489,true positive,96,1,disordered
ELME000136,DOC_WW_Pin1_4,WW domain ligands,DOC,The Class IV WW domain interaction motif is recognised primarily by the Pin1 phosphorylation-dependent prolyl isomerase.,PF00397,WW,WW domain,...([ST])P.,RTRTPS,474,479,ST4A1_HUMAN,Homo sapiens,19439498 20920535,true positive,96,1,disordered
ELME000136,DOC_WW_Pin1_4,WW domain ligands,DOC,The Class IV WW domain interaction motif is recognised primarily by the Pin1 phosphorylation-dependent prolyl isomerase.,PF00397,WW,WW domain,...([ST])P.,RTRTPS,474,479,STAT3_HUMAN,Homo sapiens,17563747,true positive,96,1,disordered
ELME000136,DOC_WW_Pin1_4,WW domain ligands,DOC,The Class IV WW domain interaction motif is recognised primarily by the Pin1 phosphorylation-dependent prolyl isomerase.,PF00397,WW,WW domain,...([ST])P.,RTRTPS,474,479,STF1_MOUSE,Mus musculus,19995909,true positive,96,1,disordered
ELME000136,DOC_WW_Pin1_4,WW domain ligands,DOC,The Class IV WW domain interaction motif is recognised primarily by the Pin1 phosphorylation-dependent prolyl isomerase.,PF00397,WW,WW domain,...([ST])P.,RTRTPS,474,479,TAU_HUMAN,Homo sapiens,10391244,true positive,96,1,disordered
ELME000136,DOC_WW_Pin1_4,WW domain ligands,DOC,The Class IV WW domain interaction motif is recognised primarily by the Pin1 phosphorylation-dependent prolyl isomerase.,PF00397,WW,WW domain,...([ST])P.,RTRTPS,474,479,TAX_HTL1A,Human T-cell lymphotrophic virus type 1 (strain ATK),19338781,true positive,96,1,disordered
ELME000136,DOC_WW_Pin1_4,WW domain ligands,DOC,The Class IV WW domain interaction motif is recognised primarily by the Pin1 phosphorylation-dependent prolyl isomerase.,PF00397,WW,WW domain,...([ST])P.,RTRTPS,474,479,TERF1_HUMAN,Homo sapiens,19060891,true positive,96,1,disordered
ELME000136,DOC_WW_Pin1_4,WW domain ligands,DOC,The Class IV WW domain interaction motif is recognised primarily by the Pin1 phosphorylation-dependent prolyl isomerase.,PF00397,WW,WW domain,...([ST])P.,RTRTPS,474,479,TF65_HUMAN,Homo sapiens,14690596,true positive,96,1,disordered
ELME000136,DOC_WW_Pin1_4,WW domain ligands,DOC,The Class IV WW domain interaction motif is recognised primarily by the Pin1 phosphorylation-dependent prolyl isomerase.,PF00397,WW,WW domain,...([ST])P.,RTRTPS,474,479,TFCP2_HUMAN,Homo sapiens,20682773,true positive,96,1,disordered
ELME000136,DOC_WW_Pin1_4,WW domain ligands,DOC,The Class IV WW domain interaction motif is recognised primarily by the Pin1 phosphorylation-dependent prolyl isomerase.,PF00397,WW,WW domain,...([ST])P.,RTRTPS,474,479,WEE1B_XENLA,Xenopus laevis,17360425,true positive,96,1,disordered
ELME000136,DOC_WW_Pin1_4,WW domain ligands,DOC,The Class IV WW domain interaction motif is recognised primarily by the Pin1 phosphorylation-dependent prolyl isomerase.,PF00397,WW,WW domain,...([ST])P.,RTRTPS,474,479,X_HBVA3,Hepatitis B virus adw2/Rutter/1979,17383430,true positive,96,1,disordered
ELME000136,DOC_WW_Pin1_4,WW domain ligands,DOC,The Class IV WW domain interaction motif is recognised primarily by the Pin1 phosphorylation-dependent prolyl isomerase.,PF00397,WW,WW domain,...([ST])P.,EALTPS,507,512,A4_HUMAN,Homo sapiens,16139797,true positive,96,1,disordered
ELME000136,DOC_WW_Pin1_4,WW domain ligands,DOC,The Class IV WW domain interaction motif is recognised primarily by the Pin1 phosphorylation-dependent prolyl isomerase.,PF00397,WW,WW domain,...([ST])P.,EALTPS,507,512,A4_HUMAN,Homo sapiens,19602287,true positive,96,1,disordered
ELME000136,DOC_WW_Pin1_4,WW domain ligands,DOC,The Class IV WW domain interaction motif is recognised primarily by the Pin1 phosphorylation-dependent prolyl isomerase.,PF00397,WW,WW domain,...([ST])P.,EALTPS,507,512,AATF_HUMAN,Homo sapiens,17468107,true positive,96,1,disordered
ELME000136,DOC_WW_Pin1_4,WW domain ligands,DOC,The Class IV WW domain interaction motif is recognised primarily by the Pin1 phosphorylation-dependent prolyl isomerase.,PF00397,WW,WW domain,...([ST])P.,EALTPS,507,512,AGL24_ARATH,Arabidopsis thaliana,20129060,true positive,96,1,disordered
ELME000136,DOC_WW_Pin1_4,WW domain ligands,DOC,The Class IV WW domain interaction motif is recognised primarily by the Pin1 phosphorylation-dependent prolyl isomerase.,PF00397,WW,WW domain,...([ST])P.,EALTPS,507,512,AKT1_HUMAN,Homo sapiens,19448664,true positive,96,1,disordered
ELME000136,DOC_WW_Pin1_4,WW domain ligands,DOC,The Class IV WW domain interaction motif is recognised primarily by the Pin1 phosphorylation-dependent prolyl isomerase.,PF00397,WW,WW domain,...([ST])P.,EALTPS,507,512,ARBK1_MOUSE,Mus musculus,20080565,true positive,96,1,disordered
ELME000136,DOC_WW_Pin1_4,WW domain ligands,DOC,The Class IV WW domain interaction motif is recognised primarily by the Pin1 phosphorylation-dependent prolyl isomerase.,PF00397,WW,WW domain,...([ST])P.,EALTPS,507,512,B2L11_MOUSE,Mus musculus,1650491,true positive,96,1,disordered
ELME000136,DOC_WW_Pin1_4,WW domain ligands,DOC,The Class IV WW domain interaction motif is recognised primarily by the Pin1 phosphorylation-dependent prolyl isomerase.,PF00397,WW,WW domain,...([ST])P.,EALTPS,507,512,BTG2_HUMAN,Homo sapiens,15788397,true positive,96,1,disordered
ELME000136,DOC_WW_Pin1_4,WW domain ligands,DOC,The Class IV WW domain interaction motif is recognised primarily by the Pin1 phosphorylation-dependent prolyl isomerase.,PF00397,WW,WW domain,...([ST])P.,EALTPS,507,512,BTK_MOUSE,Mus musculus,16644721,true positive,96,1,disordered
ELME000136,DOC_WW_Pin1_4,WW domain ligands,DOC,The Class IV WW domain interaction motif is recognised primarily by the Pin1 phosphorylation-dependent prolyl isomerase.,PF00397,WW,WW domain,...([ST])P.,EALTPS,507,512,CCND1_MOUSE,Mus musculus,11805292,true positive,96,1,disordered
ELME000136,DOC_WW_Pin1_4,WW domain ligands,DOC,The Class IV WW domain interaction motif is recognised primarily by the Pin1 phosphorylation-dependent prolyl isomerase.,PF00397,WW,WW domain,...([ST])P.,EALTPS,507,512,CCNE1_MOUSE,Mus musculus,16223725,true positive,96,1,disordered
ELME000136,DOC_WW_Pin1_4,WW domain ligands,DOC,The Class IV WW domain interaction motif is recognised primarily by the Pin1 phosphorylation-dependent prolyl isomerase.,PF00397,WW,WW domain,...([ST])P.,EALTPS,507,512,CDN1B_HUMAN,Homo sapiens,19584057,true positive,96,1,disordered
ELME000136,DOC_WW_Pin1_4,WW domain ligands,DOC,The Class IV WW domain interaction motif is recognised primarily by the Pin1 phosphorylation-dependent prolyl isomerase.,PF00397,WW,WW domain,...([ST])P.,EALTPS,507,512,CEP55_MOUSE,Mus musculus,19638580,true positive,96,1,disordered
ELME000136,DOC_WW_Pin1_4,WW domain ligands,DOC,The Class IV WW domain interaction motif is recognised primarily by the Pin1 phosphorylation-dependent prolyl isomerase.,PF00397,WW,WW domain,...([ST])P.,EALTPS,507,512,CRTC2_MOUSE,Mus musculus,20675384,true positive,96,1,disordered
ELME000136,DOC_WW_Pin1_4,WW domain ligands,DOC,The Class IV WW domain interaction motif is recognised primarily by the Pin1 phosphorylation-dependent prolyl isomerase.,PF00397,WW,WW domain,...([ST])P.,EALTPS,507,512,CTNB1_HUMAN,Homo sapiens,11533658,true positive,96,1,disordered
ELME000136,DOC_WW_Pin1_4,WW domain ligands,DOC,The Class IV WW domain interaction motif is recognised primarily by the Pin1 phosphorylation-dependent prolyl isomerase.,PF00397,WW,WW domain,...([ST])P.,EALTPS,507,512,DAXX_HUMAN,Homo sapiens,17938171,true positive,96,1,disordered
ELME000136,DOC_WW_Pin1_4,WW domain ligands,DOC,The Class IV WW domain interaction motif is recognised primarily by the Pin1 phosphorylation-dependent prolyl isomerase.,PF00397,WW,WW domain,...([ST])P.,EALTPS,507,512,FAK1_HUMAN,Homo sapiens,19595712,true positive,96,1,disordered
ELME000136,DOC_WW_Pin1_4,WW domain ligands,DOC,The Class IV WW domain interaction motif is recognised primarily by the Pin1 phosphorylation-dependent prolyl isomerase.,PF00397,WW,WW domain,...([ST])P.,EALTPS,507,512,FAK1_MOUSE,Mus musculus,19595712,true positive,96,1,disordered
ELME000136,DOC_WW_Pin1_4,WW domain ligands,DOC,The Class IV WW domain interaction motif is recognised primarily by the Pin1 phosphorylation-dependent prolyl isomerase.,PF00397,WW,WW domain,...([ST])P.,EALTPS,507,512,FBX5A_XENLA,Xenopus laevis,17159919,true positive,96,1,disordered
ELME000136,DOC_WW_Pin1_4,WW domain ligands,DOC,The Class IV WW domain interaction motif is recognised primarily by the Pin1 phosphorylation-dependent prolyl isomerase.,PF00397,WW,WW domain,...([ST])P.,EALTPS,507,512,FBXW7_HUMAN,Homo sapiens,22608923,true positive,96,1,disordered
ELME000136,DOC_WW_Pin1_4,WW domain ligands,DOC,The Class IV WW domain interaction motif is recognised primarily by the Pin1 phosphorylation-dependent prolyl isomerase.,PF00397,WW,WW domain,...([ST])P.,EALTPS,507,512,FOS_MOUSE,Mus musculus,16123044,true positive,96,1,disordered
ELME000136,DOC_WW_Pin1_4,WW domain ligands,DOC,The Class IV WW domain interaction motif is recognised primarily by the Pin1 phosphorylation-dependent prolyl isomerase.,PF00397,WW,WW domain,...([ST])P.,EALTPS,507,512,FUBP2_HUMAN,Homo sapiens,19770516,true positive,96,1,disordered
ELME000136,DOC_WW_Pin1_4,WW domain ligands,DOC,The Class IV WW domain interaction motif is recognised primarily by the Pin1 phosphorylation-dependent prolyl isomerase.,PF00397,WW,WW domain,...([ST])P.,EALTPS,507,512,GEPH_MOUSE,Mus musculus,17347650,true positive,96,1,disordered
ELME000136,DOC_WW_Pin1_4,WW domain ligands,DOC,The Class IV WW domain interaction motif is recognised primarily by the Pin1 phosphorylation-dependent prolyl isomerase.,PF00397,WW,WW domain,...([ST])P.,EALTPS,507,512,IRF3_HUMAN,Homo sapiens,16699525,true positive,96,1,disordered
ELME000136,DOC_WW_Pin1_4,WW domain ligands,DOC,The Class IV WW domain interaction motif is recognised primarily by the Pin1 phosphorylation-dependent prolyl isomerase.,PF00397,WW,WW domain,...([ST])P.,EALTPS,507,512,IRS1_HUMAN,Homo sapiens,21454638,true positive,96,1,disordered
ELME000136,DOC_WW_Pin1_4,WW domain ligands,DOC,The Class IV WW domain interaction motif is recognised primarily by the Pin1 phosphorylation-dependent prolyl isomerase.,PF00397,WW,WW domain,...([ST])P.,EALTPS,507,512,JUN_HUMAN,Homo sapiens,11432833,true positive,96,1,disordered
ELME000136,DOC_WW_Pin1_4,WW domain ligands,DOC,The Class IV WW domain interaction motif is recognised primarily by the Pin1 phosphorylation-dependent prolyl isomerase.,PF00397,WW,WW domain,...([ST])P.,EALTPS,507,512,KI20B_HUMAN,Homo sapiens,11470801,true positive,96,1,disordered
ELME000136,DOC_WW_Pin1_4,WW domain ligands,DOC,The Class IV WW domain interaction motif is recognised primarily by the Pin1 phosphorylation-dependent prolyl isomerase.,PF00397,WW,WW domain,...([ST])P.,EALTPS,507,512,MEF2C_MOUSE,Mus musculus,20801874,true positive,96,1,disordered
ELME000136,DOC_WW_Pin1_4,WW domain ligands,DOC,The Class IV WW domain interaction motif is recognised primarily by the Pin1 phosphorylation-dependent prolyl isomerase.,PF00397,WW,WW domain,...([ST])P.,EALTPS,507,512,MYB_MOUSE,Mus musculus,18359295,true positive,96,1,disordered
ELME000136,DOC_WW_Pin1_4,WW domain ligands,DOC,The Class IV WW domain interaction motif is recognised primarily by the Pin1 phosphorylation-dependent prolyl isomerase.,PF00397,WW,WW domain,...([ST])P.,EALTPS,507,512,MYC_HUMAN,Homo sapiens,15048125,true positive,96,1,disordered
ELME000136,DOC_WW_Pin1_4,WW domain ligands,DOC,The Class IV WW domain interaction motif is recognised primarily by the Pin1 phosphorylation-dependent prolyl isomerase.,PF00397,WW,WW domain,...([ST])P.,EALTPS,507,512,NANOG_MOUSE,Mus musculus,20622153,true positive,96,1,disordered
ELME000136,DOC_WW_Pin1_4,WW domain ligands,DOC,The Class IV WW domain interaction motif is recognised primarily by the Pin1 phosphorylation-dependent prolyl isomerase.,PF00397,WW,WW domain,...([ST])P.,EALTPS,507,512,NCF1_HUMAN,Homo sapiens,20956805,true positive,96,1,disordered
ELME000136,DOC_WW_Pin1_4,WW domain ligands,DOC,The Class IV WW domain interaction motif is recognised primarily by the Pin1 phosphorylation-dependent prolyl isomerase.,PF00397,WW,WW domain,...([ST])P.,EALTPS,507,512,NCOR2_HUMAN,Homo sapiens,18838553,true positive,96,1,disordered
ELME000136,DOC_WW_Pin1_4,WW domain ligands,DOC,The Class IV WW domain interaction motif is recognised primarily by the Pin1 phosphorylation-dependent prolyl isomerase.,PF00397,WW,WW domain,...([ST])P.,EALTPS,507,512,NEK6_HUMAN,Homo sapiens,16476580,true positive,96,1,disordered
ELME000136,DOC_WW_Pin1_4,WW domain ligands,DOC,The Class IV WW domain interaction motif is recognised primarily by the Pin1 phosphorylation-dependent prolyl isomerase.,PF00397,WW,WW domain,...([ST])P.,EALTPS,507,512,NONO_MOUSE,Mus musculus,15701524,true positive,96,1,disordered
ELME000136,DOC_WW_Pin1_4,WW domain ligands,DOC,The Class IV WW domain interaction motif is recognised primarily by the Pin1 phosphorylation-dependent prolyl isomerase.,PF00397,WW,WW domain,...([ST])P.,EALTPS,507,512,NOTC1_HUMAN,Homo sapiens,19151708,true positive,96,1,disordered
ELME000136,DOC_WW_Pin1_4,WW domain ligands,DOC,The Class IV WW domain interaction motif is recognised primarily by the Pin1 phosphorylation-dependent prolyl isomerase.,PF00397,WW,WW domain,...([ST])P.,EALTPS,507,512,NR4A1_HUMAN,Homo sapiens,22002310,true positive,96,1,disordered
ELME000136,DOC_WW_Pin1_4,WW domain ligands,DOC,The Class IV WW domain interaction motif is recognised primarily by the Pin1 phosphorylation-dependent prolyl isomerase.,PF00397,WW,WW domain,...([ST])P.,EALTPS,507,512,P53_HUMAN,Homo sapiens,12388558,true positive,96,1,disordered
ELME000136,DOC_WW_Pin1_4,WW domain ligands,DOC,The Class IV WW domain interaction motif is recognised primarily by the Pin1 phosphorylation-dependent prolyl isomerase.,PF00397,WW,WW domain,...([ST])P.,EALTPS,507,512,P53_HUMAN,Homo sapiens,12397362,true positive,96,1,disordered
ELME000136,DOC_WW_Pin1_4,WW domain ligands,DOC,The Class IV WW domain interaction motif is recognised primarily by the Pin1 phosphorylation-dependent prolyl isomerase.,PF00397,WW,WW domain,...([ST])P.,EALTPS,507,512,P73_HUMAN,Homo sapiens,15175157,true positive,96,1,disordered
ELME000136,DOC_WW_Pin1_4,WW domain ligands,DOC,The Class IV WW domain interaction motif is recognised primarily by the Pin1 phosphorylation-dependent prolyl isomerase.,PF00397,WW,WW domain,...([ST])P.,EALTPS,507,512,PML_HUMAN,Homo sapiens,18039859,true positive,96,1,disordered
ELME000136,DOC_WW_Pin1_4,WW domain ligands,DOC,The Class IV WW domain interaction motif is recognised primarily by the Pin1 phosphorylation-dependent prolyl isomerase.,PF00397,WW,WW domain,...([ST])P.,EALTPS,507,512,PO5F1_HUMAN,Homo sapiens,21296877,true positive,96,1,disordered
ELME000136,DOC_WW_Pin1_4,WW domain ligands,DOC,The Class IV WW domain interaction motif is recognised primarily by the Pin1 phosphorylation-dependent prolyl isomerase.,PF00397,WW,WW domain,...([ST])P.,EALTPS,507,512,PPARG_HUMAN,Homo sapiens,19996102,true positive,96,1,disordered
ELME000136,DOC_WW_Pin1_4,WW domain ligands,DOC,The Class IV WW domain interaction motif is recognised primarily by the Pin1 phosphorylation-dependent prolyl isomerase.,PF00397,WW,WW domain,...([ST])P.,EALTPS,507,512,RARA_HUMAN,Homo sapiens,15670742,true positive,96,1,disordered
ELME000136,DOC_WW_Pin1_4,WW domain ligands,DOC,The Class IV WW domain interaction motif is recognised primarily by the Pin1 phosphorylation-dependent prolyl isomerase.,PF00397,WW,WW domain,...([ST])P.,EALTPS,507,512,SMAD3_HUMAN,Homo sapiens,19122240 21685363,true positive,96,1,disordered
ELME000136,DOC_WW_Pin1_4,WW domain ligands,DOC,The Class IV WW domain interaction motif is recognised primarily by the Pin1 phosphorylation-dependent prolyl isomerase.,PF00397,WW,WW domain,...([ST])P.,EALTPS,507,512,SMAD3_HUMAN,Homo sapiens,19122240,true positive,96,1,disordered
ELME000136,DOC_WW_Pin1_4,WW domain ligands,DOC,The Class IV WW domain interaction motif is recognised primarily by the Pin1 phosphorylation-dependent prolyl isomerase.,PF00397,WW,WW domain,...([ST])P.,EALTPS,507,512,SNCAP_HUMAN,Homo sapiens,16365047,true positive,96,1,disordered
ELME000136,DOC_WW_Pin1_4,WW domain ligands,DOC,The Class IV WW domain interaction motif is recognised primarily by the Pin1 phosphorylation-dependent prolyl isomerase.,PF00397,WW,WW domain,...([ST])P.,EALTPS,507,512,SOC1_ARATH,Arabidopsis thaliana,20129060,true positive,96,1,disordered
ELME000136,DOC_WW_Pin1_4,WW domain ligands,DOC,The Class IV WW domain interaction motif is recognised primarily by the Pin1 phosphorylation-dependent prolyl isomerase.,PF00397,WW,WW domain,...([ST])P.,EALTPS,507,512,SPT23_YEAST,Saccharomyces cerevisiae S288c,19597489,true positive,96,1,disordered
ELME000136,DOC_WW_Pin1_4,WW domain ligands,DOC,The Class IV WW domain interaction motif is recognised primarily by the Pin1 phosphorylation-dependent prolyl isomerase.,PF00397,WW,WW domain,...([ST])P.,EALTPS,507,512,ST4A1_HUMAN,Homo sapiens,19439498 20920535,true positive,96,1,disordered
ELME000136,DOC_WW_Pin1_4,WW domain ligands,DOC,The Class IV WW domain interaction motif is recognised primarily by the Pin1 phosphorylation-dependent prolyl isomerase.,PF00397,WW,WW domain,...([ST])P.,EALTPS,507,512,STAT3_HUMAN,Homo sapiens,17563747,true positive,96,1,disordered
ELME000136,DOC_WW_Pin1_4,WW domain ligands,DOC,The Class IV WW domain interaction motif is recognised primarily by the Pin1 phosphorylation-dependent prolyl isomerase.,PF00397,WW,WW domain,...([ST])P.,EALTPS,507,512,STF1_MOUSE,Mus musculus,19995909,true positive,96,1,disordered
ELME000136,DOC_WW_Pin1_4,WW domain ligands,DOC,The Class IV WW domain interaction motif is recognised primarily by the Pin1 phosphorylation-dependent prolyl isomerase.,PF00397,WW,WW domain,...([ST])P.,EALTPS,507,512,TAU_HUMAN,Homo sapiens,10391244,true positive,96,1,disordered
ELME000136,DOC_WW_Pin1_4,WW domain ligands,DOC,The Class IV WW domain interaction motif is recognised primarily by the Pin1 phosphorylation-dependent prolyl isomerase.,PF00397,WW,WW domain,...([ST])P.,EALTPS,507,512,TAX_HTL1A,Human T-cell lymphotrophic virus type 1 (strain ATK),19338781,true positive,96,1,disordered
ELME000136,DOC_WW_Pin1_4,WW domain ligands,DOC,The Class IV WW domain interaction motif is recognised primarily by the Pin1 phosphorylation-dependent prolyl isomerase.,PF00397,WW,WW domain,...([ST])P.,EALTPS,507,512,TERF1_HUMAN,Homo sapiens,19060891,true positive,96,1,disordered
ELME000136,DOC_WW_Pin1_4,WW domain ligands,DOC,The Class IV WW domain interaction motif is recognised primarily by the Pin1 phosphorylation-dependent prolyl isomerase.,PF00397,WW,WW domain,...([ST])P.,EALTPS,507,512,TF65_HUMAN,Homo sapiens,14690596,true positive,96,1,disordered
ELME000136,DOC_WW_Pin1_4,WW domain ligands,DOC,The Class IV WW domain interaction motif is recognised primarily by the Pin1 phosphorylation-dependent prolyl isomerase.,PF00397,WW,WW domain,...([ST])P.,EALTPS,507,512,TFCP2_HUMAN,Homo sapiens,20682773,true positive,96,1,disordered
ELME000136,DOC_WW_Pin1_4,WW domain ligands,DOC,The Class IV WW domain interaction motif is recognised primarily by the Pin1 phosphorylation-dependent prolyl isomerase.,PF00397,WW,WW domain,...([ST])P.,EALTPS,507,512,WEE1B_XENLA,Xenopus laevis,17360425,true positive,96,1,disordered
ELME000136,DOC_WW_Pin1_4,WW domain ligands,DOC,The Class IV WW domain interaction motif is recognised primarily by the Pin1 phosphorylation-dependent prolyl isomerase.,PF00397,WW,WW domain,...([ST])P.,EALTPS,507,512,X_HBVA3,Hepatitis B virus adw2/Rutter/1979,17383430,true positive,96,1,disordered
ELME000136,DOC_WW_Pin1_4,WW domain ligands,DOC,The Class IV WW domain interaction motif is recognised primarily by the Pin1 phosphorylation-dependent prolyl isomerase.,PF00397,WW,WW domain,...([ST])P.,PSRTPS,511,516,A4_HUMAN,Homo sapiens,16139797,true positive,96,1,disordered
ELME000136,DOC_WW_Pin1_4,WW domain ligands,DOC,The Class IV WW domain interaction motif is recognised primarily by the Pin1 phosphorylation-dependent prolyl isomerase.,PF00397,WW,WW domain,...([ST])P.,PSRTPS,511,516,A4_HUMAN,Homo sapiens,19602287,true positive,96,1,disordered
ELME000136,DOC_WW_Pin1_4,WW domain ligands,DOC,The Class IV WW domain interaction motif is recognised primarily by the Pin1 phosphorylation-dependent prolyl isomerase.,PF00397,WW,WW domain,...([ST])P.,PSRTPS,511,516,AATF_HUMAN,Homo sapiens,17468107,true positive,96,1,disordered
ELME000136,DOC_WW_Pin1_4,WW domain ligands,DOC,The Class IV WW domain interaction motif is recognised primarily by the Pin1 phosphorylation-dependent prolyl isomerase.,PF00397,WW,WW domain,...([ST])P.,PSRTPS,511,516,AGL24_ARATH,Arabidopsis thaliana,20129060,true positive,96,1,disordered
ELME000136,DOC_WW_Pin1_4,WW domain ligands,DOC,The Class IV WW domain interaction motif is recognised primarily by the Pin1 phosphorylation-dependent prolyl isomerase.,PF00397,WW,WW domain,...([ST])P.,PSRTPS,511,516,AKT1_HUMAN,Homo sapiens,19448664,true positive,96,1,disordered
ELME000136,DOC_WW_Pin1_4,WW domain ligands,DOC,The Class IV WW domain interaction motif is recognised primarily by the Pin1 phosphorylation-dependent prolyl isomerase.,PF00397,WW,WW domain,...([ST])P.,PSRTPS,511,516,ARBK1_MOUSE,Mus musculus,20080565,true positive,96,1,disordered
ELME000136,DOC_WW_Pin1_4,WW domain ligands,DOC,The Class IV WW domain interaction motif is recognised primarily by the Pin1 phosphorylation-dependent prolyl isomerase.,PF00397,WW,WW domain,...([ST])P.,PSRTPS,511,516,B2L11_MOUSE,Mus musculus,1650491,true positive,96,1,disordered
ELME000136,DOC_WW_Pin1_4,WW domain ligands,DOC,The Class IV WW domain interaction motif is recognised primarily by the Pin1 phosphorylation-dependent prolyl isomerase.,PF00397,WW,WW domain,...([ST])P.,PSRTPS,511,516,BTG2_HUMAN,Homo sapiens,15788397,true positive,96,1,disordered
ELME000136,DOC_WW_Pin1_4,WW domain ligands,DOC,The Class IV WW domain interaction motif is recognised primarily by the Pin1 phosphorylation-dependent prolyl isomerase.,PF00397,WW,WW domain,...([ST])P.,PSRTPS,511,516,BTK_MOUSE,Mus musculus,16644721,true positive,96,1,disordered
ELME000136,DOC_WW_Pin1_4,WW domain ligands,DOC,The Class IV WW domain interaction motif is recognised primarily by the Pin1 phosphorylation-dependent prolyl isomerase.,PF00397,WW,WW domain,...([ST])P.,PSRTPS,511,516,CCND1_MOUSE,Mus musculus,11805292,true positive,96,1,disordered
ELME000136,DOC_WW_Pin1_4,WW domain ligands,DOC,The Class IV WW domain interaction motif is recognised primarily by the Pin1 phosphorylation-dependent prolyl isomerase.,PF00397,WW,WW domain,...([ST])P.,PSRTPS,511,516,CCNE1_MOUSE,Mus musculus,16223725,true positive,96,1,disordered
ELME000136,DOC_WW_Pin1_4,WW domain ligands,DOC,The Class IV WW domain interaction motif is recognised primarily by the Pin1 phosphorylation-dependent prolyl isomerase.,PF00397,WW,WW domain,...([ST])P.,PSRTPS,511,516,CDN1B_HUMAN,Homo sapiens,19584057,true positive,96,1,disordered
ELME000136,DOC_WW_Pin1_4,WW domain ligands,DOC,The Class IV WW domain interaction motif is recognised primarily by the Pin1 phosphorylation-dependent prolyl isomerase.,PF00397,WW,WW domain,...([ST])P.,PSRTPS,511,516,CEP55_MOUSE,Mus musculus,19638580,true positive,96,1,disordered
ELME000136,DOC_WW_Pin1_4,WW domain ligands,DOC,The Class IV WW domain interaction motif is recognised primarily by the Pin1 phosphorylation-dependent prolyl isomerase.,PF00397,WW,WW domain,...([ST])P.,PSRTPS,511,516,CRTC2_MOUSE,Mus musculus,20675384,true positive,96,1,disordered
ELME000136,DOC_WW_Pin1_4,WW domain ligands,DOC,The Class IV WW domain interaction motif is recognised primarily by the Pin1 phosphorylation-dependent prolyl isomerase.,PF00397,WW,WW domain,...([ST])P.,PSRTPS,511,516,CTNB1_HUMAN,Homo sapiens,11533658,true positive,96,1,disordered
ELME000136,DOC_WW_Pin1_4,WW domain ligands,DOC,The Class IV WW domain interaction motif is recognised primarily by the Pin1 phosphorylation-dependent prolyl isomerase.,PF00397,WW,WW domain,...([ST])P.,PSRTPS,511,516,DAXX_HUMAN,Homo sapiens,17938171,true positive,96,1,disordered
ELME000136,DOC_WW_Pin1_4,WW domain ligands,DOC,The Class IV WW domain interaction motif is recognised primarily by the Pin1 phosphorylation-dependent prolyl isomerase.,PF00397,WW,WW domain,...([ST])P.,PSRTPS,511,516,FAK1_HUMAN,Homo sapiens,19595712,true positive,96,1,disordered
ELME000136,DOC_WW_Pin1_4,WW domain ligands,DOC,The Class IV WW domain interaction motif is recognised primarily by the Pin1 phosphorylation-dependent prolyl isomerase.,PF00397,WW,WW domain,...([ST])P.,PSRTPS,511,516,FAK1_MOUSE,Mus musculus,19595712,true positive,96,1,disordered
ELME000136,DOC_WW_Pin1_4,WW domain ligands,DOC,The Class IV WW domain interaction motif is recognised primarily by the Pin1 phosphorylation-dependent prolyl isomerase.,PF00397,WW,WW domain,...([ST])P.,PSRTPS,511,516,FBX5A_XENLA,Xenopus laevis,17159919,true positive,96,1,disordered
ELME000136,DOC_WW_Pin1_4,WW domain ligands,DOC,The Class IV WW domain interaction motif is recognised primarily by the Pin1 phosphorylation-dependent prolyl isomerase.,PF00397,WW,WW domain,...([ST])P.,PSRTPS,511,516,FBXW7_HUMAN,Homo sapiens,22608923,true positive,96,1,disordered
ELME000136,DOC_WW_Pin1_4,WW domain ligands,DOC,The Class IV WW domain interaction motif is recognised primarily by the Pin1 phosphorylation-dependent prolyl isomerase.,PF00397,WW,WW domain,...([ST])P.,PSRTPS,511,516,FOS_MOUSE,Mus musculus,16123044,true positive,96,1,disordered
ELME000136,DOC_WW_Pin1_4,WW domain ligands,DOC,The Class IV WW domain interaction motif is recognised primarily by the Pin1 phosphorylation-dependent prolyl isomerase.,PF00397,WW,WW domain,...([ST])P.,PSRTPS,511,516,FUBP2_HUMAN,Homo sapiens,19770516,true positive,96,1,disordered
ELME000136,DOC_WW_Pin1_4,WW domain ligands,DOC,The Class IV WW domain interaction motif is recognised primarily by the Pin1 phosphorylation-dependent prolyl isomerase.,PF00397,WW,WW domain,...([ST])P.,PSRTPS,511,516,GEPH_MOUSE,Mus musculus,17347650,true positive,96,1,disordered
ELME000136,DOC_WW_Pin1_4,WW domain ligands,DOC,The Class IV WW domain interaction motif is recognised primarily by the Pin1 phosphorylation-dependent prolyl isomerase.,PF00397,WW,WW domain,...([ST])P.,PSRTPS,511,516,IRF3_HUMAN,Homo sapiens,16699525,true positive,96,1,disordered
ELME000136,DOC_WW_Pin1_4,WW domain ligands,DOC,The Class IV WW domain interaction motif is recognised primarily by the Pin1 phosphorylation-dependent prolyl isomerase.,PF00397,WW,WW domain,...([ST])P.,PSRTPS,511,516,IRS1_HUMAN,Homo sapiens,21454638,true positive,96,1,disordered
ELME000136,DOC_WW_Pin1_4,WW domain ligands,DOC,The Class IV WW domain interaction motif is recognised primarily by the Pin1 phosphorylation-dependent prolyl isomerase.,PF00397,WW,WW domain,...([ST])P.,PSRTPS,511,516,JUN_HUMAN,Homo sapiens,11432833,true positive,96,1,disordered
ELME000136,DOC_WW_Pin1_4,WW domain ligands,DOC,The Class IV WW domain interaction motif is recognised primarily by the Pin1 phosphorylation-dependent prolyl isomerase.,PF00397,WW,WW domain,...([ST])P.,PSRTPS,511,516,KI20B_HUMAN,Homo sapiens,11470801,true positive,96,1,disordered
ELME000136,DOC_WW_Pin1_4,WW domain ligands,DOC,The Class IV WW domain interaction motif is recognised primarily by the Pin1 phosphorylation-dependent prolyl isomerase.,PF00397,WW,WW domain,...([ST])P.,PSRTPS,511,516,MEF2C_MOUSE,Mus musculus,20801874,true positive,96,1,disordered
ELME000136,DOC_WW_Pin1_4,WW domain ligands,DOC,The Class IV WW domain interaction motif is recognised primarily by the Pin1 phosphorylation-dependent prolyl isomerase.,PF00397,WW,WW domain,...([ST])P.,PSRTPS,511,516,MYB_MOUSE,Mus musculus,18359295,true positive,96,1,disordered
ELME000136,DOC_WW_Pin1_4,WW domain ligands,DOC,The Class IV WW domain interaction motif is recognised primarily by the Pin1 phosphorylation-dependent prolyl isomerase.,PF00397,WW,WW domain,...([ST])P.,PSRTPS,511,516,MYC_HUMAN,Homo sapiens,15048125,true positive,96,1,disordered
ELME000136,DOC_WW_Pin1_4,WW domain ligands,DOC,The Class IV WW domain interaction motif is recognised primarily by the Pin1 phosphorylation-dependent prolyl isomerase.,PF00397,WW,WW domain,...([ST])P.,PSRTPS,511,516,NANOG_MOUSE,Mus musculus,20622153,true positive,96,1,disordered
ELME000136,DOC_WW_Pin1_4,WW domain ligands,DOC,The Class IV WW domain interaction motif is recognised primarily by the Pin1 phosphorylation-dependent prolyl isomerase.,PF00397,WW,WW domain,...([ST])P.,PSRTPS,511,516,NCF1_HUMAN,Homo sapiens,20956805,true positive,96,1,disordered
ELME000136,DOC_WW_Pin1_4,WW domain ligands,DOC,The Class IV WW domain interaction motif is recognised primarily by the Pin1 phosphorylation-dependent prolyl isomerase.,PF00397,WW,WW domain,...([ST])P.,PSRTPS,511,516,NCOR2_HUMAN,Homo sapiens,18838553,true positive,96,1,disordered
ELME000136,DOC_WW_Pin1_4,WW domain ligands,DOC,The Class IV WW domain interaction motif is recognised primarily by the Pin1 phosphorylation-dependent prolyl isomerase.,PF00397,WW,WW domain,...([ST])P.,PSRTPS,511,516,NEK6_HUMAN,Homo sapiens,16476580,true positive,96,1,disordered
ELME000136,DOC_WW_Pin1_4,WW domain ligands,DOC,The Class IV WW domain interaction motif is recognised primarily by the Pin1 phosphorylation-dependent prolyl isomerase.,PF00397,WW,WW domain,...([ST])P.,PSRTPS,511,516,NONO_MOUSE,Mus musculus,15701524,true positive,96,1,disordered
ELME000136,DOC_WW_Pin1_4,WW domain ligands,DOC,The Class IV WW domain interaction motif is recognised primarily by the Pin1 phosphorylation-dependent prolyl isomerase.,PF00397,WW,WW domain,...([ST])P.,PSRTPS,511,516,NOTC1_HUMAN,Homo sapiens,19151708,true positive,96,1,disordered
ELME000136,DOC_WW_Pin1_4,WW domain ligands,DOC,The Class IV WW domain interaction motif is recognised primarily by the Pin1 phosphorylation-dependent prolyl isomerase.,PF00397,WW,WW domain,...([ST])P.,PSRTPS,511,516,NR4A1_HUMAN,Homo sapiens,22002310,true positive,96,1,disordered
ELME000136,DOC_WW_Pin1_4,WW domain ligands,DOC,The Class IV WW domain interaction motif is recognised primarily by the Pin1 phosphorylation-dependent prolyl isomerase.,PF00397,WW,WW domain,...([ST])P.,PSRTPS,511,516,P53_HUMAN,Homo sapiens,12388558,true positive,96,1,disordered
ELME000136,DOC_WW_Pin1_4,WW domain ligands,DOC,The Class IV WW domain interaction motif is recognised primarily by the Pin1 phosphorylation-dependent prolyl isomerase.,PF00397,WW,WW domain,...([ST])P.,PSRTPS,511,516,P53_HUMAN,Homo sapiens,12397362,true positive,96,1,disordered
ELME000136,DOC_WW_Pin1_4,WW domain ligands,DOC,The Class IV WW domain interaction motif is recognised primarily by the Pin1 phosphorylation-dependent prolyl isomerase.,PF00397,WW,WW domain,...([ST])P.,PSRTPS,511,516,P73_HUMAN,Homo sapiens,15175157,true positive,96,1,disordered
ELME000136,DOC_WW_Pin1_4,WW domain ligands,DOC,The Class IV WW domain interaction motif is recognised primarily by the Pin1 phosphorylation-dependent prolyl isomerase.,PF00397,WW,WW domain,...([ST])P.,PSRTPS,511,516,PML_HUMAN,Homo sapiens,18039859,true positive,96,1,disordered
ELME000136,DOC_WW_Pin1_4,WW domain ligands,DOC,The Class IV WW domain interaction motif is recognised primarily by the Pin1 phosphorylation-dependent prolyl isomerase.,PF00397,WW,WW domain,...([ST])P.,PSRTPS,511,516,PO5F1_HUMAN,Homo sapiens,21296877,true positive,96,1,disordered
ELME000136,DOC_WW_Pin1_4,WW domain ligands,DOC,The Class IV WW domain interaction motif is recognised primarily by the Pin1 phosphorylation-dependent prolyl isomerase.,PF00397,WW,WW domain,...([ST])P.,PSRTPS,511,516,PPARG_HUMAN,Homo sapiens,19996102,true positive,96,1,disordered
ELME000136,DOC_WW_Pin1_4,WW domain ligands,DOC,The Class IV WW domain interaction motif is recognised primarily by the Pin1 phosphorylation-dependent prolyl isomerase.,PF00397,WW,WW domain,...([ST])P.,PSRTPS,511,516,RARA_HUMAN,Homo sapiens,15670742,true positive,96,1,disordered
ELME000136,DOC_WW_Pin1_4,WW domain ligands,DOC,The Class IV WW domain interaction motif is recognised primarily by the Pin1 phosphorylation-dependent prolyl isomerase.,PF00397,WW,WW domain,...([ST])P.,PSRTPS,511,516,SMAD3_HUMAN,Homo sapiens,19122240 21685363,true positive,96,1,disordered
ELME000136,DOC_WW_Pin1_4,WW domain ligands,DOC,The Class IV WW domain interaction motif is recognised primarily by the Pin1 phosphorylation-dependent prolyl isomerase.,PF00397,WW,WW domain,...([ST])P.,PSRTPS,511,516,SMAD3_HUMAN,Homo sapiens,19122240,true positive,96,1,disordered
ELME000136,DOC_WW_Pin1_4,WW domain ligands,DOC,The Class IV WW domain interaction motif is recognised primarily by the Pin1 phosphorylation-dependent prolyl isomerase.,PF00397,WW,WW domain,...([ST])P.,PSRTPS,511,516,SNCAP_HUMAN,Homo sapiens,16365047,true positive,96,1,disordered
ELME000136,DOC_WW_Pin1_4,WW domain ligands,DOC,The Class IV WW domain interaction motif is recognised primarily by the Pin1 phosphorylation-dependent prolyl isomerase.,PF00397,WW,WW domain,...([ST])P.,PSRTPS,511,516,SOC1_ARATH,Arabidopsis thaliana,20129060,true positive,96,1,disordered
ELME000136,DOC_WW_Pin1_4,WW domain ligands,DOC,The Class IV WW domain interaction motif is recognised primarily by the Pin1 phosphorylation-dependent prolyl isomerase.,PF00397,WW,WW domain,...([ST])P.,PSRTPS,511,516,SPT23_YEAST,Saccharomyces cerevisiae S288c,19597489,true positive,96,1,disordered
ELME000136,DOC_WW_Pin1_4,WW domain ligands,DOC,The Class IV WW domain interaction motif is recognised primarily by the Pin1 phosphorylation-dependent prolyl isomerase.,PF00397,WW,WW domain,...([ST])P.,PSRTPS,511,516,ST4A1_HUMAN,Homo sapiens,19439498 20920535,true positive,96,1,disordered
ELME000136,DOC_WW_Pin1_4,WW domain ligands,DOC,The Class IV WW domain interaction motif is recognised primarily by the Pin1 phosphorylation-dependent prolyl isomerase.,PF00397,WW,WW domain,...([ST])P.,PSRTPS,511,516,STAT3_HUMAN,Homo sapiens,17563747,true positive,96,1,disordered
ELME000136,DOC_WW_Pin1_4,WW domain ligands,DOC,The Class IV WW domain interaction motif is recognised primarily by the Pin1 phosphorylation-dependent prolyl isomerase.,PF00397,WW,WW domain,...([ST])P.,PSRTPS,511,516,STF1_MOUSE,Mus musculus,19995909,true positive,96,1,disordered
ELME000136,DOC_WW_Pin1_4,WW domain ligands,DOC,The Class IV WW domain interaction motif is recognised primarily by the Pin1 phosphorylation-dependent prolyl isomerase.,PF00397,WW,WW domain,...([ST])P.,PSRTPS,511,516,TAU_HUMAN,Homo sapiens,10391244,true positive,96,1,disordered
ELME000136,DOC_WW_Pin1_4,WW domain ligands,DOC,The Class IV WW domain interaction motif is recognised primarily by the Pin1 phosphorylation-dependent prolyl isomerase.,PF00397,WW,WW domain,...([ST])P.,PSRTPS,511,516,TAX_HTL1A,Human T-cell lymphotrophic virus type 1 (strain ATK),19338781,true positive,96,1,disordered
ELME000136,DOC_WW_Pin1_4,WW domain ligands,DOC,The Class IV WW domain interaction motif is recognised primarily by the Pin1 phosphorylation-dependent prolyl isomerase.,PF00397,WW,WW domain,...([ST])P.,PSRTPS,511,516,TERF1_HUMAN,Homo sapiens,19060891,true positive,96,1,disordered
ELME000136,DOC_WW_Pin1_4,WW domain ligands,DOC,The Class IV WW domain interaction motif is recognised primarily by the Pin1 phosphorylation-dependent prolyl isomerase.,PF00397,WW,WW domain,...([ST])P.,PSRTPS,511,516,TF65_HUMAN,Homo sapiens,14690596,true positive,96,1,disordered
ELME000136,DOC_WW_Pin1_4,WW domain ligands,DOC,The Class IV WW domain interaction motif is recognised primarily by the Pin1 phosphorylation-dependent prolyl isomerase.,PF00397,WW,WW domain,...([ST])P.,PSRTPS,511,516,TFCP2_HUMAN,Homo sapiens,20682773,true positive,96,1,disordered
ELME000136,DOC_WW_Pin1_4,WW domain ligands,DOC,The Class IV WW domain interaction motif is recognised primarily by the Pin1 phosphorylation-dependent prolyl isomerase.,PF00397,WW,WW domain,...([ST])P.,PSRTPS,511,516,WEE1B_XENLA,Xenopus laevis,17360425,true positive,96,1,disordered
ELME000136,DOC_WW_Pin1_4,WW domain ligands,DOC,The Class IV WW domain interaction motif is recognised primarily by the Pin1 phosphorylation-dependent prolyl isomerase.,PF00397,WW,WW domain,...([ST])P.,PSRTPS,511,516,X_HBVA3,Hepatitis B virus adw2/Rutter/1979,17383430,true positive,96,1,disordered
ELME000417,LIG_14-3-3_CanoR_1,14-3-3 binding phosphopeptide motif,LIG,Canonical Arg-containing phospho-motif mediating a strong interaction with 14-3-3 proteins.  ,PF00244,14-3-3,14-3-3 protein,"R[^DE]{0,2}[^DEPG]([ST])(([FWYLMV].)|([^PRIKGN]P)|([^PRIKGN].{2,4}[VILMFWYP]))",RLTQSLN,120,126,3BP2_HUMAN,Homo sapiens,12501243,true positive,65,16,ordered
ELME000417,LIG_14-3-3_CanoR_1,14-3-3 binding phosphopeptide motif,LIG,Canonical Arg-containing phospho-motif mediating a strong interaction with 14-3-3 proteins.  ,PF00244,14-3-3,14-3-3 protein,"R[^DE]{0,2}[^DEPG]([ST])(([FWYLMV].)|([^PRIKGN]P)|([^PRIKGN].{2,4}[VILMFWYP]))",RLTQSLN,120,126,ADA22_HUMAN,Homo sapiens,16868027,true positive,65,16,ordered
ELME000417,LIG_14-3-3_CanoR_1,14-3-3 binding phosphopeptide motif,LIG,Canonical Arg-containing phospho-motif mediating a strong interaction with 14-3-3 proteins.  ,PF00244,14-3-3,14-3-3 protein,"R[^DE]{0,2}[^DEPG]([ST])(([FWYLMV].)|([^PRIKGN]P)|([^PRIKGN].{2,4}[VILMFWYP]))",RLTQSLN,120,126,ATX1_HUMAN,Homo sapiens,20037628 12757707,true positive,65,16,ordered
ELME000417,LIG_14-3-3_CanoR_1,14-3-3 binding phosphopeptide motif,LIG,Canonical Arg-containing phospho-motif mediating a strong interaction with 14-3-3 proteins.  ,PF00244,14-3-3,14-3-3 protein,"R[^DE]{0,2}[^DEPG]([ST])(([FWYLMV].)|([^PRIKGN]P)|([^PRIKGN].{2,4}[VILMFWYP]))",RLTQSLN,120,126,B7UM88_ECO27,Escherichia coli O127:H6 str. E2348/69,15339273,true positive,65,16,ordered
ELME000417,LIG_14-3-3_CanoR_1,14-3-3 binding phosphopeptide motif,LIG,Canonical Arg-containing phospho-motif mediating a strong interaction with 14-3-3 proteins.  ,PF00244,14-3-3,14-3-3 protein,"R[^DE]{0,2}[^DEPG]([ST])(([FWYLMV].)|([^PRIKGN]P)|([^PRIKGN].{2,4}[VILMFWYP]))",RLTQSLN,120,126,BAD_MOUSE,Mus musculus,8929531,true positive,65,16,ordered
ELME000417,LIG_14-3-3_CanoR_1,14-3-3 binding phosphopeptide motif,LIG,Canonical Arg-containing phospho-motif mediating a strong interaction with 14-3-3 proteins.  ,PF00244,14-3-3,14-3-3 protein,"R[^DE]{0,2}[^DEPG]([ST])(([FWYLMV].)|([^PRIKGN]P)|([^PRIKGN].{2,4}[VILMFWYP]))",RLTQSLN,120,126,BAD_MOUSE,Mus musculus,8929531 10949026,true positive,65,16,ordered
ELME000417,LIG_14-3-3_CanoR_1,14-3-3 binding phosphopeptide motif,LIG,Canonical Arg-containing phospho-motif mediating a strong interaction with 14-3-3 proteins.  ,PF00244,14-3-3,14-3-3 protein,"R[^DE]{0,2}[^DEPG]([ST])(([FWYLMV].)|([^PRIKGN]P)|([^PRIKGN].{2,4}[VILMFWYP]))",RLTQSLN,120,126,BAD_RAT,Rattus norvegicus,9369453,true positive,65,16,ordered
ELME000417,LIG_14-3-3_CanoR_1,14-3-3 binding phosphopeptide motif,LIG,Canonical Arg-containing phospho-motif mediating a strong interaction with 14-3-3 proteins.  ,PF00244,14-3-3,14-3-3 protein,"R[^DE]{0,2}[^DEPG]([ST])(([FWYLMV].)|([^PRIKGN]P)|([^PRIKGN].{2,4}[VILMFWYP]))",RLTQSLN,120,126,CBY1_HUMAN,Homo sapiens,25909186,true positive,65,16,ordered
ELME000417,LIG_14-3-3_CanoR_1,14-3-3 binding phosphopeptide motif,LIG,Canonical Arg-containing phospho-motif mediating a strong interaction with 14-3-3 proteins.  ,PF00244,14-3-3,14-3-3 protein,"R[^DE]{0,2}[^DEPG]([ST])(([FWYLMV].)|([^PRIKGN]P)|([^PRIKGN].{2,4}[VILMFWYP]))",RLTQSLN,120,126,CFTR_HUMAN,Homo sapiens,26888287,true positive,65,16,ordered
ELME000417,LIG_14-3-3_CanoR_1,14-3-3 binding phosphopeptide motif,LIG,Canonical Arg-containing phospho-motif mediating a strong interaction with 14-3-3 proteins.  ,PF00244,14-3-3,14-3-3 protein,"R[^DE]{0,2}[^DEPG]([ST])(([FWYLMV].)|([^PRIKGN]P)|([^PRIKGN].{2,4}[VILMFWYP]))",RLTQSLN,120,126,FOXO3_HUMAN,Homo sapiens,11864996,true positive,65,16,ordered
ELME000417,LIG_14-3-3_CanoR_1,14-3-3 binding phosphopeptide motif,LIG,Canonical Arg-containing phospho-motif mediating a strong interaction with 14-3-3 proteins.  ,PF00244,14-3-3,14-3-3 protein,"R[^DE]{0,2}[^DEPG]([ST])(([FWYLMV].)|([^PRIKGN]P)|([^PRIKGN].{2,4}[VILMFWYP]))",RLTQSLN,120,126,FOXO4_HUMAN,Homo sapiens,14690436,true positive,65,16,ordered
ELME000417,LIG_14-3-3_CanoR_1,14-3-3 binding phosphopeptide motif,LIG,Canonical Arg-containing phospho-motif mediating a strong interaction with 14-3-3 proteins.  ,PF00244,14-3-3,14-3-3 protein,"R[^DE]{0,2}[^DEPG]([ST])(([FWYLMV].)|([^PRIKGN]P)|([^PRIKGN].{2,4}[VILMFWYP]))",RLTQSLN,120,126,FOXO4_HUMAN,Homo sapiens,16114898,true positive,65,16,ordered
ELME000417,LIG_14-3-3_CanoR_1,14-3-3 binding phosphopeptide motif,LIG,Canonical Arg-containing phospho-motif mediating a strong interaction with 14-3-3 proteins.  ,PF00244,14-3-3,14-3-3 protein,"R[^DE]{0,2}[^DEPG]([ST])(([FWYLMV].)|([^PRIKGN]P)|([^PRIKGN].{2,4}[VILMFWYP]))",RLTQSLN,120,126,GAB2_HUMAN,Homo sapiens,19172738,true positive,65,16,ordered
ELME000417,LIG_14-3-3_CanoR_1,14-3-3 binding phosphopeptide motif,LIG,Canonical Arg-containing phospho-motif mediating a strong interaction with 14-3-3 proteins.  ,PF00244,14-3-3,14-3-3 protein,"R[^DE]{0,2}[^DEPG]([ST])(([FWYLMV].)|([^PRIKGN]P)|([^PRIKGN].{2,4}[VILMFWYP]))",RLTQSLN,120,126,GFAP_HUMAN,Homo sapiens,17032734,true positive,65,16,ordered
ELME000417,LIG_14-3-3_CanoR_1,14-3-3 binding phosphopeptide motif,LIG,Canonical Arg-containing phospho-motif mediating a strong interaction with 14-3-3 proteins.  ,PF00244,14-3-3,14-3-3 protein,"R[^DE]{0,2}[^DEPG]([ST])(([FWYLMV].)|([^PRIKGN]P)|([^PRIKGN].{2,4}[VILMFWYP]))",RLTQSLN,120,126,H31_HUMAN,Homo sapiens,16246723,true positive,65,16,ordered
ELME000417,LIG_14-3-3_CanoR_1,14-3-3 binding phosphopeptide motif,LIG,Canonical Arg-containing phospho-motif mediating a strong interaction with 14-3-3 proteins.  ,PF00244,14-3-3,14-3-3 protein,"R[^DE]{0,2}[^DEPG]([ST])(([FWYLMV].)|([^PRIKGN]P)|([^PRIKGN].{2,4}[VILMFWYP]))",RLTQSLN,120,126,HDAC4_HUMAN,Homo sapiens,10958686 10869435,true positive,65,16,ordered
ELME000417,LIG_14-3-3_CanoR_1,14-3-3 binding phosphopeptide motif,LIG,Canonical Arg-containing phospho-motif mediating a strong interaction with 14-3-3 proteins.  ,PF00244,14-3-3,14-3-3 protein,"R[^DE]{0,2}[^DEPG]([ST])(([FWYLMV].)|([^PRIKGN]P)|([^PRIKGN].{2,4}[VILMFWYP]))",RLTQSLN,120,126,HDAC4_HUMAN,Homo sapiens,10869435,true positive,65,16,ordered
ELME000417,LIG_14-3-3_CanoR_1,14-3-3 binding phosphopeptide motif,LIG,Canonical Arg-containing phospho-motif mediating a strong interaction with 14-3-3 proteins.  ,PF00244,14-3-3,14-3-3 protein,"R[^DE]{0,2}[^DEPG]([ST])(([FWYLMV].)|([^PRIKGN]P)|([^PRIKGN].{2,4}[VILMFWYP]))",RLTQSLN,120,126,HDAC5_HUMAN,Homo sapiens,11114197,true positive,65,16,ordered
ELME000417,LIG_14-3-3_CanoR_1,14-3-3 binding phosphopeptide motif,LIG,Canonical Arg-containing phospho-motif mediating a strong interaction with 14-3-3 proteins.  ,PF00244,14-3-3,14-3-3 protein,"R[^DE]{0,2}[^DEPG]([ST])(([FWYLMV].)|([^PRIKGN]P)|([^PRIKGN].{2,4}[VILMFWYP]))",RLTQSLN,120,126,KIF1C_HUMAN,Homo sapiens,17085597 10559254,true positive,65,16,ordered
ELME000417,LIG_14-3-3_CanoR_1,14-3-3 binding phosphopeptide motif,LIG,Canonical Arg-containing phospho-motif mediating a strong interaction with 14-3-3 proteins.  ,PF00244,14-3-3,14-3-3 protein,"R[^DE]{0,2}[^DEPG]([ST])(([FWYLMV].)|([^PRIKGN]P)|([^PRIKGN].{2,4}[VILMFWYP]))",RLTQSLN,120,126,KLC2_HUMAN,Homo sapiens,21189416,true positive,65,16,ordered
ELME000417,LIG_14-3-3_CanoR_1,14-3-3 binding phosphopeptide motif,LIG,Canonical Arg-containing phospho-motif mediating a strong interaction with 14-3-3 proteins.  ,PF00244,14-3-3,14-3-3 protein,"R[^DE]{0,2}[^DEPG]([ST])(([FWYLMV].)|([^PRIKGN]P)|([^PRIKGN].{2,4}[VILMFWYP]))",RLTQSLN,120,126,KLC3_HUMAN,Homo sapiens,21189416,true positive,65,16,ordered
ELME000417,LIG_14-3-3_CanoR_1,14-3-3 binding phosphopeptide motif,LIG,Canonical Arg-containing phospho-motif mediating a strong interaction with 14-3-3 proteins.  ,PF00244,14-3-3,14-3-3 protein,"R[^DE]{0,2}[^DEPG]([ST])(([FWYLMV].)|([^PRIKGN]P)|([^PRIKGN].{2,4}[VILMFWYP]))",RLTQSLN,120,126,KPCE_HUMAN,Homo sapiens,19662078,true positive,65,16,ordered
ELME000417,LIG_14-3-3_CanoR_1,14-3-3 binding phosphopeptide motif,LIG,Canonical Arg-containing phospho-motif mediating a strong interaction with 14-3-3 proteins.  ,PF00244,14-3-3,14-3-3 protein,"R[^DE]{0,2}[^DEPG]([ST])(([FWYLMV].)|([^PRIKGN]P)|([^PRIKGN].{2,4}[VILMFWYP]))",RLTQSLN,120,126,KSR1_MOUSE,Mus musculus,9858547,true positive,65,16,ordered
ELME000417,LIG_14-3-3_CanoR_1,14-3-3 binding phosphopeptide motif,LIG,Canonical Arg-containing phospho-motif mediating a strong interaction with 14-3-3 proteins.  ,PF00244,14-3-3,14-3-3 protein,"R[^DE]{0,2}[^DEPG]([ST])(([FWYLMV].)|([^PRIKGN]P)|([^PRIKGN].{2,4}[VILMFWYP]))",RLTQSLN,120,126,M3K5_HUMAN,Homo sapiens,17085597 10411906,true positive,65,16,ordered
ELME000417,LIG_14-3-3_CanoR_1,14-3-3 binding phosphopeptide motif,LIG,Canonical Arg-containing phospho-motif mediating a strong interaction with 14-3-3 proteins.  ,PF00244,14-3-3,14-3-3 protein,"R[^DE]{0,2}[^DEPG]([ST])(([FWYLMV].)|([^PRIKGN]P)|([^PRIKGN].{2,4}[VILMFWYP]))",RLTQSLN,120,126,MDM4_HUMAN,Homo sapiens,16943424,true positive,65,16,ordered
ELME000417,LIG_14-3-3_CanoR_1,14-3-3 binding phosphopeptide motif,LIG,Canonical Arg-containing phospho-motif mediating a strong interaction with 14-3-3 proteins.  ,PF00244,14-3-3,14-3-3 protein,"R[^DE]{0,2}[^DEPG]([ST])(([FWYLMV].)|([^PRIKGN]P)|([^PRIKGN].{2,4}[VILMFWYP]))",RLTQSLN,120,126,MEFV_HUMAN,Homo sapiens,15934090,true positive,65,16,ordered
ELME000417,LIG_14-3-3_CanoR_1,14-3-3 binding phosphopeptide motif,LIG,Canonical Arg-containing phospho-motif mediating a strong interaction with 14-3-3 proteins.  ,PF00244,14-3-3,14-3-3 protein,"R[^DE]{0,2}[^DEPG]([ST])(([FWYLMV].)|([^PRIKGN]P)|([^PRIKGN].{2,4}[VILMFWYP]))",RLTQSLN,120,126,MEI2_SCHPO,Schizosaccharomyces pombe 972h-,11818066,true positive,65,16,ordered
ELME000417,LIG_14-3-3_CanoR_1,14-3-3 binding phosphopeptide motif,LIG,Canonical Arg-containing phospho-motif mediating a strong interaction with 14-3-3 proteins.  ,PF00244,14-3-3,14-3-3 protein,"R[^DE]{0,2}[^DEPG]([ST])(([FWYLMV].)|([^PRIKGN]P)|([^PRIKGN].{2,4}[VILMFWYP]))",RLTQSLN,120,126,MLF1_HUMAN,Homo sapiens,22151054,true positive,65,16,ordered
ELME000417,LIG_14-3-3_CanoR_1,14-3-3 binding phosphopeptide motif,LIG,Canonical Arg-containing phospho-motif mediating a strong interaction with 14-3-3 proteins.  ,PF00244,14-3-3,14-3-3 protein,"R[^DE]{0,2}[^DEPG]([ST])(([FWYLMV].)|([^PRIKGN]P)|([^PRIKGN].{2,4}[VILMFWYP]))",RLTQSLN,120,126,MT_POVM3,Mouse polyomavirus (strain 3),9428519,true positive,65,16,ordered
ELME000417,LIG_14-3-3_CanoR_1,14-3-3 binding phosphopeptide motif,LIG,Canonical Arg-containing phospho-motif mediating a strong interaction with 14-3-3 proteins.  ,PF00244,14-3-3,14-3-3 protein,"R[^DE]{0,2}[^DEPG]([ST])(([FWYLMV].)|([^PRIKGN]P)|([^PRIKGN].{2,4}[VILMFWYP]))",RLTQSLN,120,126,NAC1_HUMAN,Homo sapiens,16679322,true positive,65,16,ordered
ELME000417,LIG_14-3-3_CanoR_1,14-3-3 binding phosphopeptide motif,LIG,Canonical Arg-containing phospho-motif mediating a strong interaction with 14-3-3 proteins.  ,PF00244,14-3-3,14-3-3 protein,"R[^DE]{0,2}[^DEPG]([ST])(([FWYLMV].)|([^PRIKGN]P)|([^PRIKGN].{2,4}[VILMFWYP]))",RLTQSLN,120,126,NED4L_HUMAN,Homo sapiens,21900244,true positive,65,16,ordered
ELME000417,LIG_14-3-3_CanoR_1,14-3-3 binding phosphopeptide motif,LIG,Canonical Arg-containing phospho-motif mediating a strong interaction with 14-3-3 proteins.  ,PF00244,14-3-3,14-3-3 protein,"R[^DE]{0,2}[^DEPG]([ST])(([FWYLMV].)|([^PRIKGN]P)|([^PRIKGN].{2,4}[VILMFWYP]))",RLTQSLN,120,126,NED4L_HUMAN,Homo sapiens,15677482,true positive,65,16,ordered
ELME000417,LIG_14-3-3_CanoR_1,14-3-3 binding phosphopeptide motif,LIG,Canonical Arg-containing phospho-motif mediating a strong interaction with 14-3-3 proteins.  ,PF00244,14-3-3,14-3-3 protein,"R[^DE]{0,2}[^DEPG]([ST])(([FWYLMV].)|([^PRIKGN]P)|([^PRIKGN].{2,4}[VILMFWYP]))",RLTQSLN,120,126,PACS2_HUMAN,Homo sapiens,19481529,true positive,65,16,ordered
ELME000417,LIG_14-3-3_CanoR_1,14-3-3 binding phosphopeptide motif,LIG,Canonical Arg-containing phospho-motif mediating a strong interaction with 14-3-3 proteins.  ,PF00244,14-3-3,14-3-3 protein,"R[^DE]{0,2}[^DEPG]([ST])(([FWYLMV].)|([^PRIKGN]P)|([^PRIKGN].{2,4}[VILMFWYP]))",RLTQSLN,120,126,PADI6_HUMAN,Homo sapiens,22634725,true positive,65,16,ordered
ELME000417,LIG_14-3-3_CanoR_1,14-3-3 binding phosphopeptide motif,LIG,Canonical Arg-containing phospho-motif mediating a strong interaction with 14-3-3 proteins.  ,PF00244,14-3-3,14-3-3 protein,"R[^DE]{0,2}[^DEPG]([ST])(([FWYLMV].)|([^PRIKGN]P)|([^PRIKGN].{2,4}[VILMFWYP]))",RLTQSLN,120,126,PDE3A_HUMAN,Homo sapiens,16153182,true positive,65,16,ordered
ELME000417,LIG_14-3-3_CanoR_1,14-3-3 binding phosphopeptide motif,LIG,Canonical Arg-containing phospho-motif mediating a strong interaction with 14-3-3 proteins.  ,PF00244,14-3-3,14-3-3 protein,"R[^DE]{0,2}[^DEPG]([ST])(([FWYLMV].)|([^PRIKGN]P)|([^PRIKGN].{2,4}[VILMFWYP]))",RLTQSLN,120,126,PTN3_HUMAN,Homo sapiens,9341175,true positive,65,16,ordered
ELME000417,LIG_14-3-3_CanoR_1,14-3-3 binding phosphopeptide motif,LIG,Canonical Arg-containing phospho-motif mediating a strong interaction with 14-3-3 proteins.  ,PF00244,14-3-3,14-3-3 protein,"R[^DE]{0,2}[^DEPG]([ST])(([FWYLMV].)|([^PRIKGN]P)|([^PRIKGN].{2,4}[VILMFWYP]))",RLTQSLN,120,126,PTPN3_MOUSE,Mus musculus,9341175,true positive,65,16,ordered
ELME000417,LIG_14-3-3_CanoR_1,14-3-3 binding phosphopeptide motif,LIG,Canonical Arg-containing phospho-motif mediating a strong interaction with 14-3-3 proteins.  ,PF00244,14-3-3,14-3-3 protein,"R[^DE]{0,2}[^DEPG]([ST])(([FWYLMV].)|([^PRIKGN]P)|([^PRIKGN].{2,4}[VILMFWYP]))",RLTQSLN,120,126,Q888Y7_PSESM,Pseudomonas syringae pv. tomato str. DC3000,23417089,true positive,65,16,ordered
ELME000417,LIG_14-3-3_CanoR_1,14-3-3 binding phosphopeptide motif,LIG,Canonical Arg-containing phospho-motif mediating a strong interaction with 14-3-3 proteins.  ,PF00244,14-3-3,14-3-3 protein,"R[^DE]{0,2}[^DEPG]([ST])(([FWYLMV].)|([^PRIKGN]P)|([^PRIKGN].{2,4}[VILMFWYP]))",RLTQSLN,120,126,RAF1_HUMAN,Homo sapiens,23808890,true positive,65,16,ordered
ELME000417,LIG_14-3-3_CanoR_1,14-3-3 binding phosphopeptide motif,LIG,Canonical Arg-containing phospho-motif mediating a strong interaction with 14-3-3 proteins.  ,PF00244,14-3-3,14-3-3 protein,"R[^DE]{0,2}[^DEPG]([ST])(([FWYLMV].)|([^PRIKGN]P)|([^PRIKGN].{2,4}[VILMFWYP]))",RLTQSLN,120,126,RAF1_HUMAN,Homo sapiens,8601312 23808890 20679480,true positive,65,16,ordered
ELME000417,LIG_14-3-3_CanoR_1,14-3-3 binding phosphopeptide motif,LIG,Canonical Arg-containing phospho-motif mediating a strong interaction with 14-3-3 proteins.  ,PF00244,14-3-3,14-3-3 protein,"R[^DE]{0,2}[^DEPG]([ST])(([FWYLMV].)|([^PRIKGN]P)|([^PRIKGN].{2,4}[VILMFWYP]))",RLTQSLN,120,126,RAF1_HUMAN,Homo sapiens,23808890 8601312,true positive,65,16,ordered
ELME000417,LIG_14-3-3_CanoR_1,14-3-3 binding phosphopeptide motif,LIG,Canonical Arg-containing phospho-motif mediating a strong interaction with 14-3-3 proteins.  ,PF00244,14-3-3,14-3-3 protein,"R[^DE]{0,2}[^DEPG]([ST])(([FWYLMV].)|([^PRIKGN]P)|([^PRIKGN].{2,4}[VILMFWYP]))",RLTQSLN,120,126,RGS3_HUMAN,Homo sapiens,11985497,true positive,65,16,ordered
ELME000417,LIG_14-3-3_CanoR_1,14-3-3 binding phosphopeptide motif,LIG,Canonical Arg-containing phospho-motif mediating a strong interaction with 14-3-3 proteins.  ,PF00244,14-3-3,14-3-3 protein,"R[^DE]{0,2}[^DEPG]([ST])(([FWYLMV].)|([^PRIKGN]P)|([^PRIKGN].{2,4}[VILMFWYP]))",RLTQSLN,120,126,RIM15_YEAST,Saccharomyces cerevisiae,16308562,true positive,65,16,ordered
ELME000417,LIG_14-3-3_CanoR_1,14-3-3 binding phosphopeptide motif,LIG,Canonical Arg-containing phospho-motif mediating a strong interaction with 14-3-3 proteins.  ,PF00244,14-3-3,14-3-3 protein,"R[^DE]{0,2}[^DEPG]([ST])(([FWYLMV].)|([^PRIKGN]P)|([^PRIKGN].{2,4}[VILMFWYP]))",RLTQSLN,120,126,SLOB_DROME,Drosophila melanogaster,10230800,true positive,65,16,ordered
ELME000417,LIG_14-3-3_CanoR_1,14-3-3 binding phosphopeptide motif,LIG,Canonical Arg-containing phospho-motif mediating a strong interaction with 14-3-3 proteins.  ,PF00244,14-3-3,14-3-3 protein,"R[^DE]{0,2}[^DEPG]([ST])(([FWYLMV].)|([^PRIKGN]P)|([^PRIKGN].{2,4}[VILMFWYP]))",RLTQSLN,120,126,SNAT_SHEEP,Ovis aries,11336675,true positive,65,16,ordered
ELME000417,LIG_14-3-3_CanoR_1,14-3-3 binding phosphopeptide motif,LIG,Canonical Arg-containing phospho-motif mediating a strong interaction with 14-3-3 proteins.  ,PF00244,14-3-3,14-3-3 protein,"R[^DE]{0,2}[^DEPG]([ST])(([FWYLMV].)|([^PRIKGN]P)|([^PRIKGN].{2,4}[VILMFWYP]))",RLTQSLN,120,126,TBCD1_HUMAN,Homo sapiens,19531644,true positive,65,16,ordered
ELME000417,LIG_14-3-3_CanoR_1,14-3-3 binding phosphopeptide motif,LIG,Canonical Arg-containing phospho-motif mediating a strong interaction with 14-3-3 proteins.  ,PF00244,14-3-3,14-3-3 protein,"R[^DE]{0,2}[^DEPG]([ST])(([FWYLMV].)|([^PRIKGN]P)|([^PRIKGN].{2,4}[VILMFWYP]))",RLTQSLN,120,126,TESK1_RAT,Rattus norvegicus,11555644,true positive,65,16,ordered
ELME000417,LIG_14-3-3_CanoR_1,14-3-3 binding phosphopeptide motif,LIG,Canonical Arg-containing phospho-motif mediating a strong interaction with 14-3-3 proteins.  ,PF00244,14-3-3,14-3-3 protein,"R[^DE]{0,2}[^DEPG]([ST])(([FWYLMV].)|([^PRIKGN]P)|([^PRIKGN].{2,4}[VILMFWYP]))",RLTQSLN,120,126,TIR_ECO27,Escherichia coli O127:H6 str. E2348/69,16367866,true positive,65,16,ordered
ELME000417,LIG_14-3-3_CanoR_1,14-3-3 binding phosphopeptide motif,LIG,Canonical Arg-containing phospho-motif mediating a strong interaction with 14-3-3 proteins.  ,PF00244,14-3-3,14-3-3 protein,"R[^DE]{0,2}[^DEPG]([ST])(([FWYLMV].)|([^PRIKGN]P)|([^PRIKGN].{2,4}[VILMFWYP]))",RLTQSLN,120,126,WWTR1_HUMAN,Homo sapiens,11118213,true positive,65,16,ordered
ELME000417,LIG_14-3-3_CanoR_1,14-3-3 binding phosphopeptide motif,LIG,Canonical Arg-containing phospho-motif mediating a strong interaction with 14-3-3 proteins.  ,PF00244,14-3-3,14-3-3 protein,"R[^DE]{0,2}[^DEPG]([ST])(([FWYLMV].)|([^PRIKGN]P)|([^PRIKGN].{2,4}[VILMFWYP]))",RLTQSLN,120,126,WWTR1_MOUSE,Mus musculus,11118213,true positive,65,16,ordered
ELME000417,LIG_14-3-3_CanoR_1,14-3-3 binding phosphopeptide motif,LIG,Canonical Arg-containing phospho-motif mediating a strong interaction with 14-3-3 proteins.  ,PF00244,14-3-3,14-3-3 protein,"R[^DE]{0,2}[^DEPG]([ST])(([FWYLMV].)|([^PRIKGN]P)|([^PRIKGN].{2,4}[VILMFWYP]))",RLTQSLN,120,126,YAP1_HUMAN,Homo sapiens,20823509 12535517,true positive,65,16,ordered
ELME000417,LIG_14-3-3_CanoR_1,14-3-3 binding phosphopeptide motif,LIG,Canonical Arg-containing phospho-motif mediating a strong interaction with 14-3-3 proteins.  ,PF00244,14-3-3,14-3-3 protein,"R[^DE]{0,2}[^DEPG]([ST])(([FWYLMV].)|([^PRIKGN]P)|([^PRIKGN].{2,4}[VILMFWYP]))",RLTQSLN,120,126,YAP1_HUMAN,Homo sapiens,17974916,true positive,65,16,ordered
ELME000417,LIG_14-3-3_CanoR_1,14-3-3 binding phosphopeptide motif,LIG,Canonical Arg-containing phospho-motif mediating a strong interaction with 14-3-3 proteins.  ,PF00244,14-3-3,14-3-3 protein,"R[^DE]{0,2}[^DEPG]([ST])(([FWYLMV].)|([^PRIKGN]P)|([^PRIKGN].{2,4}[VILMFWYP]))",RLTQSLN,120,126,YAP1_MOUSE,Mus musculus,11118213,true positive,65,16,ordered
ELME000417,LIG_14-3-3_CanoR_1,14-3-3 binding phosphopeptide motif,LIG,Canonical Arg-containing phospho-motif mediating a strong interaction with 14-3-3 proteins.  ,PF00244,14-3-3,14-3-3 protein,"R[^DE]{0,2}[^DEPG]([ST])(([FWYLMV].)|([^PRIKGN]P)|([^PRIKGN].{2,4}[VILMFWYP]))",RASSRISLV,483,491,3BP2_HUMAN,Homo sapiens,12501243,true positive,65,16,disordered
ELME000417,LIG_14-3-3_CanoR_1,14-3-3 binding phosphopeptide motif,LIG,Canonical Arg-containing phospho-motif mediating a strong interaction with 14-3-3 proteins.  ,PF00244,14-3-3,14-3-3 protein,"R[^DE]{0,2}[^DEPG]([ST])(([FWYLMV].)|([^PRIKGN]P)|([^PRIKGN].{2,4}[VILMFWYP]))",RASSRISLV,483,491,ADA22_HUMAN,Homo sapiens,16868027,true positive,65,16,disordered
ELME000417,LIG_14-3-3_CanoR_1,14-3-3 binding phosphopeptide motif,LIG,Canonical Arg-containing phospho-motif mediating a strong interaction with 14-3-3 proteins.  ,PF00244,14-3-3,14-3-3 protein,"R[^DE]{0,2}[^DEPG]([ST])(([FWYLMV].)|([^PRIKGN]P)|([^PRIKGN].{2,4}[VILMFWYP]))",RASSRISLV,483,491,ATX1_HUMAN,Homo sapiens,20037628 12757707,true positive,65,16,disordered
ELME000417,LIG_14-3-3_CanoR_1,14-3-3 binding phosphopeptide motif,LIG,Canonical Arg-containing phospho-motif mediating a strong interaction with 14-3-3 proteins.  ,PF00244,14-3-3,14-3-3 protein,"R[^DE]{0,2}[^DEPG]([ST])(([FWYLMV].)|([^PRIKGN]P)|([^PRIKGN].{2,4}[VILMFWYP]))",RASSRISLV,483,491,B7UM88_ECO27,Escherichia coli O127:H6 str. E2348/69,15339273,true positive,65,16,disordered
ELME000417,LIG_14-3-3_CanoR_1,14-3-3 binding phosphopeptide motif,LIG,Canonical Arg-containing phospho-motif mediating a strong interaction with 14-3-3 proteins.  ,PF00244,14-3-3,14-3-3 protein,"R[^DE]{0,2}[^DEPG]([ST])(([FWYLMV].)|([^PRIKGN]P)|([^PRIKGN].{2,4}[VILMFWYP]))",RASSRISLV,483,491,BAD_MOUSE,Mus musculus,8929531,true positive,65,16,disordered
ELME000417,LIG_14-3-3_CanoR_1,14-3-3 binding phosphopeptide motif,LIG,Canonical Arg-containing phospho-motif mediating a strong interaction with 14-3-3 proteins.  ,PF00244,14-3-3,14-3-3 protein,"R[^DE]{0,2}[^DEPG]([ST])(([FWYLMV].)|([^PRIKGN]P)|([^PRIKGN].{2,4}[VILMFWYP]))",RASSRISLV,483,491,BAD_MOUSE,Mus musculus,8929531 10949026,true positive,65,16,disordered
ELME000417,LIG_14-3-3_CanoR_1,14-3-3 binding phosphopeptide motif,LIG,Canonical Arg-containing phospho-motif mediating a strong interaction with 14-3-3 proteins.  ,PF00244,14-3-3,14-3-3 protein,"R[^DE]{0,2}[^DEPG]([ST])(([FWYLMV].)|([^PRIKGN]P)|([^PRIKGN].{2,4}[VILMFWYP]))",RASSRISLV,483,491,BAD_RAT,Rattus norvegicus,9369453,true positive,65,16,disordered
ELME000417,LIG_14-3-3_CanoR_1,14-3-3 binding phosphopeptide motif,LIG,Canonical Arg-containing phospho-motif mediating a strong interaction with 14-3-3 proteins.  ,PF00244,14-3-3,14-3-3 protein,"R[^DE]{0,2}[^DEPG]([ST])(([FWYLMV].)|([^PRIKGN]P)|([^PRIKGN].{2,4}[VILMFWYP]))",RASSRISLV,483,491,CBY1_HUMAN,Homo sapiens,25909186,true positive,65,16,disordered
ELME000417,LIG_14-3-3_CanoR_1,14-3-3 binding phosphopeptide motif,LIG,Canonical Arg-containing phospho-motif mediating a strong interaction with 14-3-3 proteins.  ,PF00244,14-3-3,14-3-3 protein,"R[^DE]{0,2}[^DEPG]([ST])(([FWYLMV].)|([^PRIKGN]P)|([^PRIKGN].{2,4}[VILMFWYP]))",RASSRISLV,483,491,CFTR_HUMAN,Homo sapiens,26888287,true positive,65,16,disordered
ELME000417,LIG_14-3-3_CanoR_1,14-3-3 binding phosphopeptide motif,LIG,Canonical Arg-containing phospho-motif mediating a strong interaction with 14-3-3 proteins.  ,PF00244,14-3-3,14-3-3 protein,"R[^DE]{0,2}[^DEPG]([ST])(([FWYLMV].)|([^PRIKGN]P)|([^PRIKGN].{2,4}[VILMFWYP]))",RASSRISLV,483,491,FOXO3_HUMAN,Homo sapiens,11864996,true positive,65,16,disordered
ELME000417,LIG_14-3-3_CanoR_1,14-3-3 binding phosphopeptide motif,LIG,Canonical Arg-containing phospho-motif mediating a strong interaction with 14-3-3 proteins.  ,PF00244,14-3-3,14-3-3 protein,"R[^DE]{0,2}[^DEPG]([ST])(([FWYLMV].)|([^PRIKGN]P)|([^PRIKGN].{2,4}[VILMFWYP]))",RASSRISLV,483,491,FOXO4_HUMAN,Homo sapiens,14690436,true positive,65,16,disordered
ELME000417,LIG_14-3-3_CanoR_1,14-3-3 binding phosphopeptide motif,LIG,Canonical Arg-containing phospho-motif mediating a strong interaction with 14-3-3 proteins.  ,PF00244,14-3-3,14-3-3 protein,"R[^DE]{0,2}[^DEPG]([ST])(([FWYLMV].)|([^PRIKGN]P)|([^PRIKGN].{2,4}[VILMFWYP]))",RASSRISLV,483,491,FOXO4_HUMAN,Homo sapiens,16114898,true positive,65,16,disordered
ELME000417,LIG_14-3-3_CanoR_1,14-3-3 binding phosphopeptide motif,LIG,Canonical Arg-containing phospho-motif mediating a strong interaction with 14-3-3 proteins.  ,PF00244,14-3-3,14-3-3 protein,"R[^DE]{0,2}[^DEPG]([ST])(([FWYLMV].)|([^PRIKGN]P)|([^PRIKGN].{2,4}[VILMFWYP]))",RASSRISLV,483,491,GAB2_HUMAN,Homo sapiens,19172738,true positive,65,16,disordered
ELME000417,LIG_14-3-3_CanoR_1,14-3-3 binding phosphopeptide motif,LIG,Canonical Arg-containing phospho-motif mediating a strong interaction with 14-3-3 proteins.  ,PF00244,14-3-3,14-3-3 protein,"R[^DE]{0,2}[^DEPG]([ST])(([FWYLMV].)|([^PRIKGN]P)|([^PRIKGN].{2,4}[VILMFWYP]))",RASSRISLV,483,491,GFAP_HUMAN,Homo sapiens,17032734,true positive,65,16,disordered
ELME000417,LIG_14-3-3_CanoR_1,14-3-3 binding phosphopeptide motif,LIG,Canonical Arg-containing phospho-motif mediating a strong interaction with 14-3-3 proteins.  ,PF00244,14-3-3,14-3-3 protein,"R[^DE]{0,2}[^DEPG]([ST])(([FWYLMV].)|([^PRIKGN]P)|([^PRIKGN].{2,4}[VILMFWYP]))",RASSRISLV,483,491,H31_HUMAN,Homo sapiens,16246723,true positive,65,16,disordered
ELME000417,LIG_14-3-3_CanoR_1,14-3-3 binding phosphopeptide motif,LIG,Canonical Arg-containing phospho-motif mediating a strong interaction with 14-3-3 proteins.  ,PF00244,14-3-3,14-3-3 protein,"R[^DE]{0,2}[^DEPG]([ST])(([FWYLMV].)|([^PRIKGN]P)|([^PRIKGN].{2,4}[VILMFWYP]))",RASSRISLV,483,491,HDAC4_HUMAN,Homo sapiens,10958686 10869435,true positive,65,16,disordered
ELME000417,LIG_14-3-3_CanoR_1,14-3-3 binding phosphopeptide motif,LIG,Canonical Arg-containing phospho-motif mediating a strong interaction with 14-3-3 proteins.  ,PF00244,14-3-3,14-3-3 protein,"R[^DE]{0,2}[^DEPG]([ST])(([FWYLMV].)|([^PRIKGN]P)|([^PRIKGN].{2,4}[VILMFWYP]))",RASSRISLV,483,491,HDAC4_HUMAN,Homo sapiens,10869435,true positive,65,16,disordered
ELME000417,LIG_14-3-3_CanoR_1,14-3-3 binding phosphopeptide motif,LIG,Canonical Arg-containing phospho-motif mediating a strong interaction with 14-3-3 proteins.  ,PF00244,14-3-3,14-3-3 protein,"R[^DE]{0,2}[^DEPG]([ST])(([FWYLMV].)|([^PRIKGN]P)|([^PRIKGN].{2,4}[VILMFWYP]))",RASSRISLV,483,491,HDAC5_HUMAN,Homo sapiens,11114197,true positive,65,16,disordered
ELME000417,LIG_14-3-3_CanoR_1,14-3-3 binding phosphopeptide motif,LIG,Canonical Arg-containing phospho-motif mediating a strong interaction with 14-3-3 proteins.  ,PF00244,14-3-3,14-3-3 protein,"R[^DE]{0,2}[^DEPG]([ST])(([FWYLMV].)|([^PRIKGN]P)|([^PRIKGN].{2,4}[VILMFWYP]))",RASSRISLV,483,491,KIF1C_HUMAN,Homo sapiens,17085597 10559254,true positive,65,16,disordered
ELME000417,LIG_14-3-3_CanoR_1,14-3-3 binding phosphopeptide motif,LIG,Canonical Arg-containing phospho-motif mediating a strong interaction with 14-3-3 proteins.  ,PF00244,14-3-3,14-3-3 protein,"R[^DE]{0,2}[^DEPG]([ST])(([FWYLMV].)|([^PRIKGN]P)|([^PRIKGN].{2,4}[VILMFWYP]))",RASSRISLV,483,491,KLC2_HUMAN,Homo sapiens,21189416,true positive,65,16,disordered
ELME000417,LIG_14-3-3_CanoR_1,14-3-3 binding phosphopeptide motif,LIG,Canonical Arg-containing phospho-motif mediating a strong interaction with 14-3-3 proteins.  ,PF00244,14-3-3,14-3-3 protein,"R[^DE]{0,2}[^DEPG]([ST])(([FWYLMV].)|([^PRIKGN]P)|([^PRIKGN].{2,4}[VILMFWYP]))",RASSRISLV,483,491,KLC3_HUMAN,Homo sapiens,21189416,true positive,65,16,disordered
ELME000417,LIG_14-3-3_CanoR_1,14-3-3 binding phosphopeptide motif,LIG,Canonical Arg-containing phospho-motif mediating a strong interaction with 14-3-3 proteins.  ,PF00244,14-3-3,14-3-3 protein,"R[^DE]{0,2}[^DEPG]([ST])(([FWYLMV].)|([^PRIKGN]P)|([^PRIKGN].{2,4}[VILMFWYP]))",RASSRISLV,483,491,KPCE_HUMAN,Homo sapiens,19662078,true positive,65,16,disordered
ELME000417,LIG_14-3-3_CanoR_1,14-3-3 binding phosphopeptide motif,LIG,Canonical Arg-containing phospho-motif mediating a strong interaction with 14-3-3 proteins.  ,PF00244,14-3-3,14-3-3 protein,"R[^DE]{0,2}[^DEPG]([ST])(([FWYLMV].)|([^PRIKGN]P)|([^PRIKGN].{2,4}[VILMFWYP]))",RASSRISLV,483,491,KSR1_MOUSE,Mus musculus,9858547,true positive,65,16,disordered
ELME000417,LIG_14-3-3_CanoR_1,14-3-3 binding phosphopeptide motif,LIG,Canonical Arg-containing phospho-motif mediating a strong interaction with 14-3-3 proteins.  ,PF00244,14-3-3,14-3-3 protein,"R[^DE]{0,2}[^DEPG]([ST])(([FWYLMV].)|([^PRIKGN]P)|([^PRIKGN].{2,4}[VILMFWYP]))",RASSRISLV,483,491,M3K5_HUMAN,Homo sapiens,17085597 10411906,true positive,65,16,disordered
ELME000417,LIG_14-3-3_CanoR_1,14-3-3 binding phosphopeptide motif,LIG,Canonical Arg-containing phospho-motif mediating a strong interaction with 14-3-3 proteins.  ,PF00244,14-3-3,14-3-3 protein,"R[^DE]{0,2}[^DEPG]([ST])(([FWYLMV].)|([^PRIKGN]P)|([^PRIKGN].{2,4}[VILMFWYP]))",RASSRISLV,483,491,MDM4_HUMAN,Homo sapiens,16943424,true positive,65,16,disordered
ELME000417,LIG_14-3-3_CanoR_1,14-3-3 binding phosphopeptide motif,LIG,Canonical Arg-containing phospho-motif mediating a strong interaction with 14-3-3 proteins.  ,PF00244,14-3-3,14-3-3 protein,"R[^DE]{0,2}[^DEPG]([ST])(([FWYLMV].)|([^PRIKGN]P)|([^PRIKGN].{2,4}[VILMFWYP]))",RASSRISLV,483,491,MEFV_HUMAN,Homo sapiens,15934090,true positive,65,16,disordered
ELME000417,LIG_14-3-3_CanoR_1,14-3-3 binding phosphopeptide motif,LIG,Canonical Arg-containing phospho-motif mediating a strong interaction with 14-3-3 proteins.  ,PF00244,14-3-3,14-3-3 protein,"R[^DE]{0,2}[^DEPG]([ST])(([FWYLMV].)|([^PRIKGN]P)|([^PRIKGN].{2,4}[VILMFWYP]))",RASSRISLV,483,491,MEI2_SCHPO,Schizosaccharomyces pombe 972h-,11818066,true positive,65,16,disordered
ELME000417,LIG_14-3-3_CanoR_1,14-3-3 binding phosphopeptide motif,LIG,Canonical Arg-containing phospho-motif mediating a strong interaction with 14-3-3 proteins.  ,PF00244,14-3-3,14-3-3 protein,"R[^DE]{0,2}[^DEPG]([ST])(([FWYLMV].)|([^PRIKGN]P)|([^PRIKGN].{2,4}[VILMFWYP]))",RASSRISLV,483,491,MLF1_HUMAN,Homo sapiens,22151054,true positive,65,16,disordered
ELME000417,LIG_14-3-3_CanoR_1,14-3-3 binding phosphopeptide motif,LIG,Canonical Arg-containing phospho-motif mediating a strong interaction with 14-3-3 proteins.  ,PF00244,14-3-3,14-3-3 protein,"R[^DE]{0,2}[^DEPG]([ST])(([FWYLMV].)|([^PRIKGN]P)|([^PRIKGN].{2,4}[VILMFWYP]))",RASSRISLV,483,491,MT_POVM3,Mouse polyomavirus (strain 3),9428519,true positive,65,16,disordered
ELME000417,LIG_14-3-3_CanoR_1,14-3-3 binding phosphopeptide motif,LIG,Canonical Arg-containing phospho-motif mediating a strong interaction with 14-3-3 proteins.  ,PF00244,14-3-3,14-3-3 protein,"R[^DE]{0,2}[^DEPG]([ST])(([FWYLMV].)|([^PRIKGN]P)|([^PRIKGN].{2,4}[VILMFWYP]))",RASSRISLV,483,491,NAC1_HUMAN,Homo sapiens,16679322,true positive,65,16,disordered
ELME000417,LIG_14-3-3_CanoR_1,14-3-3 binding phosphopeptide motif,LIG,Canonical Arg-containing phospho-motif mediating a strong interaction with 14-3-3 proteins.  ,PF00244,14-3-3,14-3-3 protein,"R[^DE]{0,2}[^DEPG]([ST])(([FWYLMV].)|([^PRIKGN]P)|([^PRIKGN].{2,4}[VILMFWYP]))",RASSRISLV,483,491,NED4L_HUMAN,Homo sapiens,21900244,true positive,65,16,disordered
ELME000417,LIG_14-3-3_CanoR_1,14-3-3 binding phosphopeptide motif,LIG,Canonical Arg-containing phospho-motif mediating a strong interaction with 14-3-3 proteins.  ,PF00244,14-3-3,14-3-3 protein,"R[^DE]{0,2}[^DEPG]([ST])(([FWYLMV].)|([^PRIKGN]P)|([^PRIKGN].{2,4}[VILMFWYP]))",RASSRISLV,483,491,NED4L_HUMAN,Homo sapiens,15677482,true positive,65,16,disordered
ELME000417,LIG_14-3-3_CanoR_1,14-3-3 binding phosphopeptide motif,LIG,Canonical Arg-containing phospho-motif mediating a strong interaction with 14-3-3 proteins.  ,PF00244,14-3-3,14-3-3 protein,"R[^DE]{0,2}[^DEPG]([ST])(([FWYLMV].)|([^PRIKGN]P)|([^PRIKGN].{2,4}[VILMFWYP]))",RASSRISLV,483,491,PACS2_HUMAN,Homo sapiens,19481529,true positive,65,16,disordered
ELME000417,LIG_14-3-3_CanoR_1,14-3-3 binding phosphopeptide motif,LIG,Canonical Arg-containing phospho-motif mediating a strong interaction with 14-3-3 proteins.  ,PF00244,14-3-3,14-3-3 protein,"R[^DE]{0,2}[^DEPG]([ST])(([FWYLMV].)|([^PRIKGN]P)|([^PRIKGN].{2,4}[VILMFWYP]))",RASSRISLV,483,491,PADI6_HUMAN,Homo sapiens,22634725,true positive,65,16,disordered
ELME000417,LIG_14-3-3_CanoR_1,14-3-3 binding phosphopeptide motif,LIG,Canonical Arg-containing phospho-motif mediating a strong interaction with 14-3-3 proteins.  ,PF00244,14-3-3,14-3-3 protein,"R[^DE]{0,2}[^DEPG]([ST])(([FWYLMV].)|([^PRIKGN]P)|([^PRIKGN].{2,4}[VILMFWYP]))",RASSRISLV,483,491,PDE3A_HUMAN,Homo sapiens,16153182,true positive,65,16,disordered
ELME000417,LIG_14-3-3_CanoR_1,14-3-3 binding phosphopeptide motif,LIG,Canonical Arg-containing phospho-motif mediating a strong interaction with 14-3-3 proteins.  ,PF00244,14-3-3,14-3-3 protein,"R[^DE]{0,2}[^DEPG]([ST])(([FWYLMV].)|([^PRIKGN]P)|([^PRIKGN].{2,4}[VILMFWYP]))",RASSRISLV,483,491,PTN3_HUMAN,Homo sapiens,9341175,true positive,65,16,disordered
ELME000417,LIG_14-3-3_CanoR_1,14-3-3 binding phosphopeptide motif,LIG,Canonical Arg-containing phospho-motif mediating a strong interaction with 14-3-3 proteins.  ,PF00244,14-3-3,14-3-3 protein,"R[^DE]{0,2}[^DEPG]([ST])(([FWYLMV].)|([^PRIKGN]P)|([^PRIKGN].{2,4}[VILMFWYP]))",RASSRISLV,483,491,PTPN3_MOUSE,Mus musculus,9341175,true positive,65,16,disordered
ELME000417,LIG_14-3-3_CanoR_1,14-3-3 binding phosphopeptide motif,LIG,Canonical Arg-containing phospho-motif mediating a strong interaction with 14-3-3 proteins.  ,PF00244,14-3-3,14-3-3 protein,"R[^DE]{0,2}[^DEPG]([ST])(([FWYLMV].)|([^PRIKGN]P)|([^PRIKGN].{2,4}[VILMFWYP]))",RASSRISLV,483,491,Q888Y7_PSESM,Pseudomonas syringae pv. tomato str. DC3000,23417089,true positive,65,16,disordered
ELME000417,LIG_14-3-3_CanoR_1,14-3-3 binding phosphopeptide motif,LIG,Canonical Arg-containing phospho-motif mediating a strong interaction with 14-3-3 proteins.  ,PF00244,14-3-3,14-3-3 protein,"R[^DE]{0,2}[^DEPG]([ST])(([FWYLMV].)|([^PRIKGN]P)|([^PRIKGN].{2,4}[VILMFWYP]))",RASSRISLV,483,491,RAF1_HUMAN,Homo sapiens,23808890,true positive,65,16,disordered
ELME000417,LIG_14-3-3_CanoR_1,14-3-3 binding phosphopeptide motif,LIG,Canonical Arg-containing phospho-motif mediating a strong interaction with 14-3-3 proteins.  ,PF00244,14-3-3,14-3-3 protein,"R[^DE]{0,2}[^DEPG]([ST])(([FWYLMV].)|([^PRIKGN]P)|([^PRIKGN].{2,4}[VILMFWYP]))",RASSRISLV,483,491,RAF1_HUMAN,Homo sapiens,8601312 23808890 20679480,true positive,65,16,disordered
ELME000417,LIG_14-3-3_CanoR_1,14-3-3 binding phosphopeptide motif,LIG,Canonical Arg-containing phospho-motif mediating a strong interaction with 14-3-3 proteins.  ,PF00244,14-3-3,14-3-3 protein,"R[^DE]{0,2}[^DEPG]([ST])(([FWYLMV].)|([^PRIKGN]P)|([^PRIKGN].{2,4}[VILMFWYP]))",RASSRISLV,483,491,RAF1_HUMAN,Homo sapiens,23808890 8601312,true positive,65,16,disordered
ELME000417,LIG_14-3-3_CanoR_1,14-3-3 binding phosphopeptide motif,LIG,Canonical Arg-containing phospho-motif mediating a strong interaction with 14-3-3 proteins.  ,PF00244,14-3-3,14-3-3 protein,"R[^DE]{0,2}[^DEPG]([ST])(([FWYLMV].)|([^PRIKGN]P)|([^PRIKGN].{2,4}[VILMFWYP]))",RASSRISLV,483,491,RGS3_HUMAN,Homo sapiens,11985497,true positive,65,16,disordered
ELME000417,LIG_14-3-3_CanoR_1,14-3-3 binding phosphopeptide motif,LIG,Canonical Arg-containing phospho-motif mediating a strong interaction with 14-3-3 proteins.  ,PF00244,14-3-3,14-3-3 protein,"R[^DE]{0,2}[^DEPG]([ST])(([FWYLMV].)|([^PRIKGN]P)|([^PRIKGN].{2,4}[VILMFWYP]))",RASSRISLV,483,491,RIM15_YEAST,Saccharomyces cerevisiae,16308562,true positive,65,16,disordered
ELME000417,LIG_14-3-3_CanoR_1,14-3-3 binding phosphopeptide motif,LIG,Canonical Arg-containing phospho-motif mediating a strong interaction with 14-3-3 proteins.  ,PF00244,14-3-3,14-3-3 protein,"R[^DE]{0,2}[^DEPG]([ST])(([FWYLMV].)|([^PRIKGN]P)|([^PRIKGN].{2,4}[VILMFWYP]))",RASSRISLV,483,491,SLOB_DROME,Drosophila melanogaster,10230800,true positive,65,16,disordered
ELME000417,LIG_14-3-3_CanoR_1,14-3-3 binding phosphopeptide motif,LIG,Canonical Arg-containing phospho-motif mediating a strong interaction with 14-3-3 proteins.  ,PF00244,14-3-3,14-3-3 protein,"R[^DE]{0,2}[^DEPG]([ST])(([FWYLMV].)|([^PRIKGN]P)|([^PRIKGN].{2,4}[VILMFWYP]))",RASSRISLV,483,491,SNAT_SHEEP,Ovis aries,11336675,true positive,65,16,disordered
ELME000417,LIG_14-3-3_CanoR_1,14-3-3 binding phosphopeptide motif,LIG,Canonical Arg-containing phospho-motif mediating a strong interaction with 14-3-3 proteins.  ,PF00244,14-3-3,14-3-3 protein,"R[^DE]{0,2}[^DEPG]([ST])(([FWYLMV].)|([^PRIKGN]P)|([^PRIKGN].{2,4}[VILMFWYP]))",RASSRISLV,483,491,TBCD1_HUMAN,Homo sapiens,19531644,true positive,65,16,disordered
ELME000417,LIG_14-3-3_CanoR_1,14-3-3 binding phosphopeptide motif,LIG,Canonical Arg-containing phospho-motif mediating a strong interaction with 14-3-3 proteins.  ,PF00244,14-3-3,14-3-3 protein,"R[^DE]{0,2}[^DEPG]([ST])(([FWYLMV].)|([^PRIKGN]P)|([^PRIKGN].{2,4}[VILMFWYP]))",RASSRISLV,483,491,TESK1_RAT,Rattus norvegicus,11555644,true positive,65,16,disordered
ELME000417,LIG_14-3-3_CanoR_1,14-3-3 binding phosphopeptide motif,LIG,Canonical Arg-containing phospho-motif mediating a strong interaction with 14-3-3 proteins.  ,PF00244,14-3-3,14-3-3 protein,"R[^DE]{0,2}[^DEPG]([ST])(([FWYLMV].)|([^PRIKGN]P)|([^PRIKGN].{2,4}[VILMFWYP]))",RASSRISLV,483,491,TIR_ECO27,Escherichia coli O127:H6 str. E2348/69,16367866,true positive,65,16,disordered
ELME000417,LIG_14-3-3_CanoR_1,14-3-3 binding phosphopeptide motif,LIG,Canonical Arg-containing phospho-motif mediating a strong interaction with 14-3-3 proteins.  ,PF00244,14-3-3,14-3-3 protein,"R[^DE]{0,2}[^DEPG]([ST])(([FWYLMV].)|([^PRIKGN]P)|([^PRIKGN].{2,4}[VILMFWYP]))",RASSRISLV,483,491,WWTR1_HUMAN,Homo sapiens,11118213,true positive,65,16,disordered
ELME000417,LIG_14-3-3_CanoR_1,14-3-3 binding phosphopeptide motif,LIG,Canonical Arg-containing phospho-motif mediating a strong interaction with 14-3-3 proteins.  ,PF00244,14-3-3,14-3-3 protein,"R[^DE]{0,2}[^DEPG]([ST])(([FWYLMV].)|([^PRIKGN]P)|([^PRIKGN].{2,4}[VILMFWYP]))",RASSRISLV,483,491,WWTR1_MOUSE,Mus musculus,11118213,true positive,65,16,disordered
ELME000417,LIG_14-3-3_CanoR_1,14-3-3 binding phosphopeptide motif,LIG,Canonical Arg-containing phospho-motif mediating a strong interaction with 14-3-3 proteins.  ,PF00244,14-3-3,14-3-3 protein,"R[^DE]{0,2}[^DEPG]([ST])(([FWYLMV].)|([^PRIKGN]P)|([^PRIKGN].{2,4}[VILMFWYP]))",RASSRISLV,483,491,YAP1_HUMAN,Homo sapiens,20823509 12535517,true positive,65,16,disordered
ELME000417,LIG_14-3-3_CanoR_1,14-3-3 binding phosphopeptide motif,LIG,Canonical Arg-containing phospho-motif mediating a strong interaction with 14-3-3 proteins.  ,PF00244,14-3-3,14-3-3 protein,"R[^DE]{0,2}[^DEPG]([ST])(([FWYLMV].)|([^PRIKGN]P)|([^PRIKGN].{2,4}[VILMFWYP]))",RASSRISLV,483,491,YAP1_HUMAN,Homo sapiens,17974916,true positive,65,16,disordered
ELME000417,LIG_14-3-3_CanoR_1,14-3-3 binding phosphopeptide motif,LIG,Canonical Arg-containing phospho-motif mediating a strong interaction with 14-3-3 proteins.  ,PF00244,14-3-3,14-3-3 protein,"R[^DE]{0,2}[^DEPG]([ST])(([FWYLMV].)|([^PRIKGN]P)|([^PRIKGN].{2,4}[VILMFWYP]))",RASSRISLV,483,491,YAP1_MOUSE,Mus musculus,11118213,true positive,65,16,disordered
ELME000417,LIG_14-3-3_CanoR_1,14-3-3 binding phosphopeptide motif,LIG,Canonical Arg-containing phospho-motif mediating a strong interaction with 14-3-3 proteins.  ,PF00244,14-3-3,14-3-3 protein,"R[^DE]{0,2}[^DEPG]([ST])(([FWYLMV].)|([^PRIKGN]P)|([^PRIKGN].{2,4}[VILMFWYP]))",RISLV,487,491,3BP2_HUMAN,Homo sapiens,12501243,true positive,65,16,disordered
ELME000417,LIG_14-3-3_CanoR_1,14-3-3 binding phosphopeptide motif,LIG,Canonical Arg-containing phospho-motif mediating a strong interaction with 14-3-3 proteins.  ,PF00244,14-3-3,14-3-3 protein,"R[^DE]{0,2}[^DEPG]([ST])(([FWYLMV].)|([^PRIKGN]P)|([^PRIKGN].{2,4}[VILMFWYP]))",RISLV,487,491,ADA22_HUMAN,Homo sapiens,16868027,true positive,65,16,disordered
ELME000417,LIG_14-3-3_CanoR_1,14-3-3 binding phosphopeptide motif,LIG,Canonical Arg-containing phospho-motif mediating a strong interaction with 14-3-3 proteins.  ,PF00244,14-3-3,14-3-3 protein,"R[^DE]{0,2}[^DEPG]([ST])(([FWYLMV].)|([^PRIKGN]P)|([^PRIKGN].{2,4}[VILMFWYP]))",RISLV,487,491,ATX1_HUMAN,Homo sapiens,20037628 12757707,true positive,65,16,disordered
ELME000417,LIG_14-3-3_CanoR_1,14-3-3 binding phosphopeptide motif,LIG,Canonical Arg-containing phospho-motif mediating a strong interaction with 14-3-3 proteins.  ,PF00244,14-3-3,14-3-3 protein,"R[^DE]{0,2}[^DEPG]([ST])(([FWYLMV].)|([^PRIKGN]P)|([^PRIKGN].{2,4}[VILMFWYP]))",RISLV,487,491,B7UM88_ECO27,Escherichia coli O127:H6 str. E2348/69,15339273,true positive,65,16,disordered
ELME000417,LIG_14-3-3_CanoR_1,14-3-3 binding phosphopeptide motif,LIG,Canonical Arg-containing phospho-motif mediating a strong interaction with 14-3-3 proteins.  ,PF00244,14-3-3,14-3-3 protein,"R[^DE]{0,2}[^DEPG]([ST])(([FWYLMV].)|([^PRIKGN]P)|([^PRIKGN].{2,4}[VILMFWYP]))",RISLV,487,491,BAD_MOUSE,Mus musculus,8929531,true positive,65,16,disordered
ELME000417,LIG_14-3-3_CanoR_1,14-3-3 binding phosphopeptide motif,LIG,Canonical Arg-containing phospho-motif mediating a strong interaction with 14-3-3 proteins.  ,PF00244,14-3-3,14-3-3 protein,"R[^DE]{0,2}[^DEPG]([ST])(([FWYLMV].)|([^PRIKGN]P)|([^PRIKGN].{2,4}[VILMFWYP]))",RISLV,487,491,BAD_MOUSE,Mus musculus,8929531 10949026,true positive,65,16,disordered
ELME000417,LIG_14-3-3_CanoR_1,14-3-3 binding phosphopeptide motif,LIG,Canonical Arg-containing phospho-motif mediating a strong interaction with 14-3-3 proteins.  ,PF00244,14-3-3,14-3-3 protein,"R[^DE]{0,2}[^DEPG]([ST])(([FWYLMV].)|([^PRIKGN]P)|([^PRIKGN].{2,4}[VILMFWYP]))",RISLV,487,491,BAD_RAT,Rattus norvegicus,9369453,true positive,65,16,disordered
ELME000417,LIG_14-3-3_CanoR_1,14-3-3 binding phosphopeptide motif,LIG,Canonical Arg-containing phospho-motif mediating a strong interaction with 14-3-3 proteins.  ,PF00244,14-3-3,14-3-3 protein,"R[^DE]{0,2}[^DEPG]([ST])(([FWYLMV].)|([^PRIKGN]P)|([^PRIKGN].{2,4}[VILMFWYP]))",RISLV,487,491,CBY1_HUMAN,Homo sapiens,25909186,true positive,65,16,disordered
ELME000417,LIG_14-3-3_CanoR_1,14-3-3 binding phosphopeptide motif,LIG,Canonical Arg-containing phospho-motif mediating a strong interaction with 14-3-3 proteins.  ,PF00244,14-3-3,14-3-3 protein,"R[^DE]{0,2}[^DEPG]([ST])(([FWYLMV].)|([^PRIKGN]P)|([^PRIKGN].{2,4}[VILMFWYP]))",RISLV,487,491,CFTR_HUMAN,Homo sapiens,26888287,true positive,65,16,disordered
ELME000417,LIG_14-3-3_CanoR_1,14-3-3 binding phosphopeptide motif,LIG,Canonical Arg-containing phospho-motif mediating a strong interaction with 14-3-3 proteins.  ,PF00244,14-3-3,14-3-3 protein,"R[^DE]{0,2}[^DEPG]([ST])(([FWYLMV].)|([^PRIKGN]P)|([^PRIKGN].{2,4}[VILMFWYP]))",RISLV,487,491,FOXO3_HUMAN,Homo sapiens,11864996,true positive,65,16,disordered
ELME000417,LIG_14-3-3_CanoR_1,14-3-3 binding phosphopeptide motif,LIG,Canonical Arg-containing phospho-motif mediating a strong interaction with 14-3-3 proteins.  ,PF00244,14-3-3,14-3-3 protein,"R[^DE]{0,2}[^DEPG]([ST])(([FWYLMV].)|([^PRIKGN]P)|([^PRIKGN].{2,4}[VILMFWYP]))",RISLV,487,491,FOXO4_HUMAN,Homo sapiens,14690436,true positive,65,16,disordered
ELME000417,LIG_14-3-3_CanoR_1,14-3-3 binding phosphopeptide motif,LIG,Canonical Arg-containing phospho-motif mediating a strong interaction with 14-3-3 proteins.  ,PF00244,14-3-3,14-3-3 protein,"R[^DE]{0,2}[^DEPG]([ST])(([FWYLMV].)|([^PRIKGN]P)|([^PRIKGN].{2,4}[VILMFWYP]))",RISLV,487,491,FOXO4_HUMAN,Homo sapiens,16114898,true positive,65,16,disordered
ELME000417,LIG_14-3-3_CanoR_1,14-3-3 binding phosphopeptide motif,LIG,Canonical Arg-containing phospho-motif mediating a strong interaction with 14-3-3 proteins.  ,PF00244,14-3-3,14-3-3 protein,"R[^DE]{0,2}[^DEPG]([ST])(([FWYLMV].)|([^PRIKGN]P)|([^PRIKGN].{2,4}[VILMFWYP]))",RISLV,487,491,GAB2_HUMAN,Homo sapiens,19172738,true positive,65,16,disordered
ELME000417,LIG_14-3-3_CanoR_1,14-3-3 binding phosphopeptide motif,LIG,Canonical Arg-containing phospho-motif mediating a strong interaction with 14-3-3 proteins.  ,PF00244,14-3-3,14-3-3 protein,"R[^DE]{0,2}[^DEPG]([ST])(([FWYLMV].)|([^PRIKGN]P)|([^PRIKGN].{2,4}[VILMFWYP]))",RISLV,487,491,GFAP_HUMAN,Homo sapiens,17032734,true positive,65,16,disordered
ELME000417,LIG_14-3-3_CanoR_1,14-3-3 binding phosphopeptide motif,LIG,Canonical Arg-containing phospho-motif mediating a strong interaction with 14-3-3 proteins.  ,PF00244,14-3-3,14-3-3 protein,"R[^DE]{0,2}[^DEPG]([ST])(([FWYLMV].)|([^PRIKGN]P)|([^PRIKGN].{2,4}[VILMFWYP]))",RISLV,487,491,H31_HUMAN,Homo sapiens,16246723,true positive,65,16,disordered
ELME000417,LIG_14-3-3_CanoR_1,14-3-3 binding phosphopeptide motif,LIG,Canonical Arg-containing phospho-motif mediating a strong interaction with 14-3-3 proteins.  ,PF00244,14-3-3,14-3-3 protein,"R[^DE]{0,2}[^DEPG]([ST])(([FWYLMV].)|([^PRIKGN]P)|([^PRIKGN].{2,4}[VILMFWYP]))",RISLV,487,491,HDAC4_HUMAN,Homo sapiens,10958686 10869435,true positive,65,16,disordered
ELME000417,LIG_14-3-3_CanoR_1,14-3-3 binding phosphopeptide motif,LIG,Canonical Arg-containing phospho-motif mediating a strong interaction with 14-3-3 proteins.  ,PF00244,14-3-3,14-3-3 protein,"R[^DE]{0,2}[^DEPG]([ST])(([FWYLMV].)|([^PRIKGN]P)|([^PRIKGN].{2,4}[VILMFWYP]))",RISLV,487,491,HDAC4_HUMAN,Homo sapiens,10869435,true positive,65,16,disordered
ELME000417,LIG_14-3-3_CanoR_1,14-3-3 binding phosphopeptide motif,LIG,Canonical Arg-containing phospho-motif mediating a strong interaction with 14-3-3 proteins.  ,PF00244,14-3-3,14-3-3 protein,"R[^DE]{0,2}[^DEPG]([ST])(([FWYLMV].)|([^PRIKGN]P)|([^PRIKGN].{2,4}[VILMFWYP]))",RISLV,487,491,HDAC5_HUMAN,Homo sapiens,11114197,true positive,65,16,disordered
ELME000417,LIG_14-3-3_CanoR_1,14-3-3 binding phosphopeptide motif,LIG,Canonical Arg-containing phospho-motif mediating a strong interaction with 14-3-3 proteins.  ,PF00244,14-3-3,14-3-3 protein,"R[^DE]{0,2}[^DEPG]([ST])(([FWYLMV].)|([^PRIKGN]P)|([^PRIKGN].{2,4}[VILMFWYP]))",RISLV,487,491,KIF1C_HUMAN,Homo sapiens,17085597 10559254,true positive,65,16,disordered
ELME000417,LIG_14-3-3_CanoR_1,14-3-3 binding phosphopeptide motif,LIG,Canonical Arg-containing phospho-motif mediating a strong interaction with 14-3-3 proteins.  ,PF00244,14-3-3,14-3-3 protein,"R[^DE]{0,2}[^DEPG]([ST])(([FWYLMV].)|([^PRIKGN]P)|([^PRIKGN].{2,4}[VILMFWYP]))",RISLV,487,491,KLC2_HUMAN,Homo sapiens,21189416,true positive,65,16,disordered
ELME000417,LIG_14-3-3_CanoR_1,14-3-3 binding phosphopeptide motif,LIG,Canonical Arg-containing phospho-motif mediating a strong interaction with 14-3-3 proteins.  ,PF00244,14-3-3,14-3-3 protein,"R[^DE]{0,2}[^DEPG]([ST])(([FWYLMV].)|([^PRIKGN]P)|([^PRIKGN].{2,4}[VILMFWYP]))",RISLV,487,491,KLC3_HUMAN,Homo sapiens,21189416,true positive,65,16,disordered
ELME000417,LIG_14-3-3_CanoR_1,14-3-3 binding phosphopeptide motif,LIG,Canonical Arg-containing phospho-motif mediating a strong interaction with 14-3-3 proteins.  ,PF00244,14-3-3,14-3-3 protein,"R[^DE]{0,2}[^DEPG]([ST])(([FWYLMV].)|([^PRIKGN]P)|([^PRIKGN].{2,4}[VILMFWYP]))",RISLV,487,491,KPCE_HUMAN,Homo sapiens,19662078,true positive,65,16,disordered
ELME000417,LIG_14-3-3_CanoR_1,14-3-3 binding phosphopeptide motif,LIG,Canonical Arg-containing phospho-motif mediating a strong interaction with 14-3-3 proteins.  ,PF00244,14-3-3,14-3-3 protein,"R[^DE]{0,2}[^DEPG]([ST])(([FWYLMV].)|([^PRIKGN]P)|([^PRIKGN].{2,4}[VILMFWYP]))",RISLV,487,491,KSR1_MOUSE,Mus musculus,9858547,true positive,65,16,disordered
ELME000417,LIG_14-3-3_CanoR_1,14-3-3 binding phosphopeptide motif,LIG,Canonical Arg-containing phospho-motif mediating a strong interaction with 14-3-3 proteins.  ,PF00244,14-3-3,14-3-3 protein,"R[^DE]{0,2}[^DEPG]([ST])(([FWYLMV].)|([^PRIKGN]P)|([^PRIKGN].{2,4}[VILMFWYP]))",RISLV,487,491,M3K5_HUMAN,Homo sapiens,17085597 10411906,true positive,65,16,disordered
ELME000417,LIG_14-3-3_CanoR_1,14-3-3 binding phosphopeptide motif,LIG,Canonical Arg-containing phospho-motif mediating a strong interaction with 14-3-3 proteins.  ,PF00244,14-3-3,14-3-3 protein,"R[^DE]{0,2}[^DEPG]([ST])(([FWYLMV].)|([^PRIKGN]P)|([^PRIKGN].{2,4}[VILMFWYP]))",RISLV,487,491,MDM4_HUMAN,Homo sapiens,16943424,true positive,65,16,disordered
ELME000417,LIG_14-3-3_CanoR_1,14-3-3 binding phosphopeptide motif,LIG,Canonical Arg-containing phospho-motif mediating a strong interaction with 14-3-3 proteins.  ,PF00244,14-3-3,14-3-3 protein,"R[^DE]{0,2}[^DEPG]([ST])(([FWYLMV].)|([^PRIKGN]P)|([^PRIKGN].{2,4}[VILMFWYP]))",RISLV,487,491,MEFV_HUMAN,Homo sapiens,15934090,true positive,65,16,disordered
ELME000417,LIG_14-3-3_CanoR_1,14-3-3 binding phosphopeptide motif,LIG,Canonical Arg-containing phospho-motif mediating a strong interaction with 14-3-3 proteins.  ,PF00244,14-3-3,14-3-3 protein,"R[^DE]{0,2}[^DEPG]([ST])(([FWYLMV].)|([^PRIKGN]P)|([^PRIKGN].{2,4}[VILMFWYP]))",RISLV,487,491,MEI2_SCHPO,Schizosaccharomyces pombe 972h-,11818066,true positive,65,16,disordered
ELME000417,LIG_14-3-3_CanoR_1,14-3-3 binding phosphopeptide motif,LIG,Canonical Arg-containing phospho-motif mediating a strong interaction with 14-3-3 proteins.  ,PF00244,14-3-3,14-3-3 protein,"R[^DE]{0,2}[^DEPG]([ST])(([FWYLMV].)|([^PRIKGN]P)|([^PRIKGN].{2,4}[VILMFWYP]))",RISLV,487,491,MLF1_HUMAN,Homo sapiens,22151054,true positive,65,16,disordered
ELME000417,LIG_14-3-3_CanoR_1,14-3-3 binding phosphopeptide motif,LIG,Canonical Arg-containing phospho-motif mediating a strong interaction with 14-3-3 proteins.  ,PF00244,14-3-3,14-3-3 protein,"R[^DE]{0,2}[^DEPG]([ST])(([FWYLMV].)|([^PRIKGN]P)|([^PRIKGN].{2,4}[VILMFWYP]))",RISLV,487,491,MT_POVM3,Mouse polyomavirus (strain 3),9428519,true positive,65,16,disordered
ELME000417,LIG_14-3-3_CanoR_1,14-3-3 binding phosphopeptide motif,LIG,Canonical Arg-containing phospho-motif mediating a strong interaction with 14-3-3 proteins.  ,PF00244,14-3-3,14-3-3 protein,"R[^DE]{0,2}[^DEPG]([ST])(([FWYLMV].)|([^PRIKGN]P)|([^PRIKGN].{2,4}[VILMFWYP]))",RISLV,487,491,NAC1_HUMAN,Homo sapiens,16679322,true positive,65,16,disordered
ELME000417,LIG_14-3-3_CanoR_1,14-3-3 binding phosphopeptide motif,LIG,Canonical Arg-containing phospho-motif mediating a strong interaction with 14-3-3 proteins.  ,PF00244,14-3-3,14-3-3 protein,"R[^DE]{0,2}[^DEPG]([ST])(([FWYLMV].)|([^PRIKGN]P)|([^PRIKGN].{2,4}[VILMFWYP]))",RISLV,487,491,NED4L_HUMAN,Homo sapiens,21900244,true positive,65,16,disordered
ELME000417,LIG_14-3-3_CanoR_1,14-3-3 binding phosphopeptide motif,LIG,Canonical Arg-containing phospho-motif mediating a strong interaction with 14-3-3 proteins.  ,PF00244,14-3-3,14-3-3 protein,"R[^DE]{0,2}[^DEPG]([ST])(([FWYLMV].)|([^PRIKGN]P)|([^PRIKGN].{2,4}[VILMFWYP]))",RISLV,487,491,NED4L_HUMAN,Homo sapiens,15677482,true positive,65,16,disordered
ELME000417,LIG_14-3-3_CanoR_1,14-3-3 binding phosphopeptide motif,LIG,Canonical Arg-containing phospho-motif mediating a strong interaction with 14-3-3 proteins.  ,PF00244,14-3-3,14-3-3 protein,"R[^DE]{0,2}[^DEPG]([ST])(([FWYLMV].)|([^PRIKGN]P)|([^PRIKGN].{2,4}[VILMFWYP]))",RISLV,487,491,PACS2_HUMAN,Homo sapiens,19481529,true positive,65,16,disordered
ELME000417,LIG_14-3-3_CanoR_1,14-3-3 binding phosphopeptide motif,LIG,Canonical Arg-containing phospho-motif mediating a strong interaction with 14-3-3 proteins.  ,PF00244,14-3-3,14-3-3 protein,"R[^DE]{0,2}[^DEPG]([ST])(([FWYLMV].)|([^PRIKGN]P)|([^PRIKGN].{2,4}[VILMFWYP]))",RISLV,487,491,PADI6_HUMAN,Homo sapiens,22634725,true positive,65,16,disordered
ELME000417,LIG_14-3-3_CanoR_1,14-3-3 binding phosphopeptide motif,LIG,Canonical Arg-containing phospho-motif mediating a strong interaction with 14-3-3 proteins.  ,PF00244,14-3-3,14-3-3 protein,"R[^DE]{0,2}[^DEPG]([ST])(([FWYLMV].)|([^PRIKGN]P)|([^PRIKGN].{2,4}[VILMFWYP]))",RISLV,487,491,PDE3A_HUMAN,Homo sapiens,16153182,true positive,65,16,disordered
ELME000417,LIG_14-3-3_CanoR_1,14-3-3 binding phosphopeptide motif,LIG,Canonical Arg-containing phospho-motif mediating a strong interaction with 14-3-3 proteins.  ,PF00244,14-3-3,14-3-3 protein,"R[^DE]{0,2}[^DEPG]([ST])(([FWYLMV].)|([^PRIKGN]P)|([^PRIKGN].{2,4}[VILMFWYP]))",RISLV,487,491,PTN3_HUMAN,Homo sapiens,9341175,true positive,65,16,disordered
ELME000417,LIG_14-3-3_CanoR_1,14-3-3 binding phosphopeptide motif,LIG,Canonical Arg-containing phospho-motif mediating a strong interaction with 14-3-3 proteins.  ,PF00244,14-3-3,14-3-3 protein,"R[^DE]{0,2}[^DEPG]([ST])(([FWYLMV].)|([^PRIKGN]P)|([^PRIKGN].{2,4}[VILMFWYP]))",RISLV,487,491,PTPN3_MOUSE,Mus musculus,9341175,true positive,65,16,disordered
ELME000417,LIG_14-3-3_CanoR_1,14-3-3 binding phosphopeptide motif,LIG,Canonical Arg-containing phospho-motif mediating a strong interaction with 14-3-3 proteins.  ,PF00244,14-3-3,14-3-3 protein,"R[^DE]{0,2}[^DEPG]([ST])(([FWYLMV].)|([^PRIKGN]P)|([^PRIKGN].{2,4}[VILMFWYP]))",RISLV,487,491,Q888Y7_PSESM,Pseudomonas syringae pv. tomato str. DC3000,23417089,true positive,65,16,disordered
ELME000417,LIG_14-3-3_CanoR_1,14-3-3 binding phosphopeptide motif,LIG,Canonical Arg-containing phospho-motif mediating a strong interaction with 14-3-3 proteins.  ,PF00244,14-3-3,14-3-3 protein,"R[^DE]{0,2}[^DEPG]([ST])(([FWYLMV].)|([^PRIKGN]P)|([^PRIKGN].{2,4}[VILMFWYP]))",RISLV,487,491,RAF1_HUMAN,Homo sapiens,23808890,true positive,65,16,disordered
ELME000417,LIG_14-3-3_CanoR_1,14-3-3 binding phosphopeptide motif,LIG,Canonical Arg-containing phospho-motif mediating a strong interaction with 14-3-3 proteins.  ,PF00244,14-3-3,14-3-3 protein,"R[^DE]{0,2}[^DEPG]([ST])(([FWYLMV].)|([^PRIKGN]P)|([^PRIKGN].{2,4}[VILMFWYP]))",RISLV,487,491,RAF1_HUMAN,Homo sapiens,8601312 23808890 20679480,true positive,65,16,disordered
ELME000417,LIG_14-3-3_CanoR_1,14-3-3 binding phosphopeptide motif,LIG,Canonical Arg-containing phospho-motif mediating a strong interaction with 14-3-3 proteins.  ,PF00244,14-3-3,14-3-3 protein,"R[^DE]{0,2}[^DEPG]([ST])(([FWYLMV].)|([^PRIKGN]P)|([^PRIKGN].{2,4}[VILMFWYP]))",RISLV,487,491,RAF1_HUMAN,Homo sapiens,23808890 8601312,true positive,65,16,disordered
ELME000417,LIG_14-3-3_CanoR_1,14-3-3 binding phosphopeptide motif,LIG,Canonical Arg-containing phospho-motif mediating a strong interaction with 14-3-3 proteins.  ,PF00244,14-3-3,14-3-3 protein,"R[^DE]{0,2}[^DEPG]([ST])(([FWYLMV].)|([^PRIKGN]P)|([^PRIKGN].{2,4}[VILMFWYP]))",RISLV,487,491,RGS3_HUMAN,Homo sapiens,11985497,true positive,65,16,disordered
ELME000417,LIG_14-3-3_CanoR_1,14-3-3 binding phosphopeptide motif,LIG,Canonical Arg-containing phospho-motif mediating a strong interaction with 14-3-3 proteins.  ,PF00244,14-3-3,14-3-3 protein,"R[^DE]{0,2}[^DEPG]([ST])(([FWYLMV].)|([^PRIKGN]P)|([^PRIKGN].{2,4}[VILMFWYP]))",RISLV,487,491,RIM15_YEAST,Saccharomyces cerevisiae,16308562,true positive,65,16,disordered
ELME000417,LIG_14-3-3_CanoR_1,14-3-3 binding phosphopeptide motif,LIG,Canonical Arg-containing phospho-motif mediating a strong interaction with 14-3-3 proteins.  ,PF00244,14-3-3,14-3-3 protein,"R[^DE]{0,2}[^DEPG]([ST])(([FWYLMV].)|([^PRIKGN]P)|([^PRIKGN].{2,4}[VILMFWYP]))",RISLV,487,491,SLOB_DROME,Drosophila melanogaster,10230800,true positive,65,16,disordered
ELME000417,LIG_14-3-3_CanoR_1,14-3-3 binding phosphopeptide motif,LIG,Canonical Arg-containing phospho-motif mediating a strong interaction with 14-3-3 proteins.  ,PF00244,14-3-3,14-3-3 protein,"R[^DE]{0,2}[^DEPG]([ST])(([FWYLMV].)|([^PRIKGN]P)|([^PRIKGN].{2,4}[VILMFWYP]))",RISLV,487,491,SNAT_SHEEP,Ovis aries,11336675,true positive,65,16,disordered
ELME000417,LIG_14-3-3_CanoR_1,14-3-3 binding phosphopeptide motif,LIG,Canonical Arg-containing phospho-motif mediating a strong interaction with 14-3-3 proteins.  ,PF00244,14-3-3,14-3-3 protein,"R[^DE]{0,2}[^DEPG]([ST])(([FWYLMV].)|([^PRIKGN]P)|([^PRIKGN].{2,4}[VILMFWYP]))",RISLV,487,491,TBCD1_HUMAN,Homo sapiens,19531644,true positive,65,16,disordered
ELME000417,LIG_14-3-3_CanoR_1,14-3-3 binding phosphopeptide motif,LIG,Canonical Arg-containing phospho-motif mediating a strong interaction with 14-3-3 proteins.  ,PF00244,14-3-3,14-3-3 protein,"R[^DE]{0,2}[^DEPG]([ST])(([FWYLMV].)|([^PRIKGN]P)|([^PRIKGN].{2,4}[VILMFWYP]))",RISLV,487,491,TESK1_RAT,Rattus norvegicus,11555644,true positive,65,16,disordered
ELME000417,LIG_14-3-3_CanoR_1,14-3-3 binding phosphopeptide motif,LIG,Canonical Arg-containing phospho-motif mediating a strong interaction with 14-3-3 proteins.  ,PF00244,14-3-3,14-3-3 protein,"R[^DE]{0,2}[^DEPG]([ST])(([FWYLMV].)|([^PRIKGN]P)|([^PRIKGN].{2,4}[VILMFWYP]))",RISLV,487,491,TIR_ECO27,Escherichia coli O127:H6 str. E2348/69,16367866,true positive,65,16,disordered
ELME000417,LIG_14-3-3_CanoR_1,14-3-3 binding phosphopeptide motif,LIG,Canonical Arg-containing phospho-motif mediating a strong interaction with 14-3-3 proteins.  ,PF00244,14-3-3,14-3-3 protein,"R[^DE]{0,2}[^DEPG]([ST])(([FWYLMV].)|([^PRIKGN]P)|([^PRIKGN].{2,4}[VILMFWYP]))",RISLV,487,491,WWTR1_HUMAN,Homo sapiens,11118213,true positive,65,16,disordered
ELME000417,LIG_14-3-3_CanoR_1,14-3-3 binding phosphopeptide motif,LIG,Canonical Arg-containing phospho-motif mediating a strong interaction with 14-3-3 proteins.  ,PF00244,14-3-3,14-3-3 protein,"R[^DE]{0,2}[^DEPG]([ST])(([FWYLMV].)|([^PRIKGN]P)|([^PRIKGN].{2,4}[VILMFWYP]))",RISLV,487,491,WWTR1_MOUSE,Mus musculus,11118213,true positive,65,16,disordered
ELME000417,LIG_14-3-3_CanoR_1,14-3-3 binding phosphopeptide motif,LIG,Canonical Arg-containing phospho-motif mediating a strong interaction with 14-3-3 proteins.  ,PF00244,14-3-3,14-3-3 protein,"R[^DE]{0,2}[^DEPG]([ST])(([FWYLMV].)|([^PRIKGN]P)|([^PRIKGN].{2,4}[VILMFWYP]))",RISLV,487,491,YAP1_HUMAN,Homo sapiens,20823509 12535517,true positive,65,16,disordered
ELME000417,LIG_14-3-3_CanoR_1,14-3-3 binding phosphopeptide motif,LIG,Canonical Arg-containing phospho-motif mediating a strong interaction with 14-3-3 proteins.  ,PF00244,14-3-3,14-3-3 protein,"R[^DE]{0,2}[^DEPG]([ST])(([FWYLMV].)|([^PRIKGN]P)|([^PRIKGN].{2,4}[VILMFWYP]))",RISLV,487,491,YAP1_HUMAN,Homo sapiens,17974916,true positive,65,16,disordered
ELME000417,LIG_14-3-3_CanoR_1,14-3-3 binding phosphopeptide motif,LIG,Canonical Arg-containing phospho-motif mediating a strong interaction with 14-3-3 proteins.  ,PF00244,14-3-3,14-3-3 protein,"R[^DE]{0,2}[^DEPG]([ST])(([FWYLMV].)|([^PRIKGN]P)|([^PRIKGN].{2,4}[VILMFWYP]))",RISLV,487,491,YAP1_MOUSE,Mus musculus,11118213,true positive,65,16,disordered
ELME000417,LIG_14-3-3_CanoR_1,14-3-3 binding phosphopeptide motif,LIG,Canonical Arg-containing phospho-motif mediating a strong interaction with 14-3-3 proteins.  ,PF00244,14-3-3,14-3-3 protein,"R[^DE]{0,2}[^DEPG]([ST])(([FWYLMV].)|([^PRIKGN]P)|([^PRIKGN].{2,4}[VILMFWYP]))",RTSLV,521,525,3BP2_HUMAN,Homo sapiens,12501243,true positive,65,16,disordered
ELME000417,LIG_14-3-3_CanoR_1,14-3-3 binding phosphopeptide motif,LIG,Canonical Arg-containing phospho-motif mediating a strong interaction with 14-3-3 proteins.  ,PF00244,14-3-3,14-3-3 protein,"R[^DE]{0,2}[^DEPG]([ST])(([FWYLMV].)|([^PRIKGN]P)|([^PRIKGN].{2,4}[VILMFWYP]))",RTSLV,521,525,ADA22_HUMAN,Homo sapiens,16868027,true positive,65,16,disordered
ELME000417,LIG_14-3-3_CanoR_1,14-3-3 binding phosphopeptide motif,LIG,Canonical Arg-containing phospho-motif mediating a strong interaction with 14-3-3 proteins.  ,PF00244,14-3-3,14-3-3 protein,"R[^DE]{0,2}[^DEPG]([ST])(([FWYLMV].)|([^PRIKGN]P)|([^PRIKGN].{2,4}[VILMFWYP]))",RTSLV,521,525,ATX1_HUMAN,Homo sapiens,20037628 12757707,true positive,65,16,disordered
ELME000417,LIG_14-3-3_CanoR_1,14-3-3 binding phosphopeptide motif,LIG,Canonical Arg-containing phospho-motif mediating a strong interaction with 14-3-3 proteins.  ,PF00244,14-3-3,14-3-3 protein,"R[^DE]{0,2}[^DEPG]([ST])(([FWYLMV].)|([^PRIKGN]P)|([^PRIKGN].{2,4}[VILMFWYP]))",RTSLV,521,525,B7UM88_ECO27,Escherichia coli O127:H6 str. E2348/69,15339273,true positive,65,16,disordered
ELME000417,LIG_14-3-3_CanoR_1,14-3-3 binding phosphopeptide motif,LIG,Canonical Arg-containing phospho-motif mediating a strong interaction with 14-3-3 proteins.  ,PF00244,14-3-3,14-3-3 protein,"R[^DE]{0,2}[^DEPG]([ST])(([FWYLMV].)|([^PRIKGN]P)|([^PRIKGN].{2,4}[VILMFWYP]))",RTSLV,521,525,BAD_MOUSE,Mus musculus,8929531,true positive,65,16,disordered
ELME000417,LIG_14-3-3_CanoR_1,14-3-3 binding phosphopeptide motif,LIG,Canonical Arg-containing phospho-motif mediating a strong interaction with 14-3-3 proteins.  ,PF00244,14-3-3,14-3-3 protein,"R[^DE]{0,2}[^DEPG]([ST])(([FWYLMV].)|([^PRIKGN]P)|([^PRIKGN].{2,4}[VILMFWYP]))",RTSLV,521,525,BAD_MOUSE,Mus musculus,8929531 10949026,true positive,65,16,disordered
ELME000417,LIG_14-3-3_CanoR_1,14-3-3 binding phosphopeptide motif,LIG,Canonical Arg-containing phospho-motif mediating a strong interaction with 14-3-3 proteins.  ,PF00244,14-3-3,14-3-3 protein,"R[^DE]{0,2}[^DEPG]([ST])(([FWYLMV].)|([^PRIKGN]P)|([^PRIKGN].{2,4}[VILMFWYP]))",RTSLV,521,525,BAD_RAT,Rattus norvegicus,9369453,true positive,65,16,disordered
ELME000417,LIG_14-3-3_CanoR_1,14-3-3 binding phosphopeptide motif,LIG,Canonical Arg-containing phospho-motif mediating a strong interaction with 14-3-3 proteins.  ,PF00244,14-3-3,14-3-3 protein,"R[^DE]{0,2}[^DEPG]([ST])(([FWYLMV].)|([^PRIKGN]P)|([^PRIKGN].{2,4}[VILMFWYP]))",RTSLV,521,525,CBY1_HUMAN,Homo sapiens,25909186,true positive,65,16,disordered
ELME000417,LIG_14-3-3_CanoR_1,14-3-3 binding phosphopeptide motif,LIG,Canonical Arg-containing phospho-motif mediating a strong interaction with 14-3-3 proteins.  ,PF00244,14-3-3,14-3-3 protein,"R[^DE]{0,2}[^DEPG]([ST])(([FWYLMV].)|([^PRIKGN]P)|([^PRIKGN].{2,4}[VILMFWYP]))",RTSLV,521,525,CFTR_HUMAN,Homo sapiens,26888287,true positive,65,16,disordered
ELME000417,LIG_14-3-3_CanoR_1,14-3-3 binding phosphopeptide motif,LIG,Canonical Arg-containing phospho-motif mediating a strong interaction with 14-3-3 proteins.  ,PF00244,14-3-3,14-3-3 protein,"R[^DE]{0,2}[^DEPG]([ST])(([FWYLMV].)|([^PRIKGN]P)|([^PRIKGN].{2,4}[VILMFWYP]))",RTSLV,521,525,FOXO3_HUMAN,Homo sapiens,11864996,true positive,65,16,disordered
ELME000417,LIG_14-3-3_CanoR_1,14-3-3 binding phosphopeptide motif,LIG,Canonical Arg-containing phospho-motif mediating a strong interaction with 14-3-3 proteins.  ,PF00244,14-3-3,14-3-3 protein,"R[^DE]{0,2}[^DEPG]([ST])(([FWYLMV].)|([^PRIKGN]P)|([^PRIKGN].{2,4}[VILMFWYP]))",RTSLV,521,525,FOXO4_HUMAN,Homo sapiens,14690436,true positive,65,16,disordered
ELME000417,LIG_14-3-3_CanoR_1,14-3-3 binding phosphopeptide motif,LIG,Canonical Arg-containing phospho-motif mediating a strong interaction with 14-3-3 proteins.  ,PF00244,14-3-3,14-3-3 protein,"R[^DE]{0,2}[^DEPG]([ST])(([FWYLMV].)|([^PRIKGN]P)|([^PRIKGN].{2,4}[VILMFWYP]))",RTSLV,521,525,FOXO4_HUMAN,Homo sapiens,16114898,true positive,65,16,disordered
ELME000417,LIG_14-3-3_CanoR_1,14-3-3 binding phosphopeptide motif,LIG,Canonical Arg-containing phospho-motif mediating a strong interaction with 14-3-3 proteins.  ,PF00244,14-3-3,14-3-3 protein,"R[^DE]{0,2}[^DEPG]([ST])(([FWYLMV].)|([^PRIKGN]P)|([^PRIKGN].{2,4}[VILMFWYP]))",RTSLV,521,525,GAB2_HUMAN,Homo sapiens,19172738,true positive,65,16,disordered
ELME000417,LIG_14-3-3_CanoR_1,14-3-3 binding phosphopeptide motif,LIG,Canonical Arg-containing phospho-motif mediating a strong interaction with 14-3-3 proteins.  ,PF00244,14-3-3,14-3-3 protein,"R[^DE]{0,2}[^DEPG]([ST])(([FWYLMV].)|([^PRIKGN]P)|([^PRIKGN].{2,4}[VILMFWYP]))",RTSLV,521,525,GFAP_HUMAN,Homo sapiens,17032734,true positive,65,16,disordered
ELME000417,LIG_14-3-3_CanoR_1,14-3-3 binding phosphopeptide motif,LIG,Canonical Arg-containing phospho-motif mediating a strong interaction with 14-3-3 proteins.  ,PF00244,14-3-3,14-3-3 protein,"R[^DE]{0,2}[^DEPG]([ST])(([FWYLMV].)|([^PRIKGN]P)|([^PRIKGN].{2,4}[VILMFWYP]))",RTSLV,521,525,H31_HUMAN,Homo sapiens,16246723,true positive,65,16,disordered
ELME000417,LIG_14-3-3_CanoR_1,14-3-3 binding phosphopeptide motif,LIG,Canonical Arg-containing phospho-motif mediating a strong interaction with 14-3-3 proteins.  ,PF00244,14-3-3,14-3-3 protein,"R[^DE]{0,2}[^DEPG]([ST])(([FWYLMV].)|([^PRIKGN]P)|([^PRIKGN].{2,4}[VILMFWYP]))",RTSLV,521,525,HDAC4_HUMAN,Homo sapiens,10958686 10869435,true positive,65,16,disordered
ELME000417,LIG_14-3-3_CanoR_1,14-3-3 binding phosphopeptide motif,LIG,Canonical Arg-containing phospho-motif mediating a strong interaction with 14-3-3 proteins.  ,PF00244,14-3-3,14-3-3 protein,"R[^DE]{0,2}[^DEPG]([ST])(([FWYLMV].)|([^PRIKGN]P)|([^PRIKGN].{2,4}[VILMFWYP]))",RTSLV,521,525,HDAC4_HUMAN,Homo sapiens,10869435,true positive,65,16,disordered
ELME000417,LIG_14-3-3_CanoR_1,14-3-3 binding phosphopeptide motif,LIG,Canonical Arg-containing phospho-motif mediating a strong interaction with 14-3-3 proteins.  ,PF00244,14-3-3,14-3-3 protein,"R[^DE]{0,2}[^DEPG]([ST])(([FWYLMV].)|([^PRIKGN]P)|([^PRIKGN].{2,4}[VILMFWYP]))",RTSLV,521,525,HDAC5_HUMAN,Homo sapiens,11114197,true positive,65,16,disordered
ELME000417,LIG_14-3-3_CanoR_1,14-3-3 binding phosphopeptide motif,LIG,Canonical Arg-containing phospho-motif mediating a strong interaction with 14-3-3 proteins.  ,PF00244,14-3-3,14-3-3 protein,"R[^DE]{0,2}[^DEPG]([ST])(([FWYLMV].)|([^PRIKGN]P)|([^PRIKGN].{2,4}[VILMFWYP]))",RTSLV,521,525,KIF1C_HUMAN,Homo sapiens,17085597 10559254,true positive,65,16,disordered
ELME000417,LIG_14-3-3_CanoR_1,14-3-3 binding phosphopeptide motif,LIG,Canonical Arg-containing phospho-motif mediating a strong interaction with 14-3-3 proteins.  ,PF00244,14-3-3,14-3-3 protein,"R[^DE]{0,2}[^DEPG]([ST])(([FWYLMV].)|([^PRIKGN]P)|([^PRIKGN].{2,4}[VILMFWYP]))",RTSLV,521,525,KLC2_HUMAN,Homo sapiens,21189416,true positive,65,16,disordered
ELME000417,LIG_14-3-3_CanoR_1,14-3-3 binding phosphopeptide motif,LIG,Canonical Arg-containing phospho-motif mediating a strong interaction with 14-3-3 proteins.  ,PF00244,14-3-3,14-3-3 protein,"R[^DE]{0,2}[^DEPG]([ST])(([FWYLMV].)|([^PRIKGN]P)|([^PRIKGN].{2,4}[VILMFWYP]))",RTSLV,521,525,KLC3_HUMAN,Homo sapiens,21189416,true positive,65,16,disordered
ELME000417,LIG_14-3-3_CanoR_1,14-3-3 binding phosphopeptide motif,LIG,Canonical Arg-containing phospho-motif mediating a strong interaction with 14-3-3 proteins.  ,PF00244,14-3-3,14-3-3 protein,"R[^DE]{0,2}[^DEPG]([ST])(([FWYLMV].)|([^PRIKGN]P)|([^PRIKGN].{2,4}[VILMFWYP]))",RTSLV,521,525,KPCE_HUMAN,Homo sapiens,19662078,true positive,65,16,disordered
ELME000417,LIG_14-3-3_CanoR_1,14-3-3 binding phosphopeptide motif,LIG,Canonical Arg-containing phospho-motif mediating a strong interaction with 14-3-3 proteins.  ,PF00244,14-3-3,14-3-3 protein,"R[^DE]{0,2}[^DEPG]([ST])(([FWYLMV].)|([^PRIKGN]P)|([^PRIKGN].{2,4}[VILMFWYP]))",RTSLV,521,525,KSR1_MOUSE,Mus musculus,9858547,true positive,65,16,disordered
ELME000417,LIG_14-3-3_CanoR_1,14-3-3 binding phosphopeptide motif,LIG,Canonical Arg-containing phospho-motif mediating a strong interaction with 14-3-3 proteins.  ,PF00244,14-3-3,14-3-3 protein,"R[^DE]{0,2}[^DEPG]([ST])(([FWYLMV].)|([^PRIKGN]P)|([^PRIKGN].{2,4}[VILMFWYP]))",RTSLV,521,525,M3K5_HUMAN,Homo sapiens,17085597 10411906,true positive,65,16,disordered
ELME000417,LIG_14-3-3_CanoR_1,14-3-3 binding phosphopeptide motif,LIG,Canonical Arg-containing phospho-motif mediating a strong interaction with 14-3-3 proteins.  ,PF00244,14-3-3,14-3-3 protein,"R[^DE]{0,2}[^DEPG]([ST])(([FWYLMV].)|([^PRIKGN]P)|([^PRIKGN].{2,4}[VILMFWYP]))",RTSLV,521,525,MDM4_HUMAN,Homo sapiens,16943424,true positive,65,16,disordered
ELME000417,LIG_14-3-3_CanoR_1,14-3-3 binding phosphopeptide motif,LIG,Canonical Arg-containing phospho-motif mediating a strong interaction with 14-3-3 proteins.  ,PF00244,14-3-3,14-3-3 protein,"R[^DE]{0,2}[^DEPG]([ST])(([FWYLMV].)|([^PRIKGN]P)|([^PRIKGN].{2,4}[VILMFWYP]))",RTSLV,521,525,MEFV_HUMAN,Homo sapiens,15934090,true positive,65,16,disordered
ELME000417,LIG_14-3-3_CanoR_1,14-3-3 binding phosphopeptide motif,LIG,Canonical Arg-containing phospho-motif mediating a strong interaction with 14-3-3 proteins.  ,PF00244,14-3-3,14-3-3 protein,"R[^DE]{0,2}[^DEPG]([ST])(([FWYLMV].)|([^PRIKGN]P)|([^PRIKGN].{2,4}[VILMFWYP]))",RTSLV,521,525,MEI2_SCHPO,Schizosaccharomyces pombe 972h-,11818066,true positive,65,16,disordered
ELME000417,LIG_14-3-3_CanoR_1,14-3-3 binding phosphopeptide motif,LIG,Canonical Arg-containing phospho-motif mediating a strong interaction with 14-3-3 proteins.  ,PF00244,14-3-3,14-3-3 protein,"R[^DE]{0,2}[^DEPG]([ST])(([FWYLMV].)|([^PRIKGN]P)|([^PRIKGN].{2,4}[VILMFWYP]))",RTSLV,521,525,MLF1_HUMAN,Homo sapiens,22151054,true positive,65,16,disordered
ELME000417,LIG_14-3-3_CanoR_1,14-3-3 binding phosphopeptide motif,LIG,Canonical Arg-containing phospho-motif mediating a strong interaction with 14-3-3 proteins.  ,PF00244,14-3-3,14-3-3 protein,"R[^DE]{0,2}[^DEPG]([ST])(([FWYLMV].)|([^PRIKGN]P)|([^PRIKGN].{2,4}[VILMFWYP]))",RTSLV,521,525,MT_POVM3,Mouse polyomavirus (strain 3),9428519,true positive,65,16,disordered
ELME000417,LIG_14-3-3_CanoR_1,14-3-3 binding phosphopeptide motif,LIG,Canonical Arg-containing phospho-motif mediating a strong interaction with 14-3-3 proteins.  ,PF00244,14-3-3,14-3-3 protein,"R[^DE]{0,2}[^DEPG]([ST])(([FWYLMV].)|([^PRIKGN]P)|([^PRIKGN].{2,4}[VILMFWYP]))",RTSLV,521,525,NAC1_HUMAN,Homo sapiens,16679322,true positive,65,16,disordered
ELME000417,LIG_14-3-3_CanoR_1,14-3-3 binding phosphopeptide motif,LIG,Canonical Arg-containing phospho-motif mediating a strong interaction with 14-3-3 proteins.  ,PF00244,14-3-3,14-3-3 protein,"R[^DE]{0,2}[^DEPG]([ST])(([FWYLMV].)|([^PRIKGN]P)|([^PRIKGN].{2,4}[VILMFWYP]))",RTSLV,521,525,NED4L_HUMAN,Homo sapiens,21900244,true positive,65,16,disordered
ELME000417,LIG_14-3-3_CanoR_1,14-3-3 binding phosphopeptide motif,LIG,Canonical Arg-containing phospho-motif mediating a strong interaction with 14-3-3 proteins.  ,PF00244,14-3-3,14-3-3 protein,"R[^DE]{0,2}[^DEPG]([ST])(([FWYLMV].)|([^PRIKGN]P)|([^PRIKGN].{2,4}[VILMFWYP]))",RTSLV,521,525,NED4L_HUMAN,Homo sapiens,15677482,true positive,65,16,disordered
ELME000417,LIG_14-3-3_CanoR_1,14-3-3 binding phosphopeptide motif,LIG,Canonical Arg-containing phospho-motif mediating a strong interaction with 14-3-3 proteins.  ,PF00244,14-3-3,14-3-3 protein,"R[^DE]{0,2}[^DEPG]([ST])(([FWYLMV].)|([^PRIKGN]P)|([^PRIKGN].{2,4}[VILMFWYP]))",RTSLV,521,525,PACS2_HUMAN,Homo sapiens,19481529,true positive,65,16,disordered
ELME000417,LIG_14-3-3_CanoR_1,14-3-3 binding phosphopeptide motif,LIG,Canonical Arg-containing phospho-motif mediating a strong interaction with 14-3-3 proteins.  ,PF00244,14-3-3,14-3-3 protein,"R[^DE]{0,2}[^DEPG]([ST])(([FWYLMV].)|([^PRIKGN]P)|([^PRIKGN].{2,4}[VILMFWYP]))",RTSLV,521,525,PADI6_HUMAN,Homo sapiens,22634725,true positive,65,16,disordered
ELME000417,LIG_14-3-3_CanoR_1,14-3-3 binding phosphopeptide motif,LIG,Canonical Arg-containing phospho-motif mediating a strong interaction with 14-3-3 proteins.  ,PF00244,14-3-3,14-3-3 protein,"R[^DE]{0,2}[^DEPG]([ST])(([FWYLMV].)|([^PRIKGN]P)|([^PRIKGN].{2,4}[VILMFWYP]))",RTSLV,521,525,PDE3A_HUMAN,Homo sapiens,16153182,true positive,65,16,disordered
ELME000417,LIG_14-3-3_CanoR_1,14-3-3 binding phosphopeptide motif,LIG,Canonical Arg-containing phospho-motif mediating a strong interaction with 14-3-3 proteins.  ,PF00244,14-3-3,14-3-3 protein,"R[^DE]{0,2}[^DEPG]([ST])(([FWYLMV].)|([^PRIKGN]P)|([^PRIKGN].{2,4}[VILMFWYP]))",RTSLV,521,525,PTN3_HUMAN,Homo sapiens,9341175,true positive,65,16,disordered
ELME000417,LIG_14-3-3_CanoR_1,14-3-3 binding phosphopeptide motif,LIG,Canonical Arg-containing phospho-motif mediating a strong interaction with 14-3-3 proteins.  ,PF00244,14-3-3,14-3-3 protein,"R[^DE]{0,2}[^DEPG]([ST])(([FWYLMV].)|([^PRIKGN]P)|([^PRIKGN].{2,4}[VILMFWYP]))",RTSLV,521,525,PTPN3_MOUSE,Mus musculus,9341175,true positive,65,16,disordered
ELME000417,LIG_14-3-3_CanoR_1,14-3-3 binding phosphopeptide motif,LIG,Canonical Arg-containing phospho-motif mediating a strong interaction with 14-3-3 proteins.  ,PF00244,14-3-3,14-3-3 protein,"R[^DE]{0,2}[^DEPG]([ST])(([FWYLMV].)|([^PRIKGN]P)|([^PRIKGN].{2,4}[VILMFWYP]))",RTSLV,521,525,Q888Y7_PSESM,Pseudomonas syringae pv. tomato str. DC3000,23417089,true positive,65,16,disordered
ELME000417,LIG_14-3-3_CanoR_1,14-3-3 binding phosphopeptide motif,LIG,Canonical Arg-containing phospho-motif mediating a strong interaction with 14-3-3 proteins.  ,PF00244,14-3-3,14-3-3 protein,"R[^DE]{0,2}[^DEPG]([ST])(([FWYLMV].)|([^PRIKGN]P)|([^PRIKGN].{2,4}[VILMFWYP]))",RTSLV,521,525,RAF1_HUMAN,Homo sapiens,23808890,true positive,65,16,disordered
ELME000417,LIG_14-3-3_CanoR_1,14-3-3 binding phosphopeptide motif,LIG,Canonical Arg-containing phospho-motif mediating a strong interaction with 14-3-3 proteins.  ,PF00244,14-3-3,14-3-3 protein,"R[^DE]{0,2}[^DEPG]([ST])(([FWYLMV].)|([^PRIKGN]P)|([^PRIKGN].{2,4}[VILMFWYP]))",RTSLV,521,525,RAF1_HUMAN,Homo sapiens,8601312 23808890 20679480,true positive,65,16,disordered
ELME000417,LIG_14-3-3_CanoR_1,14-3-3 binding phosphopeptide motif,LIG,Canonical Arg-containing phospho-motif mediating a strong interaction with 14-3-3 proteins.  ,PF00244,14-3-3,14-3-3 protein,"R[^DE]{0,2}[^DEPG]([ST])(([FWYLMV].)|([^PRIKGN]P)|([^PRIKGN].{2,4}[VILMFWYP]))",RTSLV,521,525,RAF1_HUMAN,Homo sapiens,23808890 8601312,true positive,65,16,disordered
ELME000417,LIG_14-3-3_CanoR_1,14-3-3 binding phosphopeptide motif,LIG,Canonical Arg-containing phospho-motif mediating a strong interaction with 14-3-3 proteins.  ,PF00244,14-3-3,14-3-3 protein,"R[^DE]{0,2}[^DEPG]([ST])(([FWYLMV].)|([^PRIKGN]P)|([^PRIKGN].{2,4}[VILMFWYP]))",RTSLV,521,525,RGS3_HUMAN,Homo sapiens,11985497,true positive,65,16,disordered
ELME000417,LIG_14-3-3_CanoR_1,14-3-3 binding phosphopeptide motif,LIG,Canonical Arg-containing phospho-motif mediating a strong interaction with 14-3-3 proteins.  ,PF00244,14-3-3,14-3-3 protein,"R[^DE]{0,2}[^DEPG]([ST])(([FWYLMV].)|([^PRIKGN]P)|([^PRIKGN].{2,4}[VILMFWYP]))",RTSLV,521,525,RIM15_YEAST,Saccharomyces cerevisiae,16308562,true positive,65,16,disordered
ELME000417,LIG_14-3-3_CanoR_1,14-3-3 binding phosphopeptide motif,LIG,Canonical Arg-containing phospho-motif mediating a strong interaction with 14-3-3 proteins.  ,PF00244,14-3-3,14-3-3 protein,"R[^DE]{0,2}[^DEPG]([ST])(([FWYLMV].)|([^PRIKGN]P)|([^PRIKGN].{2,4}[VILMFWYP]))",RTSLV,521,525,SLOB_DROME,Drosophila melanogaster,10230800,true positive,65,16,disordered
ELME000417,LIG_14-3-3_CanoR_1,14-3-3 binding phosphopeptide motif,LIG,Canonical Arg-containing phospho-motif mediating a strong interaction with 14-3-3 proteins.  ,PF00244,14-3-3,14-3-3 protein,"R[^DE]{0,2}[^DEPG]([ST])(([FWYLMV].)|([^PRIKGN]P)|([^PRIKGN].{2,4}[VILMFWYP]))",RTSLV,521,525,SNAT_SHEEP,Ovis aries,11336675,true positive,65,16,disordered
ELME000417,LIG_14-3-3_CanoR_1,14-3-3 binding phosphopeptide motif,LIG,Canonical Arg-containing phospho-motif mediating a strong interaction with 14-3-3 proteins.  ,PF00244,14-3-3,14-3-3 protein,"R[^DE]{0,2}[^DEPG]([ST])(([FWYLMV].)|([^PRIKGN]P)|([^PRIKGN].{2,4}[VILMFWYP]))",RTSLV,521,525,TBCD1_HUMAN,Homo sapiens,19531644,true positive,65,16,disordered
ELME000417,LIG_14-3-3_CanoR_1,14-3-3 binding phosphopeptide motif,LIG,Canonical Arg-containing phospho-motif mediating a strong interaction with 14-3-3 proteins.  ,PF00244,14-3-3,14-3-3 protein,"R[^DE]{0,2}[^DEPG]([ST])(([FWYLMV].)|([^PRIKGN]P)|([^PRIKGN].{2,4}[VILMFWYP]))",RTSLV,521,525,TESK1_RAT,Rattus norvegicus,11555644,true positive,65,16,disordered
ELME000417,LIG_14-3-3_CanoR_1,14-3-3 binding phosphopeptide motif,LIG,Canonical Arg-containing phospho-motif mediating a strong interaction with 14-3-3 proteins.  ,PF00244,14-3-3,14-3-3 protein,"R[^DE]{0,2}[^DEPG]([ST])(([FWYLMV].)|([^PRIKGN]P)|([^PRIKGN].{2,4}[VILMFWYP]))",RTSLV,521,525,TIR_ECO27,Escherichia coli O127:H6 str. E2348/69,16367866,true positive,65,16,disordered
ELME000417,LIG_14-3-3_CanoR_1,14-3-3 binding phosphopeptide motif,LIG,Canonical Arg-containing phospho-motif mediating a strong interaction with 14-3-3 proteins.  ,PF00244,14-3-3,14-3-3 protein,"R[^DE]{0,2}[^DEPG]([ST])(([FWYLMV].)|([^PRIKGN]P)|([^PRIKGN].{2,4}[VILMFWYP]))",RTSLV,521,525,WWTR1_HUMAN,Homo sapiens,11118213,true positive,65,16,disordered
ELME000417,LIG_14-3-3_CanoR_1,14-3-3 binding phosphopeptide motif,LIG,Canonical Arg-containing phospho-motif mediating a strong interaction with 14-3-3 proteins.  ,PF00244,14-3-3,14-3-3 protein,"R[^DE]{0,2}[^DEPG]([ST])(([FWYLMV].)|([^PRIKGN]P)|([^PRIKGN].{2,4}[VILMFWYP]))",RTSLV,521,525,WWTR1_MOUSE,Mus musculus,11118213,true positive,65,16,disordered
ELME000417,LIG_14-3-3_CanoR_1,14-3-3 binding phosphopeptide motif,LIG,Canonical Arg-containing phospho-motif mediating a strong interaction with 14-3-3 proteins.  ,PF00244,14-3-3,14-3-3 protein,"R[^DE]{0,2}[^DEPG]([ST])(([FWYLMV].)|([^PRIKGN]P)|([^PRIKGN].{2,4}[VILMFWYP]))",RTSLV,521,525,YAP1_HUMAN,Homo sapiens,20823509 12535517,true positive,65,16,disordered
ELME000417,LIG_14-3-3_CanoR_1,14-3-3 binding phosphopeptide motif,LIG,Canonical Arg-containing phospho-motif mediating a strong interaction with 14-3-3 proteins.  ,PF00244,14-3-3,14-3-3 protein,"R[^DE]{0,2}[^DEPG]([ST])(([FWYLMV].)|([^PRIKGN]P)|([^PRIKGN].{2,4}[VILMFWYP]))",RTSLV,521,525,YAP1_HUMAN,Homo sapiens,17974916,true positive,65,16,disordered
ELME000417,LIG_14-3-3_CanoR_1,14-3-3 binding phosphopeptide motif,LIG,Canonical Arg-containing phospho-motif mediating a strong interaction with 14-3-3 proteins.  ,PF00244,14-3-3,14-3-3 protein,"R[^DE]{0,2}[^DEPG]([ST])(([FWYLMV].)|([^PRIKGN]P)|([^PRIKGN].{2,4}[VILMFWYP]))",RTSLV,521,525,YAP1_MOUSE,Mus musculus,11118213,true positive,65,16,disordered
ELME000313,LIG_Actin_WH2_2,Actin-binding motifs,LIG,The WH2 motif is of variable length (16-19 amino acids) binding to the hydrophobic cleft formed by actin's subdomains 1 and 3. At the N-terminus it forms an alpha-helix followed by a flexible loop stabilised upon actin binding.,PF00022,Actin,Actin,"[^R]..((.[ILMVF])|([ILMVF].))[^P][^P][ILVM].{4,7}L(([KR].)|(NK))[VATIGS]",PCLCIHAMTPERVQRLKAS,266,284,A2VCK8_HUMAN,Homo sapiens,8617195 16275905,true positive,17,2,inbetween
ELME000313,LIG_Actin_WH2_2,Actin-binding motifs,LIG,The WH2 motif is of variable length (16-19 amino acids) binding to the hydrophobic cleft formed by actin's subdomains 1 and 3. At the N-terminus it forms an alpha-helix followed by a flexible loop stabilised upon actin binding.,PF00022,Actin,Actin,"[^R]..((.[ILMVF])|([ILMVF].))[^P][^P][ILVM].{4,7}L(([KR].)|(NK))[VATIGS]",PCLCIHAMTPERVQRLKAS,266,284,ACTO_ACACA,Acanthamoeba castellanii,1464307,true positive,17,2,inbetween
ELME000313,LIG_Actin_WH2_2,Actin-binding motifs,LIG,The WH2 motif is of variable length (16-19 amino acids) binding to the hydrophobic cleft formed by actin's subdomains 1 and 3. At the N-terminus it forms an alpha-helix followed by a flexible loop stabilised upon actin binding.,PF00022,Actin,Actin,"[^R]..((.[ILMVF])|([ILMVF].))[^P][^P][ILVM].{4,7}L(([KR].)|(NK))[VATIGS]",PCLCIHAMTPERVQRLKAS,266,284,B4Y9V9_BURPE,Burkholderia pseudomallei,25860613,true positive,17,2,inbetween
ELME000313,LIG_Actin_WH2_2,Actin-binding motifs,LIG,The WH2 motif is of variable length (16-19 amino acids) binding to the hydrophobic cleft formed by actin's subdomains 1 and 3. At the N-terminus it forms an alpha-helix followed by a flexible loop stabilised upon actin binding.,PF00022,Actin,Actin,"[^R]..((.[ILMVF])|([ILMVF].))[^P][^P][ILVM].{4,7}L(([KR].)|(NK))[VATIGS]",PCLCIHAMTPERVQRLKAS,266,284,C5IZN1_VIBCL,Vibrio cholerae,18005688,true positive,17,2,inbetween
ELME000313,LIG_Actin_WH2_2,Actin-binding motifs,LIG,The WH2 motif is of variable length (16-19 amino acids) binding to the hydrophobic cleft formed by actin's subdomains 1 and 3. At the N-terminus it forms an alpha-helix followed by a flexible loop stabilised upon actin binding.,PF00022,Actin,Actin,"[^R]..((.[ILMVF])|([ILMVF].))[^P][^P][ILVM].{4,7}L(([KR].)|(NK))[VATIGS]",PCLCIHAMTPERVQRLKAS,266,284,MTSS1_HUMAN,Homo sapiens,17292833 16275905,true positive,17,2,inbetween
ELME000313,LIG_Actin_WH2_2,Actin-binding motifs,LIG,The WH2 motif is of variable length (16-19 amino acids) binding to the hydrophobic cleft formed by actin's subdomains 1 and 3. At the N-terminus it forms an alpha-helix followed by a flexible loop stabilised upon actin binding.,PF00022,Actin,Actin,"[^R]..((.[ILMVF])|([ILMVF].))[^P][^P][ILVM].{4,7}L(([KR].)|(NK))[VATIGS]",PCLCIHAMTPERVQRLKAS,266,284,O97428_DROME,Drosophila melanogaster,16275905 11030623,true positive,17,2,inbetween
ELME000313,LIG_Actin_WH2_2,Actin-binding motifs,LIG,The WH2 motif is of variable length (16-19 amino acids) binding to the hydrophobic cleft formed by actin's subdomains 1 and 3. At the N-terminus it forms an alpha-helix followed by a flexible loop stabilised upon actin binding.,PF00022,Actin,Actin,"[^R]..((.[ILMVF])|([ILMVF].))[^P][^P][ILVM].{4,7}L(([KR].)|(NK))[VATIGS]",PCLCIHAMTPERVQRLKAS,266,284,Q87GE5_VIBPA,Vibrio parahaemolyticus RIMD 2210633,17942696,true positive,17,2,inbetween
ELME000313,LIG_Actin_WH2_2,Actin-binding motifs,LIG,The WH2 motif is of variable length (16-19 amino acids) binding to the hydrophobic cleft formed by actin's subdomains 1 and 3. At the N-terminus it forms an alpha-helix followed by a flexible loop stabilised upon actin binding.,PF00022,Actin,Actin,"[^R]..((.[ILMVF])|([ILMVF].))[^P][^P][ILVM].{4,7}L(([KR].)|(NK))[VATIGS]",PCLCIHAMTPERVQRLKAS,266,284,SCAR1_ARATH,Arabidopsis thaliana,1529676 15534215,true positive,17,2,inbetween
ELME000313,LIG_Actin_WH2_2,Actin-binding motifs,LIG,The WH2 motif is of variable length (16-19 amino acids) binding to the hydrophobic cleft formed by actin's subdomains 1 and 3. At the N-terminus it forms an alpha-helix followed by a flexible loop stabilised upon actin binding.,PF00022,Actin,Actin,"[^R]..((.[ILMVF])|([ILMVF].))[^P][^P][ILVM].{4,7}L(([KR].)|(NK))[VATIGS]",PCLCIHAMTPERVQRLKAS,266,284,SCAR2_ARATH,Arabidopsis thaliana,15534215,true positive,17,2,inbetween
ELME000313,LIG_Actin_WH2_2,Actin-binding motifs,LIG,The WH2 motif is of variable length (16-19 amino acids) binding to the hydrophobic cleft formed by actin's subdomains 1 and 3. At the N-terminus it forms an alpha-helix followed by a flexible loop stabilised upon actin binding.,PF00022,Actin,Actin,"[^R]..((.[ILMVF])|([ILMVF].))[^P][^P][ILVM].{4,7}L(([KR].)|(NK))[VATIGS]",PCLCIHAMTPERVQRLKAS,266,284,SCAR3_ARATH,Arabidopsis thaliana,15534215,true positive,17,2,inbetween
ELME000313,LIG_Actin_WH2_2,Actin-binding motifs,LIG,The WH2 motif is of variable length (16-19 amino acids) binding to the hydrophobic cleft formed by actin's subdomains 1 and 3. At the N-terminus it forms an alpha-helix followed by a flexible loop stabilised upon actin binding.,PF00022,Actin,Actin,"[^R]..((.[ILMVF])|([ILMVF].))[^P][^P][ILVM].{4,7}L(([KR].)|(NK))[VATIGS]",PCLCIHAMTPERVQRLKAS,266,284,SCAR4_ARATH,Arabidopsis thaliana,15534215,true positive,17,2,inbetween
ELME000313,LIG_Actin_WH2_2,Actin-binding motifs,LIG,The WH2 motif is of variable length (16-19 amino acids) binding to the hydrophobic cleft formed by actin's subdomains 1 and 3. At the N-terminus it forms an alpha-helix followed by a flexible loop stabilised upon actin binding.,PF00022,Actin,Actin,"[^R]..((.[ILMVF])|([ILMVF].))[^P][^P][ILVM].{4,7}L(([KR].)|(NK))[VATIGS]",PCLCIHAMTPERVQRLKAS,266,284,SPIR_DROME,Drosophila melanogaster,15674283,true positive,17,2,inbetween
ELME000313,LIG_Actin_WH2_2,Actin-binding motifs,LIG,The WH2 motif is of variable length (16-19 amino acids) binding to the hydrophobic cleft formed by actin's subdomains 1 and 3. At the N-terminus it forms an alpha-helix followed by a flexible loop stabilised upon actin binding.,PF00022,Actin,Actin,"[^R]..((.[ILMVF])|([ILMVF].))[^P][^P][ILVM].{4,7}L(([KR].)|(NK))[VATIGS]",PCLCIHAMTPERVQRLKAS,266,284,SPIR_DROME,Drosophila melanogaster,20538977 10556052 15674283,true positive,17,2,inbetween
ELME000313,LIG_Actin_WH2_2,Actin-binding motifs,LIG,The WH2 motif is of variable length (16-19 amino acids) binding to the hydrophobic cleft formed by actin's subdomains 1 and 3. At the N-terminus it forms an alpha-helix followed by a flexible loop stabilised upon actin binding.,PF00022,Actin,Actin,"[^R]..((.[ILMVF])|([ILMVF].))[^P][^P][ILVM].{4,7}L(([KR].)|(NK))[VATIGS]",PCLCIHAMTPERVQRLKAS,266,284,TYB4_MOUSE,Mus musculus,1464307,true positive,17,2,inbetween
ELME000534,LIG_Arc_Nlobe_1,Arc N-lobe binding ligand,LIG,"Binding motif for the N-lobe part of the C-terminal domain in Arc. The N-lobe domain has structural homology with HIV virus capsid, but the binding appears to be unique to higher vertebrates.",IPR040814,"Activity-regulated cytoskeleton-associated protein, C-terminal domain", This entry represents the  C-terminal capsid-like domain of the Activity-regulated cytoskeleton-associated protein (Arc),"[^P][P]G{0,1}[^P][YFH][^P]",APSYH,1,5,CCG2_HUMAN,Homo sapiens,33732907,true positive,11,4,ordered
ELME000534,LIG_Arc_Nlobe_1,Arc N-lobe binding ligand,LIG,"Binding motif for the N-lobe part of the C-terminal domain in Arc. The N-lobe domain has structural homology with HIV virus capsid, but the binding appears to be unique to higher vertebrates.",IPR040814,"Activity-regulated cytoskeleton-associated protein, C-terminal domain", This entry represents the  C-terminal capsid-like domain of the Activity-regulated cytoskeleton-associated protein (Arc),"[^P][P]G{0,1}[^P][YFH][^P]",APSYH,1,5,CCG2_MOUSE,Mus musculus,31080121 25864631,true positive,11,4,ordered
ELME000534,LIG_Arc_Nlobe_1,Arc N-lobe binding ligand,LIG,"Binding motif for the N-lobe part of the C-terminal domain in Arc. The N-lobe domain has structural homology with HIV virus capsid, but the binding appears to be unique to higher vertebrates.",IPR040814,"Activity-regulated cytoskeleton-associated protein, C-terminal domain", This entry represents the  C-terminal capsid-like domain of the Activity-regulated cytoskeleton-associated protein (Arc),"[^P][P]G{0,1}[^P][YFH][^P]",APSYH,1,5,DLGP1_HUMAN,Homo sapiens,33732907,true positive,11,4,ordered
ELME000534,LIG_Arc_Nlobe_1,Arc N-lobe binding ligand,LIG,"Binding motif for the N-lobe part of the C-terminal domain in Arc. The N-lobe domain has structural homology with HIV virus capsid, but the binding appears to be unique to higher vertebrates.",IPR040814,"Activity-regulated cytoskeleton-associated protein, C-terminal domain", This entry represents the  C-terminal capsid-like domain of the Activity-regulated cytoskeleton-associated protein (Arc),"[^P][P]G{0,1}[^P][YFH][^P]",APSYH,1,5,DLGP1_MOUSE,Mus musculus,25864631,true positive,11,4,ordered
ELME000534,LIG_Arc_Nlobe_1,Arc N-lobe binding ligand,LIG,"Binding motif for the N-lobe part of the C-terminal domain in Arc. The N-lobe domain has structural homology with HIV virus capsid, but the binding appears to be unique to higher vertebrates.",IPR040814,"Activity-regulated cytoskeleton-associated protein, C-terminal domain", This entry represents the  C-terminal capsid-like domain of the Activity-regulated cytoskeleton-associated protein (Arc),"[^P][P]G{0,1}[^P][YFH][^P]",APSYH,1,5,IQEC2_MOUSE,Mus musculus,25864631,true positive,11,4,ordered
ELME000534,LIG_Arc_Nlobe_1,Arc N-lobe binding ligand,LIG,"Binding motif for the N-lobe part of the C-terminal domain in Arc. The N-lobe domain has structural homology with HIV virus capsid, but the binding appears to be unique to higher vertebrates.",IPR040814,"Activity-regulated cytoskeleton-associated protein, C-terminal domain", This entry represents the  C-terminal capsid-like domain of the Activity-regulated cytoskeleton-associated protein (Arc),"[^P][P]G{0,1}[^P][YFH][^P]",APSYH,1,5,NMDE1_MOUSE,Mus musculus,25864631,true positive,11,4,ordered
ELME000534,LIG_Arc_Nlobe_1,Arc N-lobe binding ligand,LIG,"Binding motif for the N-lobe part of the C-terminal domain in Arc. The N-lobe domain has structural homology with HIV virus capsid, but the binding appears to be unique to higher vertebrates.",IPR040814,"Activity-regulated cytoskeleton-associated protein, C-terminal domain", This entry represents the  C-terminal capsid-like domain of the Activity-regulated cytoskeleton-associated protein (Arc),"[^P][P]G{0,1}[^P][YFH][^P]",APSYH,1,5,NMDE1_RAT,Rattus norvegicus,31080121,true positive,11,4,ordered
ELME000534,LIG_Arc_Nlobe_1,Arc N-lobe binding ligand,LIG,"Binding motif for the N-lobe part of the C-terminal domain in Arc. The N-lobe domain has structural homology with HIV virus capsid, but the binding appears to be unique to higher vertebrates.",IPR040814,"Activity-regulated cytoskeleton-associated protein, C-terminal domain", This entry represents the  C-terminal capsid-like domain of the Activity-regulated cytoskeleton-associated protein (Arc),"[^P][P]G{0,1}[^P][YFH][^P]",APSYH,1,5,NMDE2_RAT,Rattus norvegicus,31080121,true positive,11,4,ordered
ELME000534,LIG_Arc_Nlobe_1,Arc N-lobe binding ligand,LIG,"Binding motif for the N-lobe part of the C-terminal domain in Arc. The N-lobe domain has structural homology with HIV virus capsid, but the binding appears to be unique to higher vertebrates.",IPR040814,"Activity-regulated cytoskeleton-associated protein, C-terminal domain", This entry represents the  C-terminal capsid-like domain of the Activity-regulated cytoskeleton-associated protein (Arc),"[^P][P]G{0,1}[^P][YFH][^P]",APSYH,1,5,WASF1_MOUSE,Mus musculus,25864631,true positive,11,4,ordered
ELME000534,LIG_Arc_Nlobe_1,Arc N-lobe binding ligand,LIG,"Binding motif for the N-lobe part of the C-terminal domain in Arc. The N-lobe domain has structural homology with HIV virus capsid, but the binding appears to be unique to higher vertebrates.",IPR040814,"Activity-regulated cytoskeleton-associated protein, C-terminal domain", This entry represents the  C-terminal capsid-like domain of the Activity-regulated cytoskeleton-associated protein (Arc),"[^P][P]G{0,1}[^P][YFH][^P]",GPNFN,70,74,CCG2_HUMAN,Homo sapiens,33732907,true positive,11,4,ordered
ELME000534,LIG_Arc_Nlobe_1,Arc N-lobe binding ligand,LIG,"Binding motif for the N-lobe part of the C-terminal domain in Arc. The N-lobe domain has structural homology with HIV virus capsid, but the binding appears to be unique to higher vertebrates.",IPR040814,"Activity-regulated cytoskeleton-associated protein, C-terminal domain", This entry represents the  C-terminal capsid-like domain of the Activity-regulated cytoskeleton-associated protein (Arc),"[^P][P]G{0,1}[^P][YFH][^P]",GPNFN,70,74,CCG2_MOUSE,Mus musculus,31080121 25864631,true positive,11,4,ordered
ELME000534,LIG_Arc_Nlobe_1,Arc N-lobe binding ligand,LIG,"Binding motif for the N-lobe part of the C-terminal domain in Arc. The N-lobe domain has structural homology with HIV virus capsid, but the binding appears to be unique to higher vertebrates.",IPR040814,"Activity-regulated cytoskeleton-associated protein, C-terminal domain", This entry represents the  C-terminal capsid-like domain of the Activity-regulated cytoskeleton-associated protein (Arc),"[^P][P]G{0,1}[^P][YFH][^P]",GPNFN,70,74,DLGP1_HUMAN,Homo sapiens,33732907,true positive,11,4,ordered
ELME000534,LIG_Arc_Nlobe_1,Arc N-lobe binding ligand,LIG,"Binding motif for the N-lobe part of the C-terminal domain in Arc. The N-lobe domain has structural homology with HIV virus capsid, but the binding appears to be unique to higher vertebrates.",IPR040814,"Activity-regulated cytoskeleton-associated protein, C-terminal domain", This entry represents the  C-terminal capsid-like domain of the Activity-regulated cytoskeleton-associated protein (Arc),"[^P][P]G{0,1}[^P][YFH][^P]",GPNFN,70,74,DLGP1_MOUSE,Mus musculus,25864631,true positive,11,4,ordered
ELME000534,LIG_Arc_Nlobe_1,Arc N-lobe binding ligand,LIG,"Binding motif for the N-lobe part of the C-terminal domain in Arc. The N-lobe domain has structural homology with HIV virus capsid, but the binding appears to be unique to higher vertebrates.",IPR040814,"Activity-regulated cytoskeleton-associated protein, C-terminal domain", This entry represents the  C-terminal capsid-like domain of the Activity-regulated cytoskeleton-associated protein (Arc),"[^P][P]G{0,1}[^P][YFH][^P]",GPNFN,70,74,IQEC2_MOUSE,Mus musculus,25864631,true positive,11,4,ordered
ELME000534,LIG_Arc_Nlobe_1,Arc N-lobe binding ligand,LIG,"Binding motif for the N-lobe part of the C-terminal domain in Arc. The N-lobe domain has structural homology with HIV virus capsid, but the binding appears to be unique to higher vertebrates.",IPR040814,"Activity-regulated cytoskeleton-associated protein, C-terminal domain", This entry represents the  C-terminal capsid-like domain of the Activity-regulated cytoskeleton-associated protein (Arc),"[^P][P]G{0,1}[^P][YFH][^P]",GPNFN,70,74,NMDE1_MOUSE,Mus musculus,25864631,true positive,11,4,ordered
ELME000534,LIG_Arc_Nlobe_1,Arc N-lobe binding ligand,LIG,"Binding motif for the N-lobe part of the C-terminal domain in Arc. The N-lobe domain has structural homology with HIV virus capsid, but the binding appears to be unique to higher vertebrates.",IPR040814,"Activity-regulated cytoskeleton-associated protein, C-terminal domain", This entry represents the  C-terminal capsid-like domain of the Activity-regulated cytoskeleton-associated protein (Arc),"[^P][P]G{0,1}[^P][YFH][^P]",GPNFN,70,74,NMDE1_RAT,Rattus norvegicus,31080121,true positive,11,4,ordered
ELME000534,LIG_Arc_Nlobe_1,Arc N-lobe binding ligand,LIG,"Binding motif for the N-lobe part of the C-terminal domain in Arc. The N-lobe domain has structural homology with HIV virus capsid, but the binding appears to be unique to higher vertebrates.",IPR040814,"Activity-regulated cytoskeleton-associated protein, C-terminal domain", This entry represents the  C-terminal capsid-like domain of the Activity-regulated cytoskeleton-associated protein (Arc),"[^P][P]G{0,1}[^P][YFH][^P]",GPNFN,70,74,NMDE2_RAT,Rattus norvegicus,31080121,true positive,11,4,ordered
ELME000534,LIG_Arc_Nlobe_1,Arc N-lobe binding ligand,LIG,"Binding motif for the N-lobe part of the C-terminal domain in Arc. The N-lobe domain has structural homology with HIV virus capsid, but the binding appears to be unique to higher vertebrates.",IPR040814,"Activity-regulated cytoskeleton-associated protein, C-terminal domain", This entry represents the  C-terminal capsid-like domain of the Activity-regulated cytoskeleton-associated protein (Arc),"[^P][P]G{0,1}[^P][YFH][^P]",GPNFN,70,74,WASF1_MOUSE,Mus musculus,25864631,true positive,11,4,ordered
ELME000534,LIG_Arc_Nlobe_1,Arc N-lobe binding ligand,LIG,"Binding motif for the N-lobe part of the C-terminal domain in Arc. The N-lobe domain has structural homology with HIV virus capsid, but the binding appears to be unique to higher vertebrates.",IPR040814,"Activity-regulated cytoskeleton-associated protein, C-terminal domain", This entry represents the  C-terminal capsid-like domain of the Activity-regulated cytoskeleton-associated protein (Arc),"[^P][P]G{0,1}[^P][YFH][^P]",LPKYR,297,301,CCG2_HUMAN,Homo sapiens,33732907,true positive,11,4,ordered
ELME000534,LIG_Arc_Nlobe_1,Arc N-lobe binding ligand,LIG,"Binding motif for the N-lobe part of the C-terminal domain in Arc. The N-lobe domain has structural homology with HIV virus capsid, but the binding appears to be unique to higher vertebrates.",IPR040814,"Activity-regulated cytoskeleton-associated protein, C-terminal domain", This entry represents the  C-terminal capsid-like domain of the Activity-regulated cytoskeleton-associated protein (Arc),"[^P][P]G{0,1}[^P][YFH][^P]",LPKYR,297,301,CCG2_MOUSE,Mus musculus,31080121 25864631,true positive,11,4,ordered
ELME000534,LIG_Arc_Nlobe_1,Arc N-lobe binding ligand,LIG,"Binding motif for the N-lobe part of the C-terminal domain in Arc. The N-lobe domain has structural homology with HIV virus capsid, but the binding appears to be unique to higher vertebrates.",IPR040814,"Activity-regulated cytoskeleton-associated protein, C-terminal domain", This entry represents the  C-terminal capsid-like domain of the Activity-regulated cytoskeleton-associated protein (Arc),"[^P][P]G{0,1}[^P][YFH][^P]",LPKYR,297,301,DLGP1_HUMAN,Homo sapiens,33732907,true positive,11,4,ordered
ELME000534,LIG_Arc_Nlobe_1,Arc N-lobe binding ligand,LIG,"Binding motif for the N-lobe part of the C-terminal domain in Arc. The N-lobe domain has structural homology with HIV virus capsid, but the binding appears to be unique to higher vertebrates.",IPR040814,"Activity-regulated cytoskeleton-associated protein, C-terminal domain", This entry represents the  C-terminal capsid-like domain of the Activity-regulated cytoskeleton-associated protein (Arc),"[^P][P]G{0,1}[^P][YFH][^P]",LPKYR,297,301,DLGP1_MOUSE,Mus musculus,25864631,true positive,11,4,ordered
ELME000534,LIG_Arc_Nlobe_1,Arc N-lobe binding ligand,LIG,"Binding motif for the N-lobe part of the C-terminal domain in Arc. The N-lobe domain has structural homology with HIV virus capsid, but the binding appears to be unique to higher vertebrates.",IPR040814,"Activity-regulated cytoskeleton-associated protein, C-terminal domain", This entry represents the  C-terminal capsid-like domain of the Activity-regulated cytoskeleton-associated protein (Arc),"[^P][P]G{0,1}[^P][YFH][^P]",LPKYR,297,301,IQEC2_MOUSE,Mus musculus,25864631,true positive,11,4,ordered
ELME000534,LIG_Arc_Nlobe_1,Arc N-lobe binding ligand,LIG,"Binding motif for the N-lobe part of the C-terminal domain in Arc. The N-lobe domain has structural homology with HIV virus capsid, but the binding appears to be unique to higher vertebrates.",IPR040814,"Activity-regulated cytoskeleton-associated protein, C-terminal domain", This entry represents the  C-terminal capsid-like domain of the Activity-regulated cytoskeleton-associated protein (Arc),"[^P][P]G{0,1}[^P][YFH][^P]",LPKYR,297,301,NMDE1_MOUSE,Mus musculus,25864631,true positive,11,4,ordered
ELME000534,LIG_Arc_Nlobe_1,Arc N-lobe binding ligand,LIG,"Binding motif for the N-lobe part of the C-terminal domain in Arc. The N-lobe domain has structural homology with HIV virus capsid, but the binding appears to be unique to higher vertebrates.",IPR040814,"Activity-regulated cytoskeleton-associated protein, C-terminal domain", This entry represents the  C-terminal capsid-like domain of the Activity-regulated cytoskeleton-associated protein (Arc),"[^P][P]G{0,1}[^P][YFH][^P]",LPKYR,297,301,NMDE1_RAT,Rattus norvegicus,31080121,true positive,11,4,ordered
ELME000534,LIG_Arc_Nlobe_1,Arc N-lobe binding ligand,LIG,"Binding motif for the N-lobe part of the C-terminal domain in Arc. The N-lobe domain has structural homology with HIV virus capsid, but the binding appears to be unique to higher vertebrates.",IPR040814,"Activity-regulated cytoskeleton-associated protein, C-terminal domain", This entry represents the  C-terminal capsid-like domain of the Activity-regulated cytoskeleton-associated protein (Arc),"[^P][P]G{0,1}[^P][YFH][^P]",LPKYR,297,301,NMDE2_RAT,Rattus norvegicus,31080121,true positive,11,4,ordered
ELME000534,LIG_Arc_Nlobe_1,Arc N-lobe binding ligand,LIG,"Binding motif for the N-lobe part of the C-terminal domain in Arc. The N-lobe domain has structural homology with HIV virus capsid, but the binding appears to be unique to higher vertebrates.",IPR040814,"Activity-regulated cytoskeleton-associated protein, C-terminal domain", This entry represents the  C-terminal capsid-like domain of the Activity-regulated cytoskeleton-associated protein (Arc),"[^P][P]G{0,1}[^P][YFH][^P]",LPKYR,297,301,WASF1_MOUSE,Mus musculus,25864631,true positive,11,4,ordered
ELME000534,LIG_Arc_Nlobe_1,Arc N-lobe binding ligand,LIG,"Binding motif for the N-lobe part of the C-terminal domain in Arc. The N-lobe domain has structural homology with HIV virus capsid, but the binding appears to be unique to higher vertebrates.",IPR040814,"Activity-regulated cytoskeleton-associated protein, C-terminal domain", This entry represents the  C-terminal capsid-like domain of the Activity-regulated cytoskeleton-associated protein (Arc),"[^P][P]G{0,1}[^P][YFH][^P]",VPAYI,320,324,CCG2_HUMAN,Homo sapiens,33732907,true positive,11,4,ordered
ELME000534,LIG_Arc_Nlobe_1,Arc N-lobe binding ligand,LIG,"Binding motif for the N-lobe part of the C-terminal domain in Arc. The N-lobe domain has structural homology with HIV virus capsid, but the binding appears to be unique to higher vertebrates.",IPR040814,"Activity-regulated cytoskeleton-associated protein, C-terminal domain", This entry represents the  C-terminal capsid-like domain of the Activity-regulated cytoskeleton-associated protein (Arc),"[^P][P]G{0,1}[^P][YFH][^P]",VPAYI,320,324,CCG2_MOUSE,Mus musculus,31080121 25864631,true positive,11,4,ordered
ELME000534,LIG_Arc_Nlobe_1,Arc N-lobe binding ligand,LIG,"Binding motif for the N-lobe part of the C-terminal domain in Arc. The N-lobe domain has structural homology with HIV virus capsid, but the binding appears to be unique to higher vertebrates.",IPR040814,"Activity-regulated cytoskeleton-associated protein, C-terminal domain", This entry represents the  C-terminal capsid-like domain of the Activity-regulated cytoskeleton-associated protein (Arc),"[^P][P]G{0,1}[^P][YFH][^P]",VPAYI,320,324,DLGP1_HUMAN,Homo sapiens,33732907,true positive,11,4,ordered
ELME000534,LIG_Arc_Nlobe_1,Arc N-lobe binding ligand,LIG,"Binding motif for the N-lobe part of the C-terminal domain in Arc. The N-lobe domain has structural homology with HIV virus capsid, but the binding appears to be unique to higher vertebrates.",IPR040814,"Activity-regulated cytoskeleton-associated protein, C-terminal domain", This entry represents the  C-terminal capsid-like domain of the Activity-regulated cytoskeleton-associated protein (Arc),"[^P][P]G{0,1}[^P][YFH][^P]",VPAYI,320,324,DLGP1_MOUSE,Mus musculus,25864631,true positive,11,4,ordered
ELME000534,LIG_Arc_Nlobe_1,Arc N-lobe binding ligand,LIG,"Binding motif for the N-lobe part of the C-terminal domain in Arc. The N-lobe domain has structural homology with HIV virus capsid, but the binding appears to be unique to higher vertebrates.",IPR040814,"Activity-regulated cytoskeleton-associated protein, C-terminal domain", This entry represents the  C-terminal capsid-like domain of the Activity-regulated cytoskeleton-associated protein (Arc),"[^P][P]G{0,1}[^P][YFH][^P]",VPAYI,320,324,IQEC2_MOUSE,Mus musculus,25864631,true positive,11,4,ordered
ELME000534,LIG_Arc_Nlobe_1,Arc N-lobe binding ligand,LIG,"Binding motif for the N-lobe part of the C-terminal domain in Arc. The N-lobe domain has structural homology with HIV virus capsid, but the binding appears to be unique to higher vertebrates.",IPR040814,"Activity-regulated cytoskeleton-associated protein, C-terminal domain", This entry represents the  C-terminal capsid-like domain of the Activity-regulated cytoskeleton-associated protein (Arc),"[^P][P]G{0,1}[^P][YFH][^P]",VPAYI,320,324,NMDE1_MOUSE,Mus musculus,25864631,true positive,11,4,ordered
ELME000534,LIG_Arc_Nlobe_1,Arc N-lobe binding ligand,LIG,"Binding motif for the N-lobe part of the C-terminal domain in Arc. The N-lobe domain has structural homology with HIV virus capsid, but the binding appears to be unique to higher vertebrates.",IPR040814,"Activity-regulated cytoskeleton-associated protein, C-terminal domain", This entry represents the  C-terminal capsid-like domain of the Activity-regulated cytoskeleton-associated protein (Arc),"[^P][P]G{0,1}[^P][YFH][^P]",VPAYI,320,324,NMDE1_RAT,Rattus norvegicus,31080121,true positive,11,4,ordered
ELME000534,LIG_Arc_Nlobe_1,Arc N-lobe binding ligand,LIG,"Binding motif for the N-lobe part of the C-terminal domain in Arc. The N-lobe domain has structural homology with HIV virus capsid, but the binding appears to be unique to higher vertebrates.",IPR040814,"Activity-regulated cytoskeleton-associated protein, C-terminal domain", This entry represents the  C-terminal capsid-like domain of the Activity-regulated cytoskeleton-associated protein (Arc),"[^P][P]G{0,1}[^P][YFH][^P]",VPAYI,320,324,NMDE2_RAT,Rattus norvegicus,31080121,true positive,11,4,ordered
ELME000534,LIG_Arc_Nlobe_1,Arc N-lobe binding ligand,LIG,"Binding motif for the N-lobe part of the C-terminal domain in Arc. The N-lobe domain has structural homology with HIV virus capsid, but the binding appears to be unique to higher vertebrates.",IPR040814,"Activity-regulated cytoskeleton-associated protein, C-terminal domain", This entry represents the  C-terminal capsid-like domain of the Activity-regulated cytoskeleton-associated protein (Arc),"[^P][P]G{0,1}[^P][YFH][^P]",VPAYI,320,324,WASF1_MOUSE,Mus musculus,25864631,true positive,11,4,ordered
ELME000534,LIG_Arc_Nlobe_1,Arc N-lobe binding ligand,LIG,"Binding motif for the N-lobe part of the C-terminal domain in Arc. The N-lobe domain has structural homology with HIV virus capsid, but the binding appears to be unique to higher vertebrates.",IPR040814,"Activity-regulated cytoskeleton-associated protein, C-terminal domain", This entry represents the  C-terminal capsid-like domain of the Activity-regulated cytoskeleton-associated protein (Arc),"[^P][P]G{0,1}[^P][YFH][^P]",GPTHQ,388,392,CCG2_HUMAN,Homo sapiens,33732907,true positive,11,4,disordered
ELME000534,LIG_Arc_Nlobe_1,Arc N-lobe binding ligand,LIG,"Binding motif for the N-lobe part of the C-terminal domain in Arc. The N-lobe domain has structural homology with HIV virus capsid, but the binding appears to be unique to higher vertebrates.",IPR040814,"Activity-regulated cytoskeleton-associated protein, C-terminal domain", This entry represents the  C-terminal capsid-like domain of the Activity-regulated cytoskeleton-associated protein (Arc),"[^P][P]G{0,1}[^P][YFH][^P]",GPTHQ,388,392,CCG2_MOUSE,Mus musculus,31080121 25864631,true positive,11,4,disordered
ELME000534,LIG_Arc_Nlobe_1,Arc N-lobe binding ligand,LIG,"Binding motif for the N-lobe part of the C-terminal domain in Arc. The N-lobe domain has structural homology with HIV virus capsid, but the binding appears to be unique to higher vertebrates.",IPR040814,"Activity-regulated cytoskeleton-associated protein, C-terminal domain", This entry represents the  C-terminal capsid-like domain of the Activity-regulated cytoskeleton-associated protein (Arc),"[^P][P]G{0,1}[^P][YFH][^P]",GPTHQ,388,392,DLGP1_HUMAN,Homo sapiens,33732907,true positive,11,4,disordered
ELME000534,LIG_Arc_Nlobe_1,Arc N-lobe binding ligand,LIG,"Binding motif for the N-lobe part of the C-terminal domain in Arc. The N-lobe domain has structural homology with HIV virus capsid, but the binding appears to be unique to higher vertebrates.",IPR040814,"Activity-regulated cytoskeleton-associated protein, C-terminal domain", This entry represents the  C-terminal capsid-like domain of the Activity-regulated cytoskeleton-associated protein (Arc),"[^P][P]G{0,1}[^P][YFH][^P]",GPTHQ,388,392,DLGP1_MOUSE,Mus musculus,25864631,true positive,11,4,disordered
ELME000534,LIG_Arc_Nlobe_1,Arc N-lobe binding ligand,LIG,"Binding motif for the N-lobe part of the C-terminal domain in Arc. The N-lobe domain has structural homology with HIV virus capsid, but the binding appears to be unique to higher vertebrates.",IPR040814,"Activity-regulated cytoskeleton-associated protein, C-terminal domain", This entry represents the  C-terminal capsid-like domain of the Activity-regulated cytoskeleton-associated protein (Arc),"[^P][P]G{0,1}[^P][YFH][^P]",GPTHQ,388,392,IQEC2_MOUSE,Mus musculus,25864631,true positive,11,4,disordered
ELME000534,LIG_Arc_Nlobe_1,Arc N-lobe binding ligand,LIG,"Binding motif for the N-lobe part of the C-terminal domain in Arc. The N-lobe domain has structural homology with HIV virus capsid, but the binding appears to be unique to higher vertebrates.",IPR040814,"Activity-regulated cytoskeleton-associated protein, C-terminal domain", This entry represents the  C-terminal capsid-like domain of the Activity-regulated cytoskeleton-associated protein (Arc),"[^P][P]G{0,1}[^P][YFH][^P]",GPTHQ,388,392,NMDE1_MOUSE,Mus musculus,25864631,true positive,11,4,disordered
ELME000534,LIG_Arc_Nlobe_1,Arc N-lobe binding ligand,LIG,"Binding motif for the N-lobe part of the C-terminal domain in Arc. The N-lobe domain has structural homology with HIV virus capsid, but the binding appears to be unique to higher vertebrates.",IPR040814,"Activity-regulated cytoskeleton-associated protein, C-terminal domain", This entry represents the  C-terminal capsid-like domain of the Activity-regulated cytoskeleton-associated protein (Arc),"[^P][P]G{0,1}[^P][YFH][^P]",GPTHQ,388,392,NMDE1_RAT,Rattus norvegicus,31080121,true positive,11,4,disordered
ELME000534,LIG_Arc_Nlobe_1,Arc N-lobe binding ligand,LIG,"Binding motif for the N-lobe part of the C-terminal domain in Arc. The N-lobe domain has structural homology with HIV virus capsid, but the binding appears to be unique to higher vertebrates.",IPR040814,"Activity-regulated cytoskeleton-associated protein, C-terminal domain", This entry represents the  C-terminal capsid-like domain of the Activity-regulated cytoskeleton-associated protein (Arc),"[^P][P]G{0,1}[^P][YFH][^P]",GPTHQ,388,392,NMDE2_RAT,Rattus norvegicus,31080121,true positive,11,4,disordered
ELME000534,LIG_Arc_Nlobe_1,Arc N-lobe binding ligand,LIG,"Binding motif for the N-lobe part of the C-terminal domain in Arc. The N-lobe domain has structural homology with HIV virus capsid, but the binding appears to be unique to higher vertebrates.",IPR040814,"Activity-regulated cytoskeleton-associated protein, C-terminal domain", This entry represents the  C-terminal capsid-like domain of the Activity-regulated cytoskeleton-associated protein (Arc),"[^P][P]G{0,1}[^P][YFH][^P]",GPTHQ,388,392,WASF1_MOUSE,Mus musculus,25864631,true positive,11,4,disordered
ELME000285,LIG_BIR_II_1,IAP-binding motif (IBM),,These IBMs are found in pro-apoptotic proteins and function in the abrogation of caspase inhibition by Inhibitor of Apoptosis Proteins (IAPs) in apoptotic cells. The motif binds specifically to type II BIR domains.,PF00653,BIR,Inhibitor of Apoptosis domain,"^M{0,1}[AS]...",APSY,1,4,,,,,0,0,ordered
ELME000047,LIG_Clathr_ClatBox_1,Clathrin box,LIG,"Clathrin box motif found on cargo adaptor proteins, it interacts with the beta propeller structure located at the N-terminus of Clathrin heavy chain.",PF01394,Clathrin_propel,Clathrin propeller repeat,L[IVLMF].[IVLMF][DE],LITVD,358,362,AMPH_HUMAN,Homo sapiens,10748223,true positive,18,3,disordered
ELME000047,LIG_Clathr_ClatBox_1,Clathrin box,LIG,"Clathrin box motif found on cargo adaptor proteins, it interacts with the beta propeller structure located at the N-terminus of Clathrin heavy chain.",PF01394,Clathrin_propel,Clathrin propeller repeat,L[IVLMF].[IVLMF][DE],LITVD,358,362,AP1B1_HUMAN,Homo sapiens,10655490,true positive,18,3,disordered
ELME000047,LIG_Clathr_ClatBox_1,Clathrin box,LIG,"Clathrin box motif found on cargo adaptor proteins, it interacts with the beta propeller structure located at the N-terminus of Clathrin heavy chain.",PF01394,Clathrin_propel,Clathrin propeller repeat,L[IVLMF].[IVLMF][DE],LITVD,358,362,AP2B1_BOVIN,Bos taurus,10655490,true positive,18,3,disordered
ELME000047,LIG_Clathr_ClatBox_1,Clathrin box,LIG,"Clathrin box motif found on cargo adaptor proteins, it interacts with the beta propeller structure located at the N-terminus of Clathrin heavy chain.",PF01394,Clathrin_propel,Clathrin propeller repeat,L[IVLMF].[IVLMF][DE],LITVD,358,362,AP3B1_HUMAN,Homo sapiens,10655490,true positive,18,3,disordered
ELME000047,LIG_Clathr_ClatBox_1,Clathrin box,LIG,"Clathrin box motif found on cargo adaptor proteins, it interacts with the beta propeller structure located at the N-terminus of Clathrin heavy chain.",PF01394,Clathrin_propel,Clathrin propeller repeat,L[IVLMF].[IVLMF][DE],LITVD,358,362,AP3B2_HUMAN,Homo sapiens,9545220,true positive,18,3,disordered
ELME000047,LIG_Clathr_ClatBox_1,Clathrin box,LIG,"Clathrin box motif found on cargo adaptor proteins, it interacts with the beta propeller structure located at the N-terminus of Clathrin heavy chain.",PF01394,Clathrin_propel,Clathrin propeller repeat,L[IVLMF].[IVLMF][DE],LITVD,358,362,ARRB1_BOVIN,Bos taurus,10655490,true positive,18,3,disordered
ELME000047,LIG_Clathr_ClatBox_1,Clathrin box,LIG,"Clathrin box motif found on cargo adaptor proteins, it interacts with the beta propeller structure located at the N-terminus of Clathrin heavy chain.",PF01394,Clathrin_propel,Clathrin propeller repeat,L[IVLMF].[IVLMF][DE],LITVD,358,362,ARRB2_BOVIN,Bos taurus,10655490,true positive,18,3,disordered
ELME000047,LIG_Clathr_ClatBox_1,Clathrin box,LIG,"Clathrin box motif found on cargo adaptor proteins, it interacts with the beta propeller structure located at the N-terminus of Clathrin heavy chain.",PF01394,Clathrin_propel,Clathrin propeller repeat,L[IVLMF].[IVLMF][DE],LITVD,358,362,ARRB2_MOUSE,Mus musculus,9169476,true positive,18,3,disordered
ELME000047,LIG_Clathr_ClatBox_1,Clathrin box,LIG,"Clathrin box motif found on cargo adaptor proteins, it interacts with the beta propeller structure located at the N-terminus of Clathrin heavy chain.",PF01394,Clathrin_propel,Clathrin propeller repeat,L[IVLMF].[IVLMF][DE],LITVD,358,362,AUXI_BOVIN,Bos taurus,14757058,true positive,18,3,disordered
ELME000047,LIG_Clathr_ClatBox_1,Clathrin box,LIG,"Clathrin box motif found on cargo adaptor proteins, it interacts with the beta propeller structure located at the N-terminus of Clathrin heavy chain.",PF01394,Clathrin_propel,Clathrin propeller repeat,L[IVLMF].[IVLMF][DE],LITVD,358,362,BIN1_HUMAN,Homo sapiens,9603201,true positive,18,3,disordered
ELME000047,LIG_Clathr_ClatBox_1,Clathrin box,LIG,"Clathrin box motif found on cargo adaptor proteins, it interacts with the beta propeller structure located at the N-terminus of Clathrin heavy chain.",PF01394,Clathrin_propel,Clathrin propeller repeat,L[IVLMF].[IVLMF][DE],LITVD,358,362,EPN1_RAT,Rattus norvegicus,10692452,true positive,18,3,disordered
ELME000047,LIG_Clathr_ClatBox_1,Clathrin box,LIG,"Clathrin box motif found on cargo adaptor proteins, it interacts with the beta propeller structure located at the N-terminus of Clathrin heavy chain.",PF01394,Clathrin_propel,Clathrin propeller repeat,L[IVLMF].[IVLMF][DE],LITVD,358,362,GGA2_HUMAN,Homo sapiens,11301005,true positive,18,3,disordered
ELME000047,LIG_Clathr_ClatBox_1,Clathrin box,LIG,"Clathrin box motif found on cargo adaptor proteins, it interacts with the beta propeller structure located at the N-terminus of Clathrin heavy chain.",PF01394,Clathrin_propel,Clathrin propeller repeat,L[IVLMF].[IVLMF][DE],LITVD,358,362,HIP1_HUMAN,Homo sapiens,11577110 11517213,true positive,18,3,disordered
ELME000047,LIG_Clathr_ClatBox_1,Clathrin box,LIG,"Clathrin box motif found on cargo adaptor proteins, it interacts with the beta propeller structure located at the N-terminus of Clathrin heavy chain.",PF01394,Clathrin_propel,Clathrin propeller repeat,L[IVLMF].[IVLMF][DE],LITVD,358,362,SMAP1_MOUSE,Mus musculus,15659652,true positive,18,3,disordered
ELME000052,LIG_FHA_1,FHA phosphopeptide ligands,LIG,Phosphothreonine motif binding a subset of FHA domains that show a preference for a large aliphatic amino acid at the pT+3 position.,PF00498,FHA,FHA domain,..(T)..[ILV].,TATEGVI,13,19,CHK2_HUMAN,Homo sapiens,12049740,true positive,6,3,ordered
ELME000052,LIG_FHA_1,FHA phosphopeptide ligands,LIG,Phosphothreonine motif binding a subset of FHA domains that show a preference for a large aliphatic amino acid at the pT+3 position.,PF00498,FHA,FHA domain,..(T)..[ILV].,TATEGVI,13,19,CLV1_ARATH,Arabidopsis thaliana,16042389,true positive,6,3,ordered
ELME000052,LIG_FHA_1,FHA phosphopeptide ligands,LIG,Phosphothreonine motif binding a subset of FHA domains that show a preference for a large aliphatic amino acid at the pT+3 position.,PF00498,FHA,FHA domain,..(T)..[ILV].,TATEGVI,13,19,GARA_MYCTU,Mycobacterium tuberculosis H37Rv,19318624,true positive,6,3,ordered
ELME000052,LIG_FHA_1,FHA phosphopeptide ligands,LIG,Phosphothreonine motif binding a subset of FHA domains that show a preference for a large aliphatic amino acid at the pT+3 position.,PF00498,FHA,FHA domain,..(T)..[ILV].,TATEGVI,13,19,ODHI_CORGL,Corynebacterium glutamicum ATCC 13032,16522631,true positive,6,3,ordered
ELME000052,LIG_FHA_1,FHA phosphopeptide ligands,LIG,Phosphothreonine motif binding a subset of FHA domains that show a preference for a large aliphatic amino acid at the pT+3 position.,PF00498,FHA,FHA domain,..(T)..[ILV].,TATEGVI,13,19,PIN4_YEAST,Saccharomyces cerevisiae,15024067 16231900,true positive,6,3,ordered
ELME000052,LIG_FHA_1,FHA phosphopeptide ligands,LIG,Phosphothreonine motif binding a subset of FHA domains that show a preference for a large aliphatic amino acid at the pT+3 position.,PF00498,FHA,FHA domain,..(T)..[ILV].,TATEGVI,13,19,RAD9_YEAST,Saccharomyces cerevisiae,11846568,true positive,6,3,ordered
ELME000052,LIG_FHA_1,FHA phosphopeptide ligands,LIG,Phosphothreonine motif binding a subset of FHA domains that show a preference for a large aliphatic amino acid at the pT+3 position.,PF00498,FHA,FHA domain,..(T)..[ILV].,RLTQSLN,120,126,CHK2_HUMAN,Homo sapiens,12049740,true positive,6,3,ordered
ELME000052,LIG_FHA_1,FHA phosphopeptide ligands,LIG,Phosphothreonine motif binding a subset of FHA domains that show a preference for a large aliphatic amino acid at the pT+3 position.,PF00498,FHA,FHA domain,..(T)..[ILV].,RLTQSLN,120,126,CLV1_ARATH,Arabidopsis thaliana,16042389,true positive,6,3,ordered
ELME000052,LIG_FHA_1,FHA phosphopeptide ligands,LIG,Phosphothreonine motif binding a subset of FHA domains that show a preference for a large aliphatic amino acid at the pT+3 position.,PF00498,FHA,FHA domain,..(T)..[ILV].,RLTQSLN,120,126,GARA_MYCTU,Mycobacterium tuberculosis H37Rv,19318624,true positive,6,3,ordered
ELME000052,LIG_FHA_1,FHA phosphopeptide ligands,LIG,Phosphothreonine motif binding a subset of FHA domains that show a preference for a large aliphatic amino acid at the pT+3 position.,PF00498,FHA,FHA domain,..(T)..[ILV].,RLTQSLN,120,126,ODHI_CORGL,Corynebacterium glutamicum ATCC 13032,16522631,true positive,6,3,ordered
ELME000052,LIG_FHA_1,FHA phosphopeptide ligands,LIG,Phosphothreonine motif binding a subset of FHA domains that show a preference for a large aliphatic amino acid at the pT+3 position.,PF00498,FHA,FHA domain,..(T)..[ILV].,RLTQSLN,120,126,PIN4_YEAST,Saccharomyces cerevisiae,15024067 16231900,true positive,6,3,ordered
ELME000052,LIG_FHA_1,FHA phosphopeptide ligands,LIG,Phosphothreonine motif binding a subset of FHA domains that show a preference for a large aliphatic amino acid at the pT+3 position.,PF00498,FHA,FHA domain,..(T)..[ILV].,RLTQSLN,120,126,RAD9_YEAST,Saccharomyces cerevisiae,11846568,true positive,6,3,ordered
ELME000052,LIG_FHA_1,FHA phosphopeptide ligands,LIG,Phosphothreonine motif binding a subset of FHA domains that show a preference for a large aliphatic amino acid at the pT+3 position.,PF00498,FHA,FHA domain,..(T)..[ILV].,VETPPVE,331,337,CHK2_HUMAN,Homo sapiens,12049740,true positive,6,3,disordered
ELME000052,LIG_FHA_1,FHA phosphopeptide ligands,LIG,Phosphothreonine motif binding a subset of FHA domains that show a preference for a large aliphatic amino acid at the pT+3 position.,PF00498,FHA,FHA domain,..(T)..[ILV].,VETPPVE,331,337,CLV1_ARATH,Arabidopsis thaliana,16042389,true positive,6,3,disordered
ELME000052,LIG_FHA_1,FHA phosphopeptide ligands,LIG,Phosphothreonine motif binding a subset of FHA domains that show a preference for a large aliphatic amino acid at the pT+3 position.,PF00498,FHA,FHA domain,..(T)..[ILV].,VETPPVE,331,337,GARA_MYCTU,Mycobacterium tuberculosis H37Rv,19318624,true positive,6,3,disordered
ELME000052,LIG_FHA_1,FHA phosphopeptide ligands,LIG,Phosphothreonine motif binding a subset of FHA domains that show a preference for a large aliphatic amino acid at the pT+3 position.,PF00498,FHA,FHA domain,..(T)..[ILV].,VETPPVE,331,337,ODHI_CORGL,Corynebacterium glutamicum ATCC 13032,16522631,true positive,6,3,disordered
ELME000052,LIG_FHA_1,FHA phosphopeptide ligands,LIG,Phosphothreonine motif binding a subset of FHA domains that show a preference for a large aliphatic amino acid at the pT+3 position.,PF00498,FHA,FHA domain,..(T)..[ILV].,VETPPVE,331,337,PIN4_YEAST,Saccharomyces cerevisiae,15024067 16231900,true positive,6,3,disordered
ELME000052,LIG_FHA_1,FHA phosphopeptide ligands,LIG,Phosphothreonine motif binding a subset of FHA domains that show a preference for a large aliphatic amino acid at the pT+3 position.,PF00498,FHA,FHA domain,..(T)..[ILV].,VETPPVE,331,337,RAD9_YEAST,Saccharomyces cerevisiae,11846568,true positive,6,3,disordered
ELME000052,LIG_FHA_1,FHA phosphopeptide ligands,LIG,Phosphothreonine motif binding a subset of FHA domains that show a preference for a large aliphatic amino acid at the pT+3 position.,PF00498,FHA,FHA domain,..(T)..[ILV].,GPTHQVL,388,394,CHK2_HUMAN,Homo sapiens,12049740,true positive,6,3,disordered
ELME000052,LIG_FHA_1,FHA phosphopeptide ligands,LIG,Phosphothreonine motif binding a subset of FHA domains that show a preference for a large aliphatic amino acid at the pT+3 position.,PF00498,FHA,FHA domain,..(T)..[ILV].,GPTHQVL,388,394,CLV1_ARATH,Arabidopsis thaliana,16042389,true positive,6,3,disordered
ELME000052,LIG_FHA_1,FHA phosphopeptide ligands,LIG,Phosphothreonine motif binding a subset of FHA domains that show a preference for a large aliphatic amino acid at the pT+3 position.,PF00498,FHA,FHA domain,..(T)..[ILV].,GPTHQVL,388,394,GARA_MYCTU,Mycobacterium tuberculosis H37Rv,19318624,true positive,6,3,disordered
ELME000052,LIG_FHA_1,FHA phosphopeptide ligands,LIG,Phosphothreonine motif binding a subset of FHA domains that show a preference for a large aliphatic amino acid at the pT+3 position.,PF00498,FHA,FHA domain,..(T)..[ILV].,GPTHQVL,388,394,ODHI_CORGL,Corynebacterium glutamicum ATCC 13032,16522631,true positive,6,3,disordered
ELME000052,LIG_FHA_1,FHA phosphopeptide ligands,LIG,Phosphothreonine motif binding a subset of FHA domains that show a preference for a large aliphatic amino acid at the pT+3 position.,PF00498,FHA,FHA domain,..(T)..[ILV].,GPTHQVL,388,394,PIN4_YEAST,Saccharomyces cerevisiae,15024067 16231900,true positive,6,3,disordered
ELME000052,LIG_FHA_1,FHA phosphopeptide ligands,LIG,Phosphothreonine motif binding a subset of FHA domains that show a preference for a large aliphatic amino acid at the pT+3 position.,PF00498,FHA,FHA domain,..(T)..[ILV].,GPTHQVL,388,394,RAD9_YEAST,Saccharomyces cerevisiae,11846568,true positive,6,3,disordered
ELME000052,LIG_FHA_1,FHA phosphopeptide ligands,LIG,Phosphothreonine motif binding a subset of FHA domains that show a preference for a large aliphatic amino acid at the pT+3 position.,PF00498,FHA,FHA domain,..(T)..[ILV].,TRTPSLA,475,481,CHK2_HUMAN,Homo sapiens,12049740,true positive,6,3,disordered
ELME000052,LIG_FHA_1,FHA phosphopeptide ligands,LIG,Phosphothreonine motif binding a subset of FHA domains that show a preference for a large aliphatic amino acid at the pT+3 position.,PF00498,FHA,FHA domain,..(T)..[ILV].,TRTPSLA,475,481,CLV1_ARATH,Arabidopsis thaliana,16042389,true positive,6,3,disordered
ELME000052,LIG_FHA_1,FHA phosphopeptide ligands,LIG,Phosphothreonine motif binding a subset of FHA domains that show a preference for a large aliphatic amino acid at the pT+3 position.,PF00498,FHA,FHA domain,..(T)..[ILV].,TRTPSLA,475,481,GARA_MYCTU,Mycobacterium tuberculosis H37Rv,19318624,true positive,6,3,disordered
ELME000052,LIG_FHA_1,FHA phosphopeptide ligands,LIG,Phosphothreonine motif binding a subset of FHA domains that show a preference for a large aliphatic amino acid at the pT+3 position.,PF00498,FHA,FHA domain,..(T)..[ILV].,TRTPSLA,475,481,ODHI_CORGL,Corynebacterium glutamicum ATCC 13032,16522631,true positive,6,3,disordered
ELME000052,LIG_FHA_1,FHA phosphopeptide ligands,LIG,Phosphothreonine motif binding a subset of FHA domains that show a preference for a large aliphatic amino acid at the pT+3 position.,PF00498,FHA,FHA domain,..(T)..[ILV].,TRTPSLA,475,481,PIN4_YEAST,Saccharomyces cerevisiae,15024067 16231900,true positive,6,3,disordered
ELME000052,LIG_FHA_1,FHA phosphopeptide ligands,LIG,Phosphothreonine motif binding a subset of FHA domains that show a preference for a large aliphatic amino acid at the pT+3 position.,PF00498,FHA,FHA domain,..(T)..[ILV].,TRTPSLA,475,481,RAD9_YEAST,Saccharomyces cerevisiae,11846568,true positive,6,3,disordered
ELME000052,LIG_FHA_1,FHA phosphopeptide ligands,LIG,Phosphothreonine motif binding a subset of FHA domains that show a preference for a large aliphatic amino acid at the pT+3 position.,PF00498,FHA,FHA domain,..(T)..[ILV].,SRTSLVS,520,526,CHK2_HUMAN,Homo sapiens,12049740,true positive,6,3,disordered
ELME000052,LIG_FHA_1,FHA phosphopeptide ligands,LIG,Phosphothreonine motif binding a subset of FHA domains that show a preference for a large aliphatic amino acid at the pT+3 position.,PF00498,FHA,FHA domain,..(T)..[ILV].,SRTSLVS,520,526,CLV1_ARATH,Arabidopsis thaliana,16042389,true positive,6,3,disordered
ELME000052,LIG_FHA_1,FHA phosphopeptide ligands,LIG,Phosphothreonine motif binding a subset of FHA domains that show a preference for a large aliphatic amino acid at the pT+3 position.,PF00498,FHA,FHA domain,..(T)..[ILV].,SRTSLVS,520,526,GARA_MYCTU,Mycobacterium tuberculosis H37Rv,19318624,true positive,6,3,disordered
ELME000052,LIG_FHA_1,FHA phosphopeptide ligands,LIG,Phosphothreonine motif binding a subset of FHA domains that show a preference for a large aliphatic amino acid at the pT+3 position.,PF00498,FHA,FHA domain,..(T)..[ILV].,SRTSLVS,520,526,ODHI_CORGL,Corynebacterium glutamicum ATCC 13032,16522631,true positive,6,3,disordered
ELME000052,LIG_FHA_1,FHA phosphopeptide ligands,LIG,Phosphothreonine motif binding a subset of FHA domains that show a preference for a large aliphatic amino acid at the pT+3 position.,PF00498,FHA,FHA domain,..(T)..[ILV].,SRTSLVS,520,526,PIN4_YEAST,Saccharomyces cerevisiae,15024067 16231900,true positive,6,3,disordered
ELME000052,LIG_FHA_1,FHA phosphopeptide ligands,LIG,Phosphothreonine motif binding a subset of FHA domains that show a preference for a large aliphatic amino acid at the pT+3 position.,PF00498,FHA,FHA domain,..(T)..[ILV].,SRTSLVS,520,526,RAD9_YEAST,Saccharomyces cerevisiae,11846568,true positive,6,3,disordered
ELME000220,LIG_FHA_2,FHA phosphopeptide ligands,LIG,Phosphothreonine motif binding a subset of FHA domains that have a preference for an acidic amino acid at the pT+3 position.,PF00498,FHA,FHA domain,..(T)..[DE].,IATATEG,11,17,MRC1_SCHPO,Schizosaccharomyces pombe,14585996,true positive,6,2,ordered
ELME000220,LIG_FHA_2,FHA phosphopeptide ligands,LIG,Phosphothreonine motif binding a subset of FHA domains that have a preference for an acidic amino acid at the pT+3 position.,PF00498,FHA,FHA domain,..(T)..[DE].,IATATEG,11,17,RAD9_YEAST,Saccharomyces cerevisiae,11846567,true positive,6,2,ordered
ELME000220,LIG_FHA_2,FHA phosphopeptide ligands,LIG,Phosphothreonine motif binding a subset of FHA domains that have a preference for an acidic amino acid at the pT+3 position.,PF00498,FHA,FHA domain,..(T)..[DE].,IATATEG,11,17,XRCC1_HUMAN,Homo sapiens,15367657,true positive,6,2,ordered
ELME000220,LIG_FHA_2,FHA phosphopeptide ligands,LIG,Phosphothreonine motif binding a subset of FHA domains that have a preference for an acidic amino acid at the pT+3 position.,PF00498,FHA,FHA domain,..(T)..[DE].,IATATEG,11,17,XRCC4_HUMAN,Homo sapiens,15385968,true positive,6,2,ordered
ELME000220,LIG_FHA_2,FHA phosphopeptide ligands,LIG,Phosphothreonine motif binding a subset of FHA domains that have a preference for an acidic amino acid at the pT+3 position.,PF00498,FHA,FHA domain,..(T)..[DE].,IATATEG,11,17,XRCC4_MOUSE,Mus musculus,15749016,true positive,6,2,ordered
ELME000220,LIG_FHA_2,FHA phosphopeptide ligands,LIG,Phosphothreonine motif binding a subset of FHA domains that have a preference for an acidic amino acid at the pT+3 position.,PF00498,FHA,FHA domain,..(T)..[DE].,LLTALDT,128,134,MRC1_SCHPO,Schizosaccharomyces pombe,14585996,true positive,6,2,ordered
ELME000220,LIG_FHA_2,FHA phosphopeptide ligands,LIG,Phosphothreonine motif binding a subset of FHA domains that have a preference for an acidic amino acid at the pT+3 position.,PF00498,FHA,FHA domain,..(T)..[DE].,LLTALDT,128,134,RAD9_YEAST,Saccharomyces cerevisiae,11846567,true positive,6,2,ordered
ELME000220,LIG_FHA_2,FHA phosphopeptide ligands,LIG,Phosphothreonine motif binding a subset of FHA domains that have a preference for an acidic amino acid at the pT+3 position.,PF00498,FHA,FHA domain,..(T)..[DE].,LLTALDT,128,134,XRCC1_HUMAN,Homo sapiens,15367657,true positive,6,2,ordered
ELME000220,LIG_FHA_2,FHA phosphopeptide ligands,LIG,Phosphothreonine motif binding a subset of FHA domains that have a preference for an acidic amino acid at the pT+3 position.,PF00498,FHA,FHA domain,..(T)..[DE].,LLTALDT,128,134,XRCC4_HUMAN,Homo sapiens,15385968,true positive,6,2,ordered
ELME000220,LIG_FHA_2,FHA phosphopeptide ligands,LIG,Phosphothreonine motif binding a subset of FHA domains that have a preference for an acidic amino acid at the pT+3 position.,PF00498,FHA,FHA domain,..(T)..[DE].,LLTALDT,128,134,XRCC4_MOUSE,Mus musculus,15749016,true positive,6,2,ordered
ELME000220,LIG_FHA_2,FHA phosphopeptide ligands,LIG,Phosphothreonine motif binding a subset of FHA domains that have a preference for an acidic amino acid at the pT+3 position.,PF00498,FHA,FHA domain,..(T)..[DE].,DTTDADV,133,139,MRC1_SCHPO,Schizosaccharomyces pombe,14585996,true positive,6,2,ordered
ELME000220,LIG_FHA_2,FHA phosphopeptide ligands,LIG,Phosphothreonine motif binding a subset of FHA domains that have a preference for an acidic amino acid at the pT+3 position.,PF00498,FHA,FHA domain,..(T)..[DE].,DTTDADV,133,139,RAD9_YEAST,Saccharomyces cerevisiae,11846567,true positive,6,2,ordered
ELME000220,LIG_FHA_2,FHA phosphopeptide ligands,LIG,Phosphothreonine motif binding a subset of FHA domains that have a preference for an acidic amino acid at the pT+3 position.,PF00498,FHA,FHA domain,..(T)..[DE].,DTTDADV,133,139,XRCC1_HUMAN,Homo sapiens,15367657,true positive,6,2,ordered
ELME000220,LIG_FHA_2,FHA phosphopeptide ligands,LIG,Phosphothreonine motif binding a subset of FHA domains that have a preference for an acidic amino acid at the pT+3 position.,PF00498,FHA,FHA domain,..(T)..[DE].,DTTDADV,133,139,XRCC4_HUMAN,Homo sapiens,15385968,true positive,6,2,ordered
ELME000220,LIG_FHA_2,FHA phosphopeptide ligands,LIG,Phosphothreonine motif binding a subset of FHA domains that have a preference for an acidic amino acid at the pT+3 position.,PF00498,FHA,FHA domain,..(T)..[DE].,DTTDADV,133,139,XRCC4_MOUSE,Mus musculus,15749016,true positive,6,2,ordered
ELME000220,LIG_FHA_2,FHA phosphopeptide ligands,LIG,Phosphothreonine motif binding a subset of FHA domains that have a preference for an acidic amino acid at the pT+3 position.,PF00498,FHA,FHA domain,..(T)..[DE].,EMTLKEA,149,155,MRC1_SCHPO,Schizosaccharomyces pombe,14585996,true positive,6,2,ordered
ELME000220,LIG_FHA_2,FHA phosphopeptide ligands,LIG,Phosphothreonine motif binding a subset of FHA domains that have a preference for an acidic amino acid at the pT+3 position.,PF00498,FHA,FHA domain,..(T)..[DE].,EMTLKEA,149,155,RAD9_YEAST,Saccharomyces cerevisiae,11846567,true positive,6,2,ordered
ELME000220,LIG_FHA_2,FHA phosphopeptide ligands,LIG,Phosphothreonine motif binding a subset of FHA domains that have a preference for an acidic amino acid at the pT+3 position.,PF00498,FHA,FHA domain,..(T)..[DE].,EMTLKEA,149,155,XRCC1_HUMAN,Homo sapiens,15367657,true positive,6,2,ordered
ELME000220,LIG_FHA_2,FHA phosphopeptide ligands,LIG,Phosphothreonine motif binding a subset of FHA domains that have a preference for an acidic amino acid at the pT+3 position.,PF00498,FHA,FHA domain,..(T)..[DE].,EMTLKEA,149,155,XRCC4_HUMAN,Homo sapiens,15385968,true positive,6,2,ordered
ELME000220,LIG_FHA_2,FHA phosphopeptide ligands,LIG,Phosphothreonine motif binding a subset of FHA domains that have a preference for an acidic amino acid at the pT+3 position.,PF00498,FHA,FHA domain,..(T)..[DE].,EMTLKEA,149,155,XRCC4_MOUSE,Mus musculus,15749016,true positive,6,2,ordered
ELME000220,LIG_FHA_2,FHA phosphopeptide ligands,LIG,Phosphothreonine motif binding a subset of FHA domains that have a preference for an acidic amino acid at the pT+3 position.,PF00498,FHA,FHA domain,..(T)..[DE].,SVTEPDA,172,178,MRC1_SCHPO,Schizosaccharomyces pombe,14585996,true positive,6,2,inbetween
ELME000220,LIG_FHA_2,FHA phosphopeptide ligands,LIG,Phosphothreonine motif binding a subset of FHA domains that have a preference for an acidic amino acid at the pT+3 position.,PF00498,FHA,FHA domain,..(T)..[DE].,SVTEPDA,172,178,RAD9_YEAST,Saccharomyces cerevisiae,11846567,true positive,6,2,inbetween
ELME000220,LIG_FHA_2,FHA phosphopeptide ligands,LIG,Phosphothreonine motif binding a subset of FHA domains that have a preference for an acidic amino acid at the pT+3 position.,PF00498,FHA,FHA domain,..(T)..[DE].,SVTEPDA,172,178,XRCC1_HUMAN,Homo sapiens,15367657,true positive,6,2,inbetween
ELME000220,LIG_FHA_2,FHA phosphopeptide ligands,LIG,Phosphothreonine motif binding a subset of FHA domains that have a preference for an acidic amino acid at the pT+3 position.,PF00498,FHA,FHA domain,..(T)..[DE].,SVTEPDA,172,178,XRCC4_HUMAN,Homo sapiens,15385968,true positive,6,2,inbetween
ELME000220,LIG_FHA_2,FHA phosphopeptide ligands,LIG,Phosphothreonine motif binding a subset of FHA domains that have a preference for an acidic amino acid at the pT+3 position.,PF00498,FHA,FHA domain,..(T)..[DE].,SVTEPDA,172,178,XRCC4_MOUSE,Mus musculus,15749016,true positive,6,2,inbetween
ELME000220,LIG_FHA_2,FHA phosphopeptide ligands,LIG,Phosphothreonine motif binding a subset of FHA domains that have a preference for an acidic amino acid at the pT+3 position.,PF00498,FHA,FHA domain,..(T)..[DE].,LITVDET,358,364,MRC1_SCHPO,Schizosaccharomyces pombe,14585996,true positive,6,2,disordered
ELME000220,LIG_FHA_2,FHA phosphopeptide ligands,LIG,Phosphothreonine motif binding a subset of FHA domains that have a preference for an acidic amino acid at the pT+3 position.,PF00498,FHA,FHA domain,..(T)..[DE].,LITVDET,358,364,RAD9_YEAST,Saccharomyces cerevisiae,11846567,true positive,6,2,disordered
ELME000220,LIG_FHA_2,FHA phosphopeptide ligands,LIG,Phosphothreonine motif binding a subset of FHA domains that have a preference for an acidic amino acid at the pT+3 position.,PF00498,FHA,FHA domain,..(T)..[DE].,LITVDET,358,364,XRCC1_HUMAN,Homo sapiens,15367657,true positive,6,2,disordered
ELME000220,LIG_FHA_2,FHA phosphopeptide ligands,LIG,Phosphothreonine motif binding a subset of FHA domains that have a preference for an acidic amino acid at the pT+3 position.,PF00498,FHA,FHA domain,..(T)..[DE].,LITVDET,358,364,XRCC4_HUMAN,Homo sapiens,15385968,true positive,6,2,disordered
ELME000220,LIG_FHA_2,FHA phosphopeptide ligands,LIG,Phosphothreonine motif binding a subset of FHA domains that have a preference for an acidic amino acid at the pT+3 position.,PF00498,FHA,FHA domain,..(T)..[DE].,LITVDET,358,364,XRCC4_MOUSE,Mus musculus,15749016,true positive,6,2,disordered
ELME000220,LIG_FHA_2,FHA phosphopeptide ligands,LIG,Phosphothreonine motif binding a subset of FHA domains that have a preference for an acidic amino acid at the pT+3 position.,PF00498,FHA,FHA domain,..(T)..[DE].,SVTSEEA,433,439,MRC1_SCHPO,Schizosaccharomyces pombe,14585996,true positive,6,2,disordered
ELME000220,LIG_FHA_2,FHA phosphopeptide ligands,LIG,Phosphothreonine motif binding a subset of FHA domains that have a preference for an acidic amino acid at the pT+3 position.,PF00498,FHA,FHA domain,..(T)..[DE].,SVTSEEA,433,439,RAD9_YEAST,Saccharomyces cerevisiae,11846567,true positive,6,2,disordered
ELME000220,LIG_FHA_2,FHA phosphopeptide ligands,LIG,Phosphothreonine motif binding a subset of FHA domains that have a preference for an acidic amino acid at the pT+3 position.,PF00498,FHA,FHA domain,..(T)..[DE].,SVTSEEA,433,439,XRCC1_HUMAN,Homo sapiens,15367657,true positive,6,2,disordered
ELME000220,LIG_FHA_2,FHA phosphopeptide ligands,LIG,Phosphothreonine motif binding a subset of FHA domains that have a preference for an acidic amino acid at the pT+3 position.,PF00498,FHA,FHA domain,..(T)..[DE].,SVTSEEA,433,439,XRCC4_HUMAN,Homo sapiens,15385968,true positive,6,2,disordered
ELME000220,LIG_FHA_2,FHA phosphopeptide ligands,LIG,Phosphothreonine motif binding a subset of FHA domains that have a preference for an acidic amino acid at the pT+3 position.,PF00498,FHA,FHA domain,..(T)..[DE].,SVTSEEA,433,439,XRCC4_MOUSE,Mus musculus,15749016,true positive,6,2,disordered
ELME000220,LIG_FHA_2,FHA phosphopeptide ligands,LIG,Phosphothreonine motif binding a subset of FHA domains that have a preference for an acidic amino acid at the pT+3 position.,PF00498,FHA,FHA domain,..(T)..[DE].,VITREEL,500,506,MRC1_SCHPO,Schizosaccharomyces pombe,14585996,true positive,6,2,disordered
ELME000220,LIG_FHA_2,FHA phosphopeptide ligands,LIG,Phosphothreonine motif binding a subset of FHA domains that have a preference for an acidic amino acid at the pT+3 position.,PF00498,FHA,FHA domain,..(T)..[DE].,VITREEL,500,506,RAD9_YEAST,Saccharomyces cerevisiae,11846567,true positive,6,2,disordered
ELME000220,LIG_FHA_2,FHA phosphopeptide ligands,LIG,Phosphothreonine motif binding a subset of FHA domains that have a preference for an acidic amino acid at the pT+3 position.,PF00498,FHA,FHA domain,..(T)..[DE].,VITREEL,500,506,XRCC1_HUMAN,Homo sapiens,15367657,true positive,6,2,disordered
ELME000220,LIG_FHA_2,FHA phosphopeptide ligands,LIG,Phosphothreonine motif binding a subset of FHA domains that have a preference for an acidic amino acid at the pT+3 position.,PF00498,FHA,FHA domain,..(T)..[DE].,VITREEL,500,506,XRCC4_HUMAN,Homo sapiens,15385968,true positive,6,2,disordered
ELME000220,LIG_FHA_2,FHA phosphopeptide ligands,LIG,Phosphothreonine motif binding a subset of FHA domains that have a preference for an acidic amino acid at the pT+3 position.,PF00498,FHA,FHA domain,..(T)..[DE].,VITREEL,500,506,XRCC4_MOUSE,Mus musculus,15749016,true positive,6,2,disordered
ELME000220,LIG_FHA_2,FHA phosphopeptide ligands,LIG,Phosphothreonine motif binding a subset of FHA domains that have a preference for an acidic amino acid at the pT+3 position.,PF00498,FHA,FHA domain,..(T)..[DE].,VITREEF,534,540,MRC1_SCHPO,Schizosaccharomyces pombe,14585996,true positive,6,2,inbetween
ELME000220,LIG_FHA_2,FHA phosphopeptide ligands,LIG,Phosphothreonine motif binding a subset of FHA domains that have a preference for an acidic amino acid at the pT+3 position.,PF00498,FHA,FHA domain,..(T)..[DE].,VITREEF,534,540,RAD9_YEAST,Saccharomyces cerevisiae,11846567,true positive,6,2,inbetween
ELME000220,LIG_FHA_2,FHA phosphopeptide ligands,LIG,Phosphothreonine motif binding a subset of FHA domains that have a preference for an acidic amino acid at the pT+3 position.,PF00498,FHA,FHA domain,..(T)..[DE].,VITREEF,534,540,XRCC1_HUMAN,Homo sapiens,15367657,true positive,6,2,inbetween
ELME000220,LIG_FHA_2,FHA phosphopeptide ligands,LIG,Phosphothreonine motif binding a subset of FHA domains that have a preference for an acidic amino acid at the pT+3 position.,PF00498,FHA,FHA domain,..(T)..[DE].,VITREEF,534,540,XRCC4_HUMAN,Homo sapiens,15385968,true positive,6,2,inbetween
ELME000220,LIG_FHA_2,FHA phosphopeptide ligands,LIG,Phosphothreonine motif binding a subset of FHA domains that have a preference for an acidic amino acid at the pT+3 position.,PF00498,FHA,FHA domain,..(T)..[DE].,VITREEF,534,540,XRCC4_MOUSE,Mus musculus,15749016,true positive,6,2,inbetween
ELME000094,LIG_Integrin_RGD_1,Integrin RGD-type binding sites,LIG,The RGD motif can be found in many extracellular proteins and  is recognized by different members of the integrin family. The structure of the tenth type III module of fibronectin shows that the RGD motif lies on an exposed flexible loop.,PF00362,Integrin_beta,"Integrin, beta chain",RGD,RGD,8,10,CAPSP_ADE02,Human adenovirus 2,8350395,true positive,25,2,ordered
ELME000094,LIG_Integrin_RGD_1,Integrin RGD-type binding sites,LIG,The RGD motif can be found in many extracellular proteins and  is recognized by different members of the integrin family. The structure of the tenth type III module of fibronectin shows that the RGD motif lies on an exposed flexible loop.,PF01839,FG-GAP,FG-GAP repeat,RGD,RGD,8,10,CAPSP_ADE02,Human adenovirus 2,8350395,true positive,25,2,ordered
ELME000094,LIG_Integrin_RGD_1,Integrin RGD-type binding sites,LIG,The RGD motif can be found in many extracellular proteins and  is recognized by different members of the integrin family. The structure of the tenth type III module of fibronectin shows that the RGD motif lies on an exposed flexible loop.,PF00362,Integrin_beta,"Integrin, beta chain",RGD,RGD,8,10,DIS1B_DICDI,Dictyostelium discoideum,6509552,true positive,25,2,ordered
ELME000094,LIG_Integrin_RGD_1,Integrin RGD-type binding sites,LIG,The RGD motif can be found in many extracellular proteins and  is recognized by different members of the integrin family. The structure of the tenth type III module of fibronectin shows that the RGD motif lies on an exposed flexible loop.,PF01839,FG-GAP,FG-GAP repeat,RGD,RGD,8,10,DIS1B_DICDI,Dictyostelium discoideum,6509552,true positive,25,2,ordered
ELME000094,LIG_Integrin_RGD_1,Integrin RGD-type binding sites,LIG,The RGD motif can be found in many extracellular proteins and  is recognized by different members of the integrin family. The structure of the tenth type III module of fibronectin shows that the RGD motif lies on an exposed flexible loop.,PF00362,Integrin_beta,"Integrin, beta chain",RGD,RGD,8,10,DISB_TRIGA,Trimeresurus gramineus,2653425,true positive,25,2,ordered
ELME000094,LIG_Integrin_RGD_1,Integrin RGD-type binding sites,LIG,The RGD motif can be found in many extracellular proteins and  is recognized by different members of the integrin family. The structure of the tenth type III module of fibronectin shows that the RGD motif lies on an exposed flexible loop.,PF01839,FG-GAP,FG-GAP repeat,RGD,RGD,8,10,DISB_TRIGA,Trimeresurus gramineus,2653425,true positive,25,2,ordered
ELME000094,LIG_Integrin_RGD_1,Integrin RGD-type binding sites,LIG,The RGD motif can be found in many extracellular proteins and  is recognized by different members of the integrin family. The structure of the tenth type III module of fibronectin shows that the RGD motif lies on an exposed flexible loop.,PF00362,Integrin_beta,"Integrin, beta chain",RGD,RGD,8,10,DISG_TRIAB,Trimeresurus gramineus,2191722,true positive,25,2,ordered
ELME000094,LIG_Integrin_RGD_1,Integrin RGD-type binding sites,LIG,The RGD motif can be found in many extracellular proteins and  is recognized by different members of the integrin family. The structure of the tenth type III module of fibronectin shows that the RGD motif lies on an exposed flexible loop.,PF01839,FG-GAP,FG-GAP repeat,RGD,RGD,8,10,DISG_TRIAB,Trimeresurus gramineus,2191722,true positive,25,2,ordered
ELME000094,LIG_Integrin_RGD_1,Integrin RGD-type binding sites,LIG,The RGD motif can be found in many extracellular proteins and  is recognized by different members of the integrin family. The structure of the tenth type III module of fibronectin shows that the RGD motif lies on an exposed flexible loop.,PF00362,Integrin_beta,"Integrin, beta chain",RGD,RGD,8,10,EDIL3_HUMAN,Homo sapiens,9420328,true positive,25,2,ordered
ELME000094,LIG_Integrin_RGD_1,Integrin RGD-type binding sites,LIG,The RGD motif can be found in many extracellular proteins and  is recognized by different members of the integrin family. The structure of the tenth type III module of fibronectin shows that the RGD motif lies on an exposed flexible loop.,PF01839,FG-GAP,FG-GAP repeat,RGD,RGD,8,10,EDIL3_HUMAN,Homo sapiens,9420328,true positive,25,2,ordered
ELME000094,LIG_Integrin_RGD_1,Integrin RGD-type binding sites,LIG,The RGD motif can be found in many extracellular proteins and  is recognized by different members of the integrin family. The structure of the tenth type III module of fibronectin shows that the RGD motif lies on an exposed flexible loop.,PF00362,Integrin_beta,"Integrin, beta chain",RGD,RGD,8,10,FHAB_BORPE,Bordetella pertussis Tohama I,2364431,true positive,25,2,ordered
ELME000094,LIG_Integrin_RGD_1,Integrin RGD-type binding sites,LIG,The RGD motif can be found in many extracellular proteins and  is recognized by different members of the integrin family. The structure of the tenth type III module of fibronectin shows that the RGD motif lies on an exposed flexible loop.,PF01839,FG-GAP,FG-GAP repeat,RGD,RGD,8,10,FHAB_BORPE,Bordetella pertussis Tohama I,2364431,true positive,25,2,ordered
ELME000094,LIG_Integrin_RGD_1,Integrin RGD-type binding sites,LIG,The RGD motif can be found in many extracellular proteins and  is recognized by different members of the integrin family. The structure of the tenth type III module of fibronectin shows that the RGD motif lies on an exposed flexible loop.,PF00362,Integrin_beta,"Integrin, beta chain",RGD,RGD,8,10,FINC_HUMAN,Homo sapiens,19738201 6325925 22451694,true positive,25,2,ordered
ELME000094,LIG_Integrin_RGD_1,Integrin RGD-type binding sites,LIG,The RGD motif can be found in many extracellular proteins and  is recognized by different members of the integrin family. The structure of the tenth type III module of fibronectin shows that the RGD motif lies on an exposed flexible loop.,PF01839,FG-GAP,FG-GAP repeat,RGD,RGD,8,10,FINC_HUMAN,Homo sapiens,19738201 6325925 22451694,true positive,25,2,ordered
ELME000094,LIG_Integrin_RGD_1,Integrin RGD-type binding sites,LIG,The RGD motif can be found in many extracellular proteins and  is recognized by different members of the integrin family. The structure of the tenth type III module of fibronectin shows that the RGD motif lies on an exposed flexible loop.,PF00362,Integrin_beta,"Integrin, beta chain",RGD,RGD,8,10,FINC_MOUSE,Mus musculus,9533887,true positive,25,2,ordered
ELME000094,LIG_Integrin_RGD_1,Integrin RGD-type binding sites,LIG,The RGD motif can be found in many extracellular proteins and  is recognized by different members of the integrin family. The structure of the tenth type III module of fibronectin shows that the RGD motif lies on an exposed flexible loop.,PF01839,FG-GAP,FG-GAP repeat,RGD,RGD,8,10,FINC_MOUSE,Mus musculus,9533887,true positive,25,2,ordered
ELME000094,LIG_Integrin_RGD_1,Integrin RGD-type binding sites,LIG,The RGD motif can be found in many extracellular proteins and  is recognized by different members of the integrin family. The structure of the tenth type III module of fibronectin shows that the RGD motif lies on an exposed flexible loop.,PF00362,Integrin_beta,"Integrin, beta chain",RGD,RGD,8,10,FINC_MOUSE,Mus musculus,,unknown,25,2,ordered
ELME000094,LIG_Integrin_RGD_1,Integrin RGD-type binding sites,LIG,The RGD motif can be found in many extracellular proteins and  is recognized by different members of the integrin family. The structure of the tenth type III module of fibronectin shows that the RGD motif lies on an exposed flexible loop.,PF01839,FG-GAP,FG-GAP repeat,RGD,RGD,8,10,FINC_MOUSE,Mus musculus,,unknown,25,2,ordered
ELME000094,LIG_Integrin_RGD_1,Integrin RGD-type binding sites,LIG,The RGD motif can be found in many extracellular proteins and  is recognized by different members of the integrin family. The structure of the tenth type III module of fibronectin shows that the RGD motif lies on an exposed flexible loop.,PF00362,Integrin_beta,"Integrin, beta chain",RGD,RGD,8,10,O25272_HELPY,Helicobacter pylori 26695,24076404 21915696 20507990,true positive,25,2,ordered
ELME000094,LIG_Integrin_RGD_1,Integrin RGD-type binding sites,LIG,The RGD motif can be found in many extracellular proteins and  is recognized by different members of the integrin family. The structure of the tenth type III module of fibronectin shows that the RGD motif lies on an exposed flexible loop.,PF01839,FG-GAP,FG-GAP repeat,RGD,RGD,8,10,O25272_HELPY,Helicobacter pylori 26695,24076404 21915696 20507990,true positive,25,2,ordered
ELME000094,LIG_Integrin_RGD_1,Integrin RGD-type binding sites,LIG,The RGD motif can be found in many extracellular proteins and  is recognized by different members of the integrin family. The structure of the tenth type III module of fibronectin shows that the RGD motif lies on an exposed flexible loop.,PF00362,Integrin_beta,"Integrin, beta chain",RGD,RGD,8,10,OSTP_BOVIN,Bos taurus,,true positive,25,2,ordered
ELME000094,LIG_Integrin_RGD_1,Integrin RGD-type binding sites,LIG,The RGD motif can be found in many extracellular proteins and  is recognized by different members of the integrin family. The structure of the tenth type III module of fibronectin shows that the RGD motif lies on an exposed flexible loop.,PF01839,FG-GAP,FG-GAP repeat,RGD,RGD,8,10,OSTP_BOVIN,Bos taurus,,true positive,25,2,ordered
ELME000094,LIG_Integrin_RGD_1,Integrin RGD-type binding sites,LIG,The RGD motif can be found in many extracellular proteins and  is recognized by different members of the integrin family. The structure of the tenth type III module of fibronectin shows that the RGD motif lies on an exposed flexible loop.,PF00362,Integrin_beta,"Integrin, beta chain",RGD,RGD,8,10,OSTP_HUMAN,Homo sapiens,8910476,true positive,25,2,ordered
ELME000094,LIG_Integrin_RGD_1,Integrin RGD-type binding sites,LIG,The RGD motif can be found in many extracellular proteins and  is recognized by different members of the integrin family. The structure of the tenth type III module of fibronectin shows that the RGD motif lies on an exposed flexible loop.,PF01839,FG-GAP,FG-GAP repeat,RGD,RGD,8,10,OSTP_HUMAN,Homo sapiens,8910476,true positive,25,2,ordered
ELME000094,LIG_Integrin_RGD_1,Integrin RGD-type binding sites,LIG,The RGD motif can be found in many extracellular proteins and  is recognized by different members of the integrin family. The structure of the tenth type III module of fibronectin shows that the RGD motif lies on an exposed flexible loop.,PF00362,Integrin_beta,"Integrin, beta chain",RGD,RGD,8,10,OSTP_RAT,Rattus norvegicus,3024151,true positive,25,2,ordered
ELME000094,LIG_Integrin_RGD_1,Integrin RGD-type binding sites,LIG,The RGD motif can be found in many extracellular proteins and  is recognized by different members of the integrin family. The structure of the tenth type III module of fibronectin shows that the RGD motif lies on an exposed flexible loop.,PF01839,FG-GAP,FG-GAP repeat,RGD,RGD,8,10,OSTP_RAT,Rattus norvegicus,3024151,true positive,25,2,ordered
ELME000094,LIG_Integrin_RGD_1,Integrin RGD-type binding sites,LIG,The RGD motif can be found in many extracellular proteins and  is recognized by different members of the integrin family. The structure of the tenth type III module of fibronectin shows that the RGD motif lies on an exposed flexible loop.,PF00362,Integrin_beta,"Integrin, beta chain",RGD,RGD,8,10,PILY1_PSEAW,Pseudomonas aeruginosa PAK,22242136,true positive,25,2,ordered
ELME000094,LIG_Integrin_RGD_1,Integrin RGD-type binding sites,LIG,The RGD motif can be found in many extracellular proteins and  is recognized by different members of the integrin family. The structure of the tenth type III module of fibronectin shows that the RGD motif lies on an exposed flexible loop.,PF01839,FG-GAP,FG-GAP repeat,RGD,RGD,8,10,PILY1_PSEAW,Pseudomonas aeruginosa PAK,22242136,true positive,25,2,ordered
ELME000094,LIG_Integrin_RGD_1,Integrin RGD-type binding sites,LIG,The RGD motif can be found in many extracellular proteins and  is recognized by different members of the integrin family. The structure of the tenth type III module of fibronectin shows that the RGD motif lies on an exposed flexible loop.,PF00362,Integrin_beta,"Integrin, beta chain",RGD,RGD,8,10,POLG_CXA9,Human coxsackievirus A9 (strain Griggs),15194773,true positive,25,2,ordered
ELME000094,LIG_Integrin_RGD_1,Integrin RGD-type binding sites,LIG,The RGD motif can be found in many extracellular proteins and  is recognized by different members of the integrin family. The structure of the tenth type III module of fibronectin shows that the RGD motif lies on an exposed flexible loop.,PF01839,FG-GAP,FG-GAP repeat,RGD,RGD,8,10,POLG_CXA9,Human coxsackievirus A9 (strain Griggs),15194773,true positive,25,2,ordered
ELME000094,LIG_Integrin_RGD_1,Integrin RGD-type binding sites,LIG,The RGD motif can be found in many extracellular proteins and  is recognized by different members of the integrin family. The structure of the tenth type III module of fibronectin shows that the RGD motif lies on an exposed flexible loop.,PF00362,Integrin_beta,"Integrin, beta chain",RGD,RGD,8,10,POLG_FMDVO,Foot-and-mouth disease virus (strain O1),7533862,true positive,25,2,ordered
ELME000094,LIG_Integrin_RGD_1,Integrin RGD-type binding sites,LIG,The RGD motif can be found in many extracellular proteins and  is recognized by different members of the integrin family. The structure of the tenth type III module of fibronectin shows that the RGD motif lies on an exposed flexible loop.,PF01839,FG-GAP,FG-GAP repeat,RGD,RGD,8,10,POLG_FMDVO,Foot-and-mouth disease virus (strain O1),7533862,true positive,25,2,ordered
ELME000094,LIG_Integrin_RGD_1,Integrin RGD-type binding sites,LIG,The RGD motif can be found in many extracellular proteins and  is recognized by different members of the integrin family. The structure of the tenth type III module of fibronectin shows that the RGD motif lies on an exposed flexible loop.,PF00362,Integrin_beta,"Integrin, beta chain",RGD,RGD,8,10,POLG_HPE1H,Echovirus 22 (strain Harris),20554778,true positive,25,2,ordered
ELME000094,LIG_Integrin_RGD_1,Integrin RGD-type binding sites,LIG,The RGD motif can be found in many extracellular proteins and  is recognized by different members of the integrin family. The structure of the tenth type III module of fibronectin shows that the RGD motif lies on an exposed flexible loop.,PF01839,FG-GAP,FG-GAP repeat,RGD,RGD,8,10,POLG_HPE1H,Echovirus 22 (strain Harris),20554778,true positive,25,2,ordered
ELME000094,LIG_Integrin_RGD_1,Integrin RGD-type binding sites,LIG,The RGD motif can be found in many extracellular proteins and  is recognized by different members of the integrin family. The structure of the tenth type III module of fibronectin shows that the RGD motif lies on an exposed flexible loop.,PF00362,Integrin_beta,"Integrin, beta chain",RGD,RGD,8,10,Q8KMK0_9MOLU,Mycoplasma conjunctivae,20494988,true positive,25,2,ordered
ELME000094,LIG_Integrin_RGD_1,Integrin RGD-type binding sites,LIG,The RGD motif can be found in many extracellular proteins and  is recognized by different members of the integrin family. The structure of the tenth type III module of fibronectin shows that the RGD motif lies on an exposed flexible loop.,PF01839,FG-GAP,FG-GAP repeat,RGD,RGD,8,10,Q8KMK0_9MOLU,Mycoplasma conjunctivae,20494988,true positive,25,2,ordered
ELME000094,LIG_Integrin_RGD_1,Integrin RGD-type binding sites,LIG,The RGD motif can be found in many extracellular proteins and  is recognized by different members of the integrin family. The structure of the tenth type III module of fibronectin shows that the RGD motif lies on an exposed flexible loop.,PF00362,Integrin_beta,"Integrin, beta chain",RGD,RGD,8,10,SIAL_HUMAN,Homo sapiens,10785511,true positive,25,2,ordered
ELME000094,LIG_Integrin_RGD_1,Integrin RGD-type binding sites,LIG,The RGD motif can be found in many extracellular proteins and  is recognized by different members of the integrin family. The structure of the tenth type III module of fibronectin shows that the RGD motif lies on an exposed flexible loop.,PF01839,FG-GAP,FG-GAP repeat,RGD,RGD,8,10,SIAL_HUMAN,Homo sapiens,10785511,true positive,25,2,ordered
ELME000094,LIG_Integrin_RGD_1,Integrin RGD-type binding sites,LIG,The RGD motif can be found in many extracellular proteins and  is recognized by different members of the integrin family. The structure of the tenth type III module of fibronectin shows that the RGD motif lies on an exposed flexible loop.,PF00362,Integrin_beta,"Integrin, beta chain",RGD,RGD,8,10,SIAL_RAT,Rattus norvegicus,2461939,true positive,25,2,ordered
ELME000094,LIG_Integrin_RGD_1,Integrin RGD-type binding sites,LIG,The RGD motif can be found in many extracellular proteins and  is recognized by different members of the integrin family. The structure of the tenth type III module of fibronectin shows that the RGD motif lies on an exposed flexible loop.,PF01839,FG-GAP,FG-GAP repeat,RGD,RGD,8,10,SIAL_RAT,Rattus norvegicus,2461939,true positive,25,2,ordered
ELME000094,LIG_Integrin_RGD_1,Integrin RGD-type binding sites,LIG,The RGD motif can be found in many extracellular proteins and  is recognized by different members of the integrin family. The structure of the tenth type III module of fibronectin shows that the RGD motif lies on an exposed flexible loop.,PF00362,Integrin_beta,"Integrin, beta chain",RGD,RGD,8,10,VME1_TRIEL,Protobothrops elegans,2191722,true positive,25,2,ordered
ELME000094,LIG_Integrin_RGD_1,Integrin RGD-type binding sites,LIG,The RGD motif can be found in many extracellular proteins and  is recognized by different members of the integrin family. The structure of the tenth type III module of fibronectin shows that the RGD motif lies on an exposed flexible loop.,PF01839,FG-GAP,FG-GAP repeat,RGD,RGD,8,10,VME1_TRIEL,Protobothrops elegans,2191722,true positive,25,2,ordered
ELME000094,LIG_Integrin_RGD_1,Integrin RGD-type binding sites,LIG,The RGD motif can be found in many extracellular proteins and  is recognized by different members of the integrin family. The structure of the tenth type III module of fibronectin shows that the RGD motif lies on an exposed flexible loop.,PF00362,Integrin_beta,"Integrin, beta chain",RGD,RGD,8,10,VTNC_HUMAN,Homo sapiens,2447074,true positive,25,2,ordered
ELME000094,LIG_Integrin_RGD_1,Integrin RGD-type binding sites,LIG,The RGD motif can be found in many extracellular proteins and  is recognized by different members of the integrin family. The structure of the tenth type III module of fibronectin shows that the RGD motif lies on an exposed flexible loop.,PF01839,FG-GAP,FG-GAP repeat,RGD,RGD,8,10,VTNC_HUMAN,Homo sapiens,2447074,true positive,25,2,ordered
ELME000094,LIG_Integrin_RGD_1,Integrin RGD-type binding sites,LIG,The RGD motif can be found in many extracellular proteins and  is recognized by different members of the integrin family. The structure of the tenth type III module of fibronectin shows that the RGD motif lies on an exposed flexible loop.,PF00362,Integrin_beta,"Integrin, beta chain",RGD,RGD,8,10,VTNC_MOUSE,Mus musculus,1703206,true positive,25,2,ordered
ELME000094,LIG_Integrin_RGD_1,Integrin RGD-type binding sites,LIG,The RGD motif can be found in many extracellular proteins and  is recognized by different members of the integrin family. The structure of the tenth type III module of fibronectin shows that the RGD motif lies on an exposed flexible loop.,PF01839,FG-GAP,FG-GAP repeat,RGD,RGD,8,10,VTNC_MOUSE,Mus musculus,1703206,true positive,25,2,ordered
ELME000094,LIG_Integrin_RGD_1,Integrin RGD-type binding sites,LIG,The RGD motif can be found in many extracellular proteins and  is recognized by different members of the integrin family. The structure of the tenth type III module of fibronectin shows that the RGD motif lies on an exposed flexible loop.,PF00362,Integrin_beta,"Integrin, beta chain",RGD,RGD,8,10,VWF_HUMAN,Homo sapiens,,unknown,25,2,ordered
ELME000094,LIG_Integrin_RGD_1,Integrin RGD-type binding sites,LIG,The RGD motif can be found in many extracellular proteins and  is recognized by different members of the integrin family. The structure of the tenth type III module of fibronectin shows that the RGD motif lies on an exposed flexible loop.,PF01839,FG-GAP,FG-GAP repeat,RGD,RGD,8,10,VWF_HUMAN,Homo sapiens,,unknown,25,2,ordered
ELME000094,LIG_Integrin_RGD_1,Integrin RGD-type binding sites,LIG,The RGD motif can be found in many extracellular proteins and  is recognized by different members of the integrin family. The structure of the tenth type III module of fibronectin shows that the RGD motif lies on an exposed flexible loop.,PF00362,Integrin_beta,"Integrin, beta chain",RGD,RGD,8,10,VWF_HUMAN,Homo sapiens,2447074,true positive,25,2,ordered
ELME000094,LIG_Integrin_RGD_1,Integrin RGD-type binding sites,LIG,The RGD motif can be found in many extracellular proteins and  is recognized by different members of the integrin family. The structure of the tenth type III module of fibronectin shows that the RGD motif lies on an exposed flexible loop.,PF01839,FG-GAP,FG-GAP repeat,RGD,RGD,8,10,VWF_HUMAN,Homo sapiens,2447074,true positive,25,2,ordered
ELME000369,LIG_LIR_Apic_2,Atg8 protein family ligands,LIG,Apicomplexa specific variant of the canonical LIR motif that binds to Atg8 protein family members to mediate processes involved in autophagy.,PF02991,Atg8,Autophagy protein Atg8 ubiquitin like,"[EDST].{0,2}[WFY]..P",SSFPLP,293,298,C0H519_PLAF7,Plasmodium falciparum 3D7,22982544,true positive,1,1,ordered
ELME000369,LIG_LIR_Apic_2,Atg8 protein family ligands,LIG,Apicomplexa specific variant of the canonical LIR motif that binds to Atg8 protein family members to mediate processes involved in autophagy.,PF02991,Atg8,Autophagy protein Atg8 ubiquitin like,"[EDST].{0,2}[WFY]..P",SFPLP,294,298,C0H519_PLAF7,Plasmodium falciparum 3D7,22982544,true positive,1,1,ordered
ELME000369,LIG_LIR_Apic_2,Atg8 protein family ligands,LIG,Apicomplexa specific variant of the canonical LIR motif that binds to Atg8 protein family members to mediate processes involved in autophagy.,PF02991,Atg8,Autophagy protein Atg8 ubiquitin like,"[EDST].{0,2}[WFY]..P",SSSWSIP,407,413,C0H519_PLAF7,Plasmodium falciparum 3D7,22982544,true positive,1,1,disordered
ELME000369,LIG_LIR_Apic_2,Atg8 protein family ligands,LIG,Apicomplexa specific variant of the canonical LIR motif that binds to Atg8 protein family members to mediate processes involved in autophagy.,PF02991,Atg8,Autophagy protein Atg8 ubiquitin like,"[EDST].{0,2}[WFY]..P",SSWSIP,408,413,C0H519_PLAF7,Plasmodium falciparum 3D7,22982544,true positive,1,1,disordered
ELME000369,LIG_LIR_Apic_2,Atg8 protein family ligands,LIG,Apicomplexa specific variant of the canonical LIR motif that binds to Atg8 protein family members to mediate processes involved in autophagy.,PF02991,Atg8,Autophagy protein Atg8 ubiquitin like,"[EDST].{0,2}[WFY]..P",SWSIP,409,413,C0H519_PLAF7,Plasmodium falciparum 3D7,22982544,true positive,1,1,disordered
ELME000369,LIG_LIR_Apic_2,Atg8 protein family ligands,LIG,Apicomplexa specific variant of the canonical LIR motif that binds to Atg8 protein family members to mediate processes involved in autophagy.,PF02991,Atg8,Autophagy protein Atg8 ubiquitin like,"[EDST].{0,2}[WFY]..P",TVFRNP,463,468,C0H519_PLAF7,Plasmodium falciparum 3D7,22982544,true positive,1,1,disordered
ELME000368,LIG_LIR_Gen_1,Atg8 protein family ligands,LIG,Canonical LIR motif that binds to Atg8/LC3 protein family members to mediate processes involved in autophagy.,PF02991,Atg8,Autophagy protein Atg8 ubiquitin like,"[EDST].{0,2}[WFY][^RKPGWFY][^PG][ILVFM]((.{0,4}[PLAFIVMY])|($)|(.{0,3}[ED]))",SYHVVRGDIA,3,12,AMRA1_HUMAN,Homo sapiens,30217973,true positive,54,26,ordered
ELME000368,LIG_LIR_Gen_1,Atg8 protein family ligands,LIG,Canonical LIR motif that binds to Atg8/LC3 protein family members to mediate processes involved in autophagy.,PF02991,Atg8,Autophagy protein Atg8 ubiquitin like,"[EDST].{0,2}[WFY][^RKPGWFY][^PG][ILVFM]((.{0,4}[PLAFIVMY])|($)|(.{0,3}[ED]))",SYHVVRGDIA,3,12,ANK2_HUMAN,Homo sapiens,29867141,true positive,54,26,ordered
ELME000368,LIG_LIR_Gen_1,Atg8 protein family ligands,LIG,Canonical LIR motif that binds to Atg8/LC3 protein family members to mediate processes involved in autophagy.,PF02991,Atg8,Autophagy protein Atg8 ubiquitin like,"[EDST].{0,2}[WFY][^RKPGWFY][^PG][ILVFM]((.{0,4}[PLAFIVMY])|($)|(.{0,3}[ED]))",SYHVVRGDIA,3,12,ANK3_RAT,Rattus norvegicus,29867141,true positive,54,26,ordered
ELME000368,LIG_LIR_Gen_1,Atg8 protein family ligands,LIG,Canonical LIR motif that binds to Atg8/LC3 protein family members to mediate processes involved in autophagy.,PF02991,Atg8,Autophagy protein Atg8 ubiquitin like,"[EDST].{0,2}[WFY][^RKPGWFY][^PG][ILVFM]((.{0,4}[PLAFIVMY])|($)|(.{0,3}[ED]))",SYHVVRGDIA,3,12,ATG13_HUMAN,Homo sapiens,24290141 31053714,true positive,54,26,ordered
ELME000368,LIG_LIR_Gen_1,Atg8 protein family ligands,LIG,Canonical LIR motif that binds to Atg8/LC3 protein family members to mediate processes involved in autophagy.,PF02991,Atg8,Autophagy protein Atg8 ubiquitin like,"[EDST].{0,2}[WFY][^RKPGWFY][^PG][ILVFM]((.{0,4}[PLAFIVMY])|($)|(.{0,3}[ED]))",SYHVVRGDIA,3,12,ATG19_YEAST,Saccharomyces cerevisiae S288c,26687600,true positive,54,26,ordered
ELME000368,LIG_LIR_Gen_1,Atg8 protein family ligands,LIG,Canonical LIR motif that binds to Atg8/LC3 protein family members to mediate processes involved in autophagy.,PF02991,Atg8,Autophagy protein Atg8 ubiquitin like,"[EDST].{0,2}[WFY][^RKPGWFY][^PG][ILVFM]((.{0,4}[PLAFIVMY])|($)|(.{0,3}[ED]))",SYHVVRGDIA,3,12,ATG32_YEAST,Saccharomyces cerevisiae S288c,22308029,true positive,54,26,ordered
ELME000368,LIG_LIR_Gen_1,Atg8 protein family ligands,LIG,Canonical LIR motif that binds to Atg8/LC3 protein family members to mediate processes involved in autophagy.,PF02991,Atg8,Autophagy protein Atg8 ubiquitin like,"[EDST].{0,2}[WFY][^RKPGWFY][^PG][ILVFM]((.{0,4}[PLAFIVMY])|($)|(.{0,3}[ED]))",SYHVVRGDIA,3,12,ATG3_YEAST,Saccharomyces cerevisiae S288c,20615880,true positive,54,26,ordered
ELME000368,LIG_LIR_Gen_1,Atg8 protein family ligands,LIG,Canonical LIR motif that binds to Atg8/LC3 protein family members to mediate processes involved in autophagy.,PF02991,Atg8,Autophagy protein Atg8 ubiquitin like,"[EDST].{0,2}[WFY][^RKPGWFY][^PG][ILVFM]((.{0,4}[PLAFIVMY])|($)|(.{0,3}[ED]))",SYHVVRGDIA,3,12,ATG40_YEAST,Saccharomyces cerevisiae S288c,32620754,true positive,54,26,ordered
ELME000368,LIG_LIR_Gen_1,Atg8 protein family ligands,LIG,Canonical LIR motif that binds to Atg8/LC3 protein family members to mediate processes involved in autophagy.,PF02991,Atg8,Autophagy protein Atg8 ubiquitin like,"[EDST].{0,2}[WFY][^RKPGWFY][^PG][ILVFM]((.{0,4}[PLAFIVMY])|($)|(.{0,3}[ED]))",SYHVVRGDIA,3,12,ATG4B_HUMAN,Homo sapiens,19322194,true positive,54,26,ordered
ELME000368,LIG_LIR_Gen_1,Atg8 protein family ligands,LIG,Canonical LIR motif that binds to Atg8/LC3 protein family members to mediate processes involved in autophagy.,PF02991,Atg8,Autophagy protein Atg8 ubiquitin like,"[EDST].{0,2}[WFY][^RKPGWFY][^PG][ILVFM]((.{0,4}[PLAFIVMY])|($)|(.{0,3}[ED]))",SYHVVRGDIA,3,12,B2L13_MOUSE,Mus musculus,26146385,true positive,54,26,ordered
ELME000368,LIG_LIR_Gen_1,Atg8 protein family ligands,LIG,Canonical LIR motif that binds to Atg8/LC3 protein family members to mediate processes involved in autophagy.,PF02991,Atg8,Autophagy protein Atg8 ubiquitin like,"[EDST].{0,2}[WFY][^RKPGWFY][^PG][ILVFM]((.{0,4}[PLAFIVMY])|($)|(.{0,3}[ED]))",SYHVVRGDIA,3,12,BAKOR_HUMAN,Homo sapiens,30767700,true positive,54,26,ordered
ELME000368,LIG_LIR_Gen_1,Atg8 protein family ligands,LIG,Canonical LIR motif that binds to Atg8/LC3 protein family members to mediate processes involved in autophagy.,PF02991,Atg8,Autophagy protein Atg8 ubiquitin like,"[EDST].{0,2}[WFY][^RKPGWFY][^PG][ILVFM]((.{0,4}[PLAFIVMY])|($)|(.{0,3}[ED]))",SYHVVRGDIA,3,12,BECN1_HUMAN,Homo sapiens,30767700,true positive,54,26,ordered
ELME000368,LIG_LIR_Gen_1,Atg8 protein family ligands,LIG,Canonical LIR motif that binds to Atg8/LC3 protein family members to mediate processes involved in autophagy.,PF02991,Atg8,Autophagy protein Atg8 ubiquitin like,"[EDST].{0,2}[WFY][^RKPGWFY][^PG][ILVFM]((.{0,4}[PLAFIVMY])|($)|(.{0,3}[ED]))",SYHVVRGDIA,3,12,BNI3L_HUMAN,Homo sapiens,28442745,true positive,54,26,ordered
ELME000368,LIG_LIR_Gen_1,Atg8 protein family ligands,LIG,Canonical LIR motif that binds to Atg8/LC3 protein family members to mediate processes involved in autophagy.,PF02991,Atg8,Autophagy protein Atg8 ubiquitin like,"[EDST].{0,2}[WFY][^RKPGWFY][^PG][ILVFM]((.{0,4}[PLAFIVMY])|($)|(.{0,3}[ED]))",SYHVVRGDIA,3,12,BNIP3_HUMAN,Homo sapiens,23209295 22505714,true positive,54,26,ordered
ELME000368,LIG_LIR_Gen_1,Atg8 protein family ligands,LIG,Canonical LIR motif that binds to Atg8/LC3 protein family members to mediate processes involved in autophagy.,PF02991,Atg8,Autophagy protein Atg8 ubiquitin like,"[EDST].{0,2}[WFY][^RKPGWFY][^PG][ILVFM]((.{0,4}[PLAFIVMY])|($)|(.{0,3}[ED]))",SYHVVRGDIA,3,12,CLH1_HUMAN,Homo sapiens,18027972,true positive,54,26,ordered
ELME000368,LIG_LIR_Gen_1,Atg8 protein family ligands,LIG,Canonical LIR motif that binds to Atg8/LC3 protein family members to mediate processes involved in autophagy.,PF02991,Atg8,Autophagy protein Atg8 ubiquitin like,"[EDST].{0,2}[WFY][^RKPGWFY][^PG][ILVFM]((.{0,4}[PLAFIVMY])|($)|(.{0,3}[ED]))",SYHVVRGDIA,3,12,FKBP8_HUMAN,Homo sapiens,28381481,true positive,54,26,ordered
ELME000368,LIG_LIR_Gen_1,Atg8 protein family ligands,LIG,Canonical LIR motif that binds to Atg8/LC3 protein family members to mediate processes involved in autophagy.,PF02991,Atg8,Autophagy protein Atg8 ubiquitin like,"[EDST].{0,2}[WFY][^RKPGWFY][^PG][ILVFM]((.{0,4}[PLAFIVMY])|($)|(.{0,3}[ED]))",SYHVVRGDIA,3,12,FYCO1_HUMAN,Homo sapiens,27246247,true positive,54,26,ordered
ELME000368,LIG_LIR_Gen_1,Atg8 protein family ligands,LIG,Canonical LIR motif that binds to Atg8/LC3 protein family members to mediate processes involved in autophagy.,PF02991,Atg8,Autophagy protein Atg8 ubiquitin like,"[EDST].{0,2}[WFY][^RKPGWFY][^PG][ILVFM]((.{0,4}[PLAFIVMY])|($)|(.{0,3}[ED]))",SYHVVRGDIA,3,12,JIP1_HUMAN,Homo sapiens,24914561,true positive,54,26,ordered
ELME000368,LIG_LIR_Gen_1,Atg8 protein family ligands,LIG,Canonical LIR motif that binds to Atg8/LC3 protein family members to mediate processes involved in autophagy.,PF02991,Atg8,Autophagy protein Atg8 ubiquitin like,"[EDST].{0,2}[WFY][^RKPGWFY][^PG][ILVFM]((.{0,4}[PLAFIVMY])|($)|(.{0,3}[ED]))",SYHVVRGDIA,3,12,M2_I34A1,Influenza A virus (A/Puerto Rico/8/1934(H1N1)),24528869,true positive,54,26,ordered
ELME000368,LIG_LIR_Gen_1,Atg8 protein family ligands,LIG,Canonical LIR motif that binds to Atg8/LC3 protein family members to mediate processes involved in autophagy.,PF02991,Atg8,Autophagy protein Atg8 ubiquitin like,"[EDST].{0,2}[WFY][^RKPGWFY][^PG][ILVFM]((.{0,4}[PLAFIVMY])|($)|(.{0,3}[ED]))",SYHVVRGDIA,3,12,NBR1_HUMAN,Homo sapiens,19250911 21620860,true positive,54,26,ordered
ELME000368,LIG_LIR_Gen_1,Atg8 protein family ligands,LIG,Canonical LIR motif that binds to Atg8/LC3 protein family members to mediate processes involved in autophagy.,PF02991,Atg8,Autophagy protein Atg8 ubiquitin like,"[EDST].{0,2}[WFY][^RKPGWFY][^PG][ILVFM]((.{0,4}[PLAFIVMY])|($)|(.{0,3}[ED]))",SYHVVRGDIA,3,12,NEDD4_HUMAN,Homo sapiens,28470758,true positive,54,26,ordered
ELME000368,LIG_LIR_Gen_1,Atg8 protein family ligands,LIG,Canonical LIR motif that binds to Atg8/LC3 protein family members to mediate processes involved in autophagy.,PF02991,Atg8,Autophagy protein Atg8 ubiquitin like,"[EDST].{0,2}[WFY][^RKPGWFY][^PG][ILVFM]((.{0,4}[PLAFIVMY])|($)|(.{0,3}[ED]))",SYHVVRGDIA,3,12,NEMO_DROME,Drosophila melanogaster,29097655,true positive,54,26,ordered
ELME000368,LIG_LIR_Gen_1,Atg8 protein family ligands,LIG,Canonical LIR motif that binds to Atg8/LC3 protein family members to mediate processes involved in autophagy.,PF02991,Atg8,Autophagy protein Atg8 ubiquitin like,"[EDST].{0,2}[WFY][^RKPGWFY][^PG][ILVFM]((.{0,4}[PLAFIVMY])|($)|(.{0,3}[ED]))",SYHVVRGDIA,3,12,OPTN_HUMAN,Homo sapiens,21617041 23805866,true positive,54,26,ordered
ELME000368,LIG_LIR_Gen_1,Atg8 protein family ligands,LIG,Canonical LIR motif that binds to Atg8/LC3 protein family members to mediate processes involved in autophagy.,PF02991,Atg8,Autophagy protein Atg8 ubiquitin like,"[EDST].{0,2}[WFY][^RKPGWFY][^PG][ILVFM]((.{0,4}[PLAFIVMY])|($)|(.{0,3}[ED]))",SYHVVRGDIA,3,12,PAXI_HUMAN,Homo sapiens,27184837,true positive,54,26,ordered
ELME000368,LIG_LIR_Gen_1,Atg8 protein family ligands,LIG,Canonical LIR motif that binds to Atg8/LC3 protein family members to mediate processes involved in autophagy.,PF02991,Atg8,Autophagy protein Atg8 ubiquitin like,"[EDST].{0,2}[WFY][^RKPGWFY][^PG][ILVFM]((.{0,4}[PLAFIVMY])|($)|(.{0,3}[ED]))",SYHVVRGDIA,3,12,PCM1_HUMAN,Homo sapiens,31519908 31053714,true positive,54,26,ordered
ELME000368,LIG_LIR_Gen_1,Atg8 protein family ligands,LIG,Canonical LIR motif that binds to Atg8/LC3 protein family members to mediate processes involved in autophagy.,PF02991,Atg8,Autophagy protein Atg8 ubiquitin like,"[EDST].{0,2}[WFY][^RKPGWFY][^PG][ILVFM]((.{0,4}[PLAFIVMY])|($)|(.{0,3}[ED]))",SYHVVRGDIA,3,12,PK3C3_HUMAN,Homo sapiens,30767700,unknown,54,26,ordered
ELME000368,LIG_LIR_Gen_1,Atg8 protein family ligands,LIG,Canonical LIR motif that binds to Atg8/LC3 protein family members to mediate processes involved in autophagy.,PF02991,Atg8,Autophagy protein Atg8 ubiquitin like,"[EDST].{0,2}[WFY][^RKPGWFY][^PG][ILVFM]((.{0,4}[PLAFIVMY])|($)|(.{0,3}[ED]))",SYHVVRGDIA,3,12,PKHM1_HUMAN,Homo sapiens,28655748,true positive,54,26,ordered
ELME000368,LIG_LIR_Gen_1,Atg8 protein family ligands,LIG,Canonical LIR motif that binds to Atg8/LC3 protein family members to mediate processes involved in autophagy.,PF02991,Atg8,Autophagy protein Atg8 ubiquitin like,"[EDST].{0,2}[WFY][^RKPGWFY][^PG][ILVFM]((.{0,4}[PLAFIVMY])|($)|(.{0,3}[ED]))",SYHVVRGDIA,3,12,Q5ZUV9_LEGPH,Legionella pneumophila subsp. pneumophila str. Philadelphia 1,28395732 27791457 28668392,true positive,54,26,ordered
ELME000368,LIG_LIR_Gen_1,Atg8 protein family ligands,LIG,Canonical LIR motif that binds to Atg8/LC3 protein family members to mediate processes involved in autophagy.,PF02991,Atg8,Autophagy protein Atg8 ubiquitin like,"[EDST].{0,2}[WFY][^RKPGWFY][^PG][ILVFM]((.{0,4}[PLAFIVMY])|($)|(.{0,3}[ED]))",SYHVVRGDIA,3,12,Q5ZUV9_LEGPH,Legionella pneumophila subsp. pneumophila str. Philadelphia 1,28395732 27791457 31722778 28668392,true positive,54,26,ordered
ELME000368,LIG_LIR_Gen_1,Atg8 protein family ligands,LIG,Canonical LIR motif that binds to Atg8/LC3 protein family members to mediate processes involved in autophagy.,PF02991,Atg8,Autophagy protein Atg8 ubiquitin like,"[EDST].{0,2}[WFY][^RKPGWFY][^PG][ILVFM]((.{0,4}[PLAFIVMY])|($)|(.{0,3}[ED]))",SYHVVRGDIA,3,12,Q8MQJ7_DROME,Drosophila melanogaster,23043107,true positive,54,26,ordered
ELME000368,LIG_LIR_Gen_1,Atg8 protein family ligands,LIG,Canonical LIR motif that binds to Atg8/LC3 protein family members to mediate processes involved in autophagy.,PF02991,Atg8,Autophagy protein Atg8 ubiquitin like,"[EDST].{0,2}[WFY][^RKPGWFY][^PG][ILVFM]((.{0,4}[PLAFIVMY])|($)|(.{0,3}[ED]))",SYHVVRGDIA,3,12,Q95V81_DROME,Drosophila melanogaster,32460019,true positive,54,26,ordered
ELME000368,LIG_LIR_Gen_1,Atg8 protein family ligands,LIG,Canonical LIR motif that binds to Atg8/LC3 protein family members to mediate processes involved in autophagy.,PF02991,Atg8,Autophagy protein Atg8 ubiquitin like,"[EDST].{0,2}[WFY][^RKPGWFY][^PG][ILVFM]((.{0,4}[PLAFIVMY])|($)|(.{0,3}[ED]))",SYHVVRGDIA,3,12,RBCC1_HUMAN,Homo sapiens,31053714,true positive,54,26,ordered
ELME000368,LIG_LIR_Gen_1,Atg8 protein family ligands,LIG,Canonical LIR motif that binds to Atg8/LC3 protein family members to mediate processes involved in autophagy.,PF02991,Atg8,Autophagy protein Atg8 ubiquitin like,"[EDST].{0,2}[WFY][^RKPGWFY][^PG][ILVFM]((.{0,4}[PLAFIVMY])|($)|(.{0,3}[ED]))",SYHVVRGDIA,3,12,RD54_PHYIT,Phytophthora infestans T30-4,26765567 27458016,true positive,54,26,ordered
ELME000368,LIG_LIR_Gen_1,Atg8 protein family ligands,LIG,Canonical LIR motif that binds to Atg8/LC3 protein family members to mediate processes involved in autophagy.,PF02991,Atg8,Autophagy protein Atg8 ubiquitin like,"[EDST].{0,2}[WFY][^RKPGWFY][^PG][ILVFM]((.{0,4}[PLAFIVMY])|($)|(.{0,3}[ED]))",SYHVVRGDIA,3,12,RETR1_HUMAN,Homo sapiens,29867141 32620754,true positive,54,26,ordered
ELME000368,LIG_LIR_Gen_1,Atg8 protein family ligands,LIG,Canonical LIR motif that binds to Atg8/LC3 protein family members to mediate processes involved in autophagy.,PF02991,Atg8,Autophagy protein Atg8 ubiquitin like,"[EDST].{0,2}[WFY][^RKPGWFY][^PG][ILVFM]((.{0,4}[PLAFIVMY])|($)|(.{0,3}[ED]))",SYHVVRGDIA,3,12,RTN3_HUMAN,Homo sapiens,32620754,true positive,54,26,ordered
ELME000368,LIG_LIR_Gen_1,Atg8 protein family ligands,LIG,Canonical LIR motif that binds to Atg8/LC3 protein family members to mediate processes involved in autophagy.,PF02991,Atg8,Autophagy protein Atg8 ubiquitin like,"[EDST].{0,2}[WFY][^RKPGWFY][^PG][ILVFM]((.{0,4}[PLAFIVMY])|($)|(.{0,3}[ED]))",SYHVVRGDIA,3,12,SEC62_HUMAN,Homo sapiens,32620754,true positive,54,26,ordered
ELME000368,LIG_LIR_Gen_1,Atg8 protein family ligands,LIG,Canonical LIR motif that binds to Atg8/LC3 protein family members to mediate processes involved in autophagy.,PF02991,Atg8,Autophagy protein Atg8 ubiquitin like,"[EDST].{0,2}[WFY][^RKPGWFY][^PG][ILVFM]((.{0,4}[PLAFIVMY])|($)|(.{0,3}[ED]))",SYHVVRGDIA,3,12,SQSTM_HUMAN,Homo sapiens,31053714,true positive,54,26,ordered
ELME000368,LIG_LIR_Gen_1,Atg8 protein family ligands,LIG,Canonical LIR motif that binds to Atg8/LC3 protein family members to mediate processes involved in autophagy.,PF02991,Atg8,Autophagy protein Atg8 ubiquitin like,"[EDST].{0,2}[WFY][^RKPGWFY][^PG][ILVFM]((.{0,4}[PLAFIVMY])|($)|(.{0,3}[ED]))",SYHVVRGDIA,3,12,STX17_HUMAN,Homo sapiens,32817423,true positive,54,26,ordered
ELME000368,LIG_LIR_Gen_1,Atg8 protein family ligands,LIG,Canonical LIR motif that binds to Atg8/LC3 protein family members to mediate processes involved in autophagy.,PF02991,Atg8,Autophagy protein Atg8 ubiquitin like,"[EDST].{0,2}[WFY][^RKPGWFY][^PG][ILVFM]((.{0,4}[PLAFIVMY])|($)|(.{0,3}[ED]))",SYHVVRGDIA,3,12,TBC25_HUMAN,Homo sapiens,21383079,true positive,54,26,ordered
ELME000368,LIG_LIR_Gen_1,Atg8 protein family ligands,LIG,Canonical LIR motif that binds to Atg8/LC3 protein family members to mediate processes involved in autophagy.,PF02991,Atg8,Autophagy protein Atg8 ubiquitin like,"[EDST].{0,2}[WFY][^RKPGWFY][^PG][ILVFM]((.{0,4}[PLAFIVMY])|($)|(.{0,3}[ED]))",SYHVVRGDIA,3,12,TBCD5_HUMAN,Homo sapiens,22354992,true positive,54,26,ordered
ELME000368,LIG_LIR_Gen_1,Atg8 protein family ligands,LIG,Canonical LIR motif that binds to Atg8/LC3 protein family members to mediate processes involved in autophagy.,PF02991,Atg8,Autophagy protein Atg8 ubiquitin like,"[EDST].{0,2}[WFY][^RKPGWFY][^PG][ILVFM]((.{0,4}[PLAFIVMY])|($)|(.{0,3}[ED]))",SYHVVRGDIA,3,12,TCPR1_HUMAN,Homo sapiens,32532970,true positive,54,26,ordered
ELME000368,LIG_LIR_Gen_1,Atg8 protein family ligands,LIG,Canonical LIR motif that binds to Atg8/LC3 protein family members to mediate processes involved in autophagy.,PF02991,Atg8,Autophagy protein Atg8 ubiquitin like,"[EDST].{0,2}[WFY][^RKPGWFY][^PG][ILVFM]((.{0,4}[PLAFIVMY])|($)|(.{0,3}[ED]))",SYHVVRGDIA,3,12,TCPR2_HUMAN,Homo sapiens,26431026 33213269,true positive,54,26,ordered
ELME000368,LIG_LIR_Gen_1,Atg8 protein family ligands,LIG,Canonical LIR motif that binds to Atg8/LC3 protein family members to mediate processes involved in autophagy.,PF02991,Atg8,Autophagy protein Atg8 ubiquitin like,"[EDST].{0,2}[WFY][^RKPGWFY][^PG][ILVFM]((.{0,4}[PLAFIVMY])|($)|(.{0,3}[ED]))",SYHVVRGDIA,3,12,TX264_HUMAN,Homo sapiens,31006537,true positive,54,26,ordered
ELME000368,LIG_LIR_Gen_1,Atg8 protein family ligands,LIG,Canonical LIR motif that binds to Atg8/LC3 protein family members to mediate processes involved in autophagy.,PF02991,Atg8,Autophagy protein Atg8 ubiquitin like,"[EDST].{0,2}[WFY][^RKPGWFY][^PG][ILVFM]((.{0,4}[PLAFIVMY])|($)|(.{0,3}[ED]))",SYHVVRGDIA,3,12,ULK1_HUMAN,Homo sapiens,31053714,true positive,54,26,ordered
ELME000368,LIG_LIR_Gen_1,Atg8 protein family ligands,LIG,Canonical LIR motif that binds to Atg8/LC3 protein family members to mediate processes involved in autophagy.,PF02991,Atg8,Autophagy protein Atg8 ubiquitin like,"[EDST].{0,2}[WFY][^RKPGWFY][^PG][ILVFM]((.{0,4}[PLAFIVMY])|($)|(.{0,3}[ED]))",SYHVVRGDIA,3,12,ULK2_HUMAN,Homo sapiens,23043107,true positive,54,26,ordered
ELME000368,LIG_LIR_Gen_1,Atg8 protein family ligands,LIG,Canonical LIR motif that binds to Atg8/LC3 protein family members to mediate processes involved in autophagy.,PF02991,Atg8,Autophagy protein Atg8 ubiquitin like,"[EDST].{0,2}[WFY][^RKPGWFY][^PG][ILVFM]((.{0,4}[PLAFIVMY])|($)|(.{0,3}[ED]))",SYHVVRGDIA,3,12,W6PPR4_MOUSE,Mus musculus,25552561,true positive,54,26,ordered
ELME000368,LIG_LIR_Gen_1,Atg8 protein family ligands,LIG,Canonical LIR motif that binds to Atg8/LC3 protein family members to mediate processes involved in autophagy.,PF02991,Atg8,Autophagy protein Atg8 ubiquitin like,"[EDST].{0,2}[WFY][^RKPGWFY][^PG][ILVFM]((.{0,4}[PLAFIVMY])|($)|(.{0,3}[ED]))",SYHVVRGDIA,3,12,WDFY3_HUMAN,Homo sapiens,24668264,true positive,54,26,ordered
ELME000368,LIG_LIR_Gen_1,Atg8 protein family ligands,LIG,Canonical LIR motif that binds to Atg8/LC3 protein family members to mediate processes involved in autophagy.,PF02991,Atg8,Autophagy protein Atg8 ubiquitin like,"[EDST].{0,2}[WFY][^RKPGWFY][^PG][ILVFM]((.{0,4}[PLAFIVMY])|($)|(.{0,3}[ED]))",EAYESIAKIV,87,96,AMRA1_HUMAN,Homo sapiens,30217973,true positive,54,26,ordered
ELME000368,LIG_LIR_Gen_1,Atg8 protein family ligands,LIG,Canonical LIR motif that binds to Atg8/LC3 protein family members to mediate processes involved in autophagy.,PF02991,Atg8,Autophagy protein Atg8 ubiquitin like,"[EDST].{0,2}[WFY][^RKPGWFY][^PG][ILVFM]((.{0,4}[PLAFIVMY])|($)|(.{0,3}[ED]))",EAYESIAKIV,87,96,ANK2_HUMAN,Homo sapiens,29867141,true positive,54,26,ordered
ELME000368,LIG_LIR_Gen_1,Atg8 protein family ligands,LIG,Canonical LIR motif that binds to Atg8/LC3 protein family members to mediate processes involved in autophagy.,PF02991,Atg8,Autophagy protein Atg8 ubiquitin like,"[EDST].{0,2}[WFY][^RKPGWFY][^PG][ILVFM]((.{0,4}[PLAFIVMY])|($)|(.{0,3}[ED]))",EAYESIAKIV,87,96,ANK3_RAT,Rattus norvegicus,29867141,true positive,54,26,ordered
ELME000368,LIG_LIR_Gen_1,Atg8 protein family ligands,LIG,Canonical LIR motif that binds to Atg8/LC3 protein family members to mediate processes involved in autophagy.,PF02991,Atg8,Autophagy protein Atg8 ubiquitin like,"[EDST].{0,2}[WFY][^RKPGWFY][^PG][ILVFM]((.{0,4}[PLAFIVMY])|($)|(.{0,3}[ED]))",EAYESIAKIV,87,96,ATG13_HUMAN,Homo sapiens,24290141 31053714,true positive,54,26,ordered
ELME000368,LIG_LIR_Gen_1,Atg8 protein family ligands,LIG,Canonical LIR motif that binds to Atg8/LC3 protein family members to mediate processes involved in autophagy.,PF02991,Atg8,Autophagy protein Atg8 ubiquitin like,"[EDST].{0,2}[WFY][^RKPGWFY][^PG][ILVFM]((.{0,4}[PLAFIVMY])|($)|(.{0,3}[ED]))",EAYESIAKIV,87,96,ATG19_YEAST,Saccharomyces cerevisiae S288c,26687600,true positive,54,26,ordered
ELME000368,LIG_LIR_Gen_1,Atg8 protein family ligands,LIG,Canonical LIR motif that binds to Atg8/LC3 protein family members to mediate processes involved in autophagy.,PF02991,Atg8,Autophagy protein Atg8 ubiquitin like,"[EDST].{0,2}[WFY][^RKPGWFY][^PG][ILVFM]((.{0,4}[PLAFIVMY])|($)|(.{0,3}[ED]))",EAYESIAKIV,87,96,ATG32_YEAST,Saccharomyces cerevisiae S288c,22308029,true positive,54,26,ordered
ELME000368,LIG_LIR_Gen_1,Atg8 protein family ligands,LIG,Canonical LIR motif that binds to Atg8/LC3 protein family members to mediate processes involved in autophagy.,PF02991,Atg8,Autophagy protein Atg8 ubiquitin like,"[EDST].{0,2}[WFY][^RKPGWFY][^PG][ILVFM]((.{0,4}[PLAFIVMY])|($)|(.{0,3}[ED]))",EAYESIAKIV,87,96,ATG3_YEAST,Saccharomyces cerevisiae S288c,20615880,true positive,54,26,ordered
ELME000368,LIG_LIR_Gen_1,Atg8 protein family ligands,LIG,Canonical LIR motif that binds to Atg8/LC3 protein family members to mediate processes involved in autophagy.,PF02991,Atg8,Autophagy protein Atg8 ubiquitin like,"[EDST].{0,2}[WFY][^RKPGWFY][^PG][ILVFM]((.{0,4}[PLAFIVMY])|($)|(.{0,3}[ED]))",EAYESIAKIV,87,96,ATG40_YEAST,Saccharomyces cerevisiae S288c,32620754,true positive,54,26,ordered
ELME000368,LIG_LIR_Gen_1,Atg8 protein family ligands,LIG,Canonical LIR motif that binds to Atg8/LC3 protein family members to mediate processes involved in autophagy.,PF02991,Atg8,Autophagy protein Atg8 ubiquitin like,"[EDST].{0,2}[WFY][^RKPGWFY][^PG][ILVFM]((.{0,4}[PLAFIVMY])|($)|(.{0,3}[ED]))",EAYESIAKIV,87,96,ATG4B_HUMAN,Homo sapiens,19322194,true positive,54,26,ordered
ELME000368,LIG_LIR_Gen_1,Atg8 protein family ligands,LIG,Canonical LIR motif that binds to Atg8/LC3 protein family members to mediate processes involved in autophagy.,PF02991,Atg8,Autophagy protein Atg8 ubiquitin like,"[EDST].{0,2}[WFY][^RKPGWFY][^PG][ILVFM]((.{0,4}[PLAFIVMY])|($)|(.{0,3}[ED]))",EAYESIAKIV,87,96,B2L13_MOUSE,Mus musculus,26146385,true positive,54,26,ordered
ELME000368,LIG_LIR_Gen_1,Atg8 protein family ligands,LIG,Canonical LIR motif that binds to Atg8/LC3 protein family members to mediate processes involved in autophagy.,PF02991,Atg8,Autophagy protein Atg8 ubiquitin like,"[EDST].{0,2}[WFY][^RKPGWFY][^PG][ILVFM]((.{0,4}[PLAFIVMY])|($)|(.{0,3}[ED]))",EAYESIAKIV,87,96,BAKOR_HUMAN,Homo sapiens,30767700,true positive,54,26,ordered
ELME000368,LIG_LIR_Gen_1,Atg8 protein family ligands,LIG,Canonical LIR motif that binds to Atg8/LC3 protein family members to mediate processes involved in autophagy.,PF02991,Atg8,Autophagy protein Atg8 ubiquitin like,"[EDST].{0,2}[WFY][^RKPGWFY][^PG][ILVFM]((.{0,4}[PLAFIVMY])|($)|(.{0,3}[ED]))",EAYESIAKIV,87,96,BECN1_HUMAN,Homo sapiens,30767700,true positive,54,26,ordered
ELME000368,LIG_LIR_Gen_1,Atg8 protein family ligands,LIG,Canonical LIR motif that binds to Atg8/LC3 protein family members to mediate processes involved in autophagy.,PF02991,Atg8,Autophagy protein Atg8 ubiquitin like,"[EDST].{0,2}[WFY][^RKPGWFY][^PG][ILVFM]((.{0,4}[PLAFIVMY])|($)|(.{0,3}[ED]))",EAYESIAKIV,87,96,BNI3L_HUMAN,Homo sapiens,28442745,true positive,54,26,ordered
ELME000368,LIG_LIR_Gen_1,Atg8 protein family ligands,LIG,Canonical LIR motif that binds to Atg8/LC3 protein family members to mediate processes involved in autophagy.,PF02991,Atg8,Autophagy protein Atg8 ubiquitin like,"[EDST].{0,2}[WFY][^RKPGWFY][^PG][ILVFM]((.{0,4}[PLAFIVMY])|($)|(.{0,3}[ED]))",EAYESIAKIV,87,96,BNIP3_HUMAN,Homo sapiens,23209295 22505714,true positive,54,26,ordered
ELME000368,LIG_LIR_Gen_1,Atg8 protein family ligands,LIG,Canonical LIR motif that binds to Atg8/LC3 protein family members to mediate processes involved in autophagy.,PF02991,Atg8,Autophagy protein Atg8 ubiquitin like,"[EDST].{0,2}[WFY][^RKPGWFY][^PG][ILVFM]((.{0,4}[PLAFIVMY])|($)|(.{0,3}[ED]))",EAYESIAKIV,87,96,CLH1_HUMAN,Homo sapiens,18027972,true positive,54,26,ordered
ELME000368,LIG_LIR_Gen_1,Atg8 protein family ligands,LIG,Canonical LIR motif that binds to Atg8/LC3 protein family members to mediate processes involved in autophagy.,PF02991,Atg8,Autophagy protein Atg8 ubiquitin like,"[EDST].{0,2}[WFY][^RKPGWFY][^PG][ILVFM]((.{0,4}[PLAFIVMY])|($)|(.{0,3}[ED]))",EAYESIAKIV,87,96,FKBP8_HUMAN,Homo sapiens,28381481,true positive,54,26,ordered
ELME000368,LIG_LIR_Gen_1,Atg8 protein family ligands,LIG,Canonical LIR motif that binds to Atg8/LC3 protein family members to mediate processes involved in autophagy.,PF02991,Atg8,Autophagy protein Atg8 ubiquitin like,"[EDST].{0,2}[WFY][^RKPGWFY][^PG][ILVFM]((.{0,4}[PLAFIVMY])|($)|(.{0,3}[ED]))",EAYESIAKIV,87,96,FYCO1_HUMAN,Homo sapiens,27246247,true positive,54,26,ordered
ELME000368,LIG_LIR_Gen_1,Atg8 protein family ligands,LIG,Canonical LIR motif that binds to Atg8/LC3 protein family members to mediate processes involved in autophagy.,PF02991,Atg8,Autophagy protein Atg8 ubiquitin like,"[EDST].{0,2}[WFY][^RKPGWFY][^PG][ILVFM]((.{0,4}[PLAFIVMY])|($)|(.{0,3}[ED]))",EAYESIAKIV,87,96,JIP1_HUMAN,Homo sapiens,24914561,true positive,54,26,ordered
ELME000368,LIG_LIR_Gen_1,Atg8 protein family ligands,LIG,Canonical LIR motif that binds to Atg8/LC3 protein family members to mediate processes involved in autophagy.,PF02991,Atg8,Autophagy protein Atg8 ubiquitin like,"[EDST].{0,2}[WFY][^RKPGWFY][^PG][ILVFM]((.{0,4}[PLAFIVMY])|($)|(.{0,3}[ED]))",EAYESIAKIV,87,96,M2_I34A1,Influenza A virus (A/Puerto Rico/8/1934(H1N1)),24528869,true positive,54,26,ordered
ELME000368,LIG_LIR_Gen_1,Atg8 protein family ligands,LIG,Canonical LIR motif that binds to Atg8/LC3 protein family members to mediate processes involved in autophagy.,PF02991,Atg8,Autophagy protein Atg8 ubiquitin like,"[EDST].{0,2}[WFY][^RKPGWFY][^PG][ILVFM]((.{0,4}[PLAFIVMY])|($)|(.{0,3}[ED]))",EAYESIAKIV,87,96,NBR1_HUMAN,Homo sapiens,19250911 21620860,true positive,54,26,ordered
ELME000368,LIG_LIR_Gen_1,Atg8 protein family ligands,LIG,Canonical LIR motif that binds to Atg8/LC3 protein family members to mediate processes involved in autophagy.,PF02991,Atg8,Autophagy protein Atg8 ubiquitin like,"[EDST].{0,2}[WFY][^RKPGWFY][^PG][ILVFM]((.{0,4}[PLAFIVMY])|($)|(.{0,3}[ED]))",EAYESIAKIV,87,96,NEDD4_HUMAN,Homo sapiens,28470758,true positive,54,26,ordered
ELME000368,LIG_LIR_Gen_1,Atg8 protein family ligands,LIG,Canonical LIR motif that binds to Atg8/LC3 protein family members to mediate processes involved in autophagy.,PF02991,Atg8,Autophagy protein Atg8 ubiquitin like,"[EDST].{0,2}[WFY][^RKPGWFY][^PG][ILVFM]((.{0,4}[PLAFIVMY])|($)|(.{0,3}[ED]))",EAYESIAKIV,87,96,NEMO_DROME,Drosophila melanogaster,29097655,true positive,54,26,ordered
ELME000368,LIG_LIR_Gen_1,Atg8 protein family ligands,LIG,Canonical LIR motif that binds to Atg8/LC3 protein family members to mediate processes involved in autophagy.,PF02991,Atg8,Autophagy protein Atg8 ubiquitin like,"[EDST].{0,2}[WFY][^RKPGWFY][^PG][ILVFM]((.{0,4}[PLAFIVMY])|($)|(.{0,3}[ED]))",EAYESIAKIV,87,96,OPTN_HUMAN,Homo sapiens,21617041 23805866,true positive,54,26,ordered
ELME000368,LIG_LIR_Gen_1,Atg8 protein family ligands,LIG,Canonical LIR motif that binds to Atg8/LC3 protein family members to mediate processes involved in autophagy.,PF02991,Atg8,Autophagy protein Atg8 ubiquitin like,"[EDST].{0,2}[WFY][^RKPGWFY][^PG][ILVFM]((.{0,4}[PLAFIVMY])|($)|(.{0,3}[ED]))",EAYESIAKIV,87,96,PAXI_HUMAN,Homo sapiens,27184837,true positive,54,26,ordered
ELME000368,LIG_LIR_Gen_1,Atg8 protein family ligands,LIG,Canonical LIR motif that binds to Atg8/LC3 protein family members to mediate processes involved in autophagy.,PF02991,Atg8,Autophagy protein Atg8 ubiquitin like,"[EDST].{0,2}[WFY][^RKPGWFY][^PG][ILVFM]((.{0,4}[PLAFIVMY])|($)|(.{0,3}[ED]))",EAYESIAKIV,87,96,PCM1_HUMAN,Homo sapiens,31519908 31053714,true positive,54,26,ordered
ELME000368,LIG_LIR_Gen_1,Atg8 protein family ligands,LIG,Canonical LIR motif that binds to Atg8/LC3 protein family members to mediate processes involved in autophagy.,PF02991,Atg8,Autophagy protein Atg8 ubiquitin like,"[EDST].{0,2}[WFY][^RKPGWFY][^PG][ILVFM]((.{0,4}[PLAFIVMY])|($)|(.{0,3}[ED]))",EAYESIAKIV,87,96,PK3C3_HUMAN,Homo sapiens,30767700,unknown,54,26,ordered
ELME000368,LIG_LIR_Gen_1,Atg8 protein family ligands,LIG,Canonical LIR motif that binds to Atg8/LC3 protein family members to mediate processes involved in autophagy.,PF02991,Atg8,Autophagy protein Atg8 ubiquitin like,"[EDST].{0,2}[WFY][^RKPGWFY][^PG][ILVFM]((.{0,4}[PLAFIVMY])|($)|(.{0,3}[ED]))",EAYESIAKIV,87,96,PKHM1_HUMAN,Homo sapiens,28655748,true positive,54,26,ordered
ELME000368,LIG_LIR_Gen_1,Atg8 protein family ligands,LIG,Canonical LIR motif that binds to Atg8/LC3 protein family members to mediate processes involved in autophagy.,PF02991,Atg8,Autophagy protein Atg8 ubiquitin like,"[EDST].{0,2}[WFY][^RKPGWFY][^PG][ILVFM]((.{0,4}[PLAFIVMY])|($)|(.{0,3}[ED]))",EAYESIAKIV,87,96,Q5ZUV9_LEGPH,Legionella pneumophila subsp. pneumophila str. Philadelphia 1,28395732 27791457 28668392,true positive,54,26,ordered
ELME000368,LIG_LIR_Gen_1,Atg8 protein family ligands,LIG,Canonical LIR motif that binds to Atg8/LC3 protein family members to mediate processes involved in autophagy.,PF02991,Atg8,Autophagy protein Atg8 ubiquitin like,"[EDST].{0,2}[WFY][^RKPGWFY][^PG][ILVFM]((.{0,4}[PLAFIVMY])|($)|(.{0,3}[ED]))",EAYESIAKIV,87,96,Q5ZUV9_LEGPH,Legionella pneumophila subsp. pneumophila str. Philadelphia 1,28395732 27791457 31722778 28668392,true positive,54,26,ordered
ELME000368,LIG_LIR_Gen_1,Atg8 protein family ligands,LIG,Canonical LIR motif that binds to Atg8/LC3 protein family members to mediate processes involved in autophagy.,PF02991,Atg8,Autophagy protein Atg8 ubiquitin like,"[EDST].{0,2}[WFY][^RKPGWFY][^PG][ILVFM]((.{0,4}[PLAFIVMY])|($)|(.{0,3}[ED]))",EAYESIAKIV,87,96,Q8MQJ7_DROME,Drosophila melanogaster,23043107,true positive,54,26,ordered
ELME000368,LIG_LIR_Gen_1,Atg8 protein family ligands,LIG,Canonical LIR motif that binds to Atg8/LC3 protein family members to mediate processes involved in autophagy.,PF02991,Atg8,Autophagy protein Atg8 ubiquitin like,"[EDST].{0,2}[WFY][^RKPGWFY][^PG][ILVFM]((.{0,4}[PLAFIVMY])|($)|(.{0,3}[ED]))",EAYESIAKIV,87,96,Q95V81_DROME,Drosophila melanogaster,32460019,true positive,54,26,ordered
ELME000368,LIG_LIR_Gen_1,Atg8 protein family ligands,LIG,Canonical LIR motif that binds to Atg8/LC3 protein family members to mediate processes involved in autophagy.,PF02991,Atg8,Autophagy protein Atg8 ubiquitin like,"[EDST].{0,2}[WFY][^RKPGWFY][^PG][ILVFM]((.{0,4}[PLAFIVMY])|($)|(.{0,3}[ED]))",EAYESIAKIV,87,96,RBCC1_HUMAN,Homo sapiens,31053714,true positive,54,26,ordered
ELME000368,LIG_LIR_Gen_1,Atg8 protein family ligands,LIG,Canonical LIR motif that binds to Atg8/LC3 protein family members to mediate processes involved in autophagy.,PF02991,Atg8,Autophagy protein Atg8 ubiquitin like,"[EDST].{0,2}[WFY][^RKPGWFY][^PG][ILVFM]((.{0,4}[PLAFIVMY])|($)|(.{0,3}[ED]))",EAYESIAKIV,87,96,RD54_PHYIT,Phytophthora infestans T30-4,26765567 27458016,true positive,54,26,ordered
ELME000368,LIG_LIR_Gen_1,Atg8 protein family ligands,LIG,Canonical LIR motif that binds to Atg8/LC3 protein family members to mediate processes involved in autophagy.,PF02991,Atg8,Autophagy protein Atg8 ubiquitin like,"[EDST].{0,2}[WFY][^RKPGWFY][^PG][ILVFM]((.{0,4}[PLAFIVMY])|($)|(.{0,3}[ED]))",EAYESIAKIV,87,96,RETR1_HUMAN,Homo sapiens,29867141 32620754,true positive,54,26,ordered
ELME000368,LIG_LIR_Gen_1,Atg8 protein family ligands,LIG,Canonical LIR motif that binds to Atg8/LC3 protein family members to mediate processes involved in autophagy.,PF02991,Atg8,Autophagy protein Atg8 ubiquitin like,"[EDST].{0,2}[WFY][^RKPGWFY][^PG][ILVFM]((.{0,4}[PLAFIVMY])|($)|(.{0,3}[ED]))",EAYESIAKIV,87,96,RTN3_HUMAN,Homo sapiens,32620754,true positive,54,26,ordered
ELME000368,LIG_LIR_Gen_1,Atg8 protein family ligands,LIG,Canonical LIR motif that binds to Atg8/LC3 protein family members to mediate processes involved in autophagy.,PF02991,Atg8,Autophagy protein Atg8 ubiquitin like,"[EDST].{0,2}[WFY][^RKPGWFY][^PG][ILVFM]((.{0,4}[PLAFIVMY])|($)|(.{0,3}[ED]))",EAYESIAKIV,87,96,SEC62_HUMAN,Homo sapiens,32620754,true positive,54,26,ordered
ELME000368,LIG_LIR_Gen_1,Atg8 protein family ligands,LIG,Canonical LIR motif that binds to Atg8/LC3 protein family members to mediate processes involved in autophagy.,PF02991,Atg8,Autophagy protein Atg8 ubiquitin like,"[EDST].{0,2}[WFY][^RKPGWFY][^PG][ILVFM]((.{0,4}[PLAFIVMY])|($)|(.{0,3}[ED]))",EAYESIAKIV,87,96,SQSTM_HUMAN,Homo sapiens,31053714,true positive,54,26,ordered
ELME000368,LIG_LIR_Gen_1,Atg8 protein family ligands,LIG,Canonical LIR motif that binds to Atg8/LC3 protein family members to mediate processes involved in autophagy.,PF02991,Atg8,Autophagy protein Atg8 ubiquitin like,"[EDST].{0,2}[WFY][^RKPGWFY][^PG][ILVFM]((.{0,4}[PLAFIVMY])|($)|(.{0,3}[ED]))",EAYESIAKIV,87,96,STX17_HUMAN,Homo sapiens,32817423,true positive,54,26,ordered
ELME000368,LIG_LIR_Gen_1,Atg8 protein family ligands,LIG,Canonical LIR motif that binds to Atg8/LC3 protein family members to mediate processes involved in autophagy.,PF02991,Atg8,Autophagy protein Atg8 ubiquitin like,"[EDST].{0,2}[WFY][^RKPGWFY][^PG][ILVFM]((.{0,4}[PLAFIVMY])|($)|(.{0,3}[ED]))",EAYESIAKIV,87,96,TBC25_HUMAN,Homo sapiens,21383079,true positive,54,26,ordered
ELME000368,LIG_LIR_Gen_1,Atg8 protein family ligands,LIG,Canonical LIR motif that binds to Atg8/LC3 protein family members to mediate processes involved in autophagy.,PF02991,Atg8,Autophagy protein Atg8 ubiquitin like,"[EDST].{0,2}[WFY][^RKPGWFY][^PG][ILVFM]((.{0,4}[PLAFIVMY])|($)|(.{0,3}[ED]))",EAYESIAKIV,87,96,TBCD5_HUMAN,Homo sapiens,22354992,true positive,54,26,ordered
ELME000368,LIG_LIR_Gen_1,Atg8 protein family ligands,LIG,Canonical LIR motif that binds to Atg8/LC3 protein family members to mediate processes involved in autophagy.,PF02991,Atg8,Autophagy protein Atg8 ubiquitin like,"[EDST].{0,2}[WFY][^RKPGWFY][^PG][ILVFM]((.{0,4}[PLAFIVMY])|($)|(.{0,3}[ED]))",EAYESIAKIV,87,96,TCPR1_HUMAN,Homo sapiens,32532970,true positive,54,26,ordered
ELME000368,LIG_LIR_Gen_1,Atg8 protein family ligands,LIG,Canonical LIR motif that binds to Atg8/LC3 protein family members to mediate processes involved in autophagy.,PF02991,Atg8,Autophagy protein Atg8 ubiquitin like,"[EDST].{0,2}[WFY][^RKPGWFY][^PG][ILVFM]((.{0,4}[PLAFIVMY])|($)|(.{0,3}[ED]))",EAYESIAKIV,87,96,TCPR2_HUMAN,Homo sapiens,26431026 33213269,true positive,54,26,ordered
ELME000368,LIG_LIR_Gen_1,Atg8 protein family ligands,LIG,Canonical LIR motif that binds to Atg8/LC3 protein family members to mediate processes involved in autophagy.,PF02991,Atg8,Autophagy protein Atg8 ubiquitin like,"[EDST].{0,2}[WFY][^RKPGWFY][^PG][ILVFM]((.{0,4}[PLAFIVMY])|($)|(.{0,3}[ED]))",EAYESIAKIV,87,96,TX264_HUMAN,Homo sapiens,31006537,true positive,54,26,ordered
ELME000368,LIG_LIR_Gen_1,Atg8 protein family ligands,LIG,Canonical LIR motif that binds to Atg8/LC3 protein family members to mediate processes involved in autophagy.,PF02991,Atg8,Autophagy protein Atg8 ubiquitin like,"[EDST].{0,2}[WFY][^RKPGWFY][^PG][ILVFM]((.{0,4}[PLAFIVMY])|($)|(.{0,3}[ED]))",EAYESIAKIV,87,96,ULK1_HUMAN,Homo sapiens,31053714,true positive,54,26,ordered
ELME000368,LIG_LIR_Gen_1,Atg8 protein family ligands,LIG,Canonical LIR motif that binds to Atg8/LC3 protein family members to mediate processes involved in autophagy.,PF02991,Atg8,Autophagy protein Atg8 ubiquitin like,"[EDST].{0,2}[WFY][^RKPGWFY][^PG][ILVFM]((.{0,4}[PLAFIVMY])|($)|(.{0,3}[ED]))",EAYESIAKIV,87,96,ULK2_HUMAN,Homo sapiens,23043107,true positive,54,26,ordered
ELME000368,LIG_LIR_Gen_1,Atg8 protein family ligands,LIG,Canonical LIR motif that binds to Atg8/LC3 protein family members to mediate processes involved in autophagy.,PF02991,Atg8,Autophagy protein Atg8 ubiquitin like,"[EDST].{0,2}[WFY][^RKPGWFY][^PG][ILVFM]((.{0,4}[PLAFIVMY])|($)|(.{0,3}[ED]))",EAYESIAKIV,87,96,W6PPR4_MOUSE,Mus musculus,25552561,true positive,54,26,ordered
ELME000368,LIG_LIR_Gen_1,Atg8 protein family ligands,LIG,Canonical LIR motif that binds to Atg8/LC3 protein family members to mediate processes involved in autophagy.,PF02991,Atg8,Autophagy protein Atg8 ubiquitin like,"[EDST].{0,2}[WFY][^RKPGWFY][^PG][ILVFM]((.{0,4}[PLAFIVMY])|($)|(.{0,3}[ED]))",EAYESIAKIV,87,96,WDFY3_HUMAN,Homo sapiens,24668264,true positive,54,26,ordered
ELME000368,LIG_LIR_Gen_1,Atg8 protein family ligands,LIG,Canonical LIR motif that binds to Atg8/LC3 protein family members to mediate processes involved in autophagy.,PF02991,Atg8,Autophagy protein Atg8 ubiquitin like,"[EDST].{0,2}[WFY][^RKPGWFY][^PG][ILVFM]((.{0,4}[PLAFIVMY])|($)|(.{0,3}[ED]))",TFSYLEGTKF,202,211,AMRA1_HUMAN,Homo sapiens,30217973,true positive,54,26,ordered
ELME000368,LIG_LIR_Gen_1,Atg8 protein family ligands,LIG,Canonical LIR motif that binds to Atg8/LC3 protein family members to mediate processes involved in autophagy.,PF02991,Atg8,Autophagy protein Atg8 ubiquitin like,"[EDST].{0,2}[WFY][^RKPGWFY][^PG][ILVFM]((.{0,4}[PLAFIVMY])|($)|(.{0,3}[ED]))",TFSYLEGTKF,202,211,ANK2_HUMAN,Homo sapiens,29867141,true positive,54,26,ordered
ELME000368,LIG_LIR_Gen_1,Atg8 protein family ligands,LIG,Canonical LIR motif that binds to Atg8/LC3 protein family members to mediate processes involved in autophagy.,PF02991,Atg8,Autophagy protein Atg8 ubiquitin like,"[EDST].{0,2}[WFY][^RKPGWFY][^PG][ILVFM]((.{0,4}[PLAFIVMY])|($)|(.{0,3}[ED]))",TFSYLEGTKF,202,211,ANK3_RAT,Rattus norvegicus,29867141,true positive,54,26,ordered
ELME000368,LIG_LIR_Gen_1,Atg8 protein family ligands,LIG,Canonical LIR motif that binds to Atg8/LC3 protein family members to mediate processes involved in autophagy.,PF02991,Atg8,Autophagy protein Atg8 ubiquitin like,"[EDST].{0,2}[WFY][^RKPGWFY][^PG][ILVFM]((.{0,4}[PLAFIVMY])|($)|(.{0,3}[ED]))",TFSYLEGTKF,202,211,ATG13_HUMAN,Homo sapiens,24290141 31053714,true positive,54,26,ordered
ELME000368,LIG_LIR_Gen_1,Atg8 protein family ligands,LIG,Canonical LIR motif that binds to Atg8/LC3 protein family members to mediate processes involved in autophagy.,PF02991,Atg8,Autophagy protein Atg8 ubiquitin like,"[EDST].{0,2}[WFY][^RKPGWFY][^PG][ILVFM]((.{0,4}[PLAFIVMY])|($)|(.{0,3}[ED]))",TFSYLEGTKF,202,211,ATG19_YEAST,Saccharomyces cerevisiae S288c,26687600,true positive,54,26,ordered
ELME000368,LIG_LIR_Gen_1,Atg8 protein family ligands,LIG,Canonical LIR motif that binds to Atg8/LC3 protein family members to mediate processes involved in autophagy.,PF02991,Atg8,Autophagy protein Atg8 ubiquitin like,"[EDST].{0,2}[WFY][^RKPGWFY][^PG][ILVFM]((.{0,4}[PLAFIVMY])|($)|(.{0,3}[ED]))",TFSYLEGTKF,202,211,ATG32_YEAST,Saccharomyces cerevisiae S288c,22308029,true positive,54,26,ordered
ELME000368,LIG_LIR_Gen_1,Atg8 protein family ligands,LIG,Canonical LIR motif that binds to Atg8/LC3 protein family members to mediate processes involved in autophagy.,PF02991,Atg8,Autophagy protein Atg8 ubiquitin like,"[EDST].{0,2}[WFY][^RKPGWFY][^PG][ILVFM]((.{0,4}[PLAFIVMY])|($)|(.{0,3}[ED]))",TFSYLEGTKF,202,211,ATG3_YEAST,Saccharomyces cerevisiae S288c,20615880,true positive,54,26,ordered
ELME000368,LIG_LIR_Gen_1,Atg8 protein family ligands,LIG,Canonical LIR motif that binds to Atg8/LC3 protein family members to mediate processes involved in autophagy.,PF02991,Atg8,Autophagy protein Atg8 ubiquitin like,"[EDST].{0,2}[WFY][^RKPGWFY][^PG][ILVFM]((.{0,4}[PLAFIVMY])|($)|(.{0,3}[ED]))",TFSYLEGTKF,202,211,ATG40_YEAST,Saccharomyces cerevisiae S288c,32620754,true positive,54,26,ordered
ELME000368,LIG_LIR_Gen_1,Atg8 protein family ligands,LIG,Canonical LIR motif that binds to Atg8/LC3 protein family members to mediate processes involved in autophagy.,PF02991,Atg8,Autophagy protein Atg8 ubiquitin like,"[EDST].{0,2}[WFY][^RKPGWFY][^PG][ILVFM]((.{0,4}[PLAFIVMY])|($)|(.{0,3}[ED]))",TFSYLEGTKF,202,211,ATG4B_HUMAN,Homo sapiens,19322194,true positive,54,26,ordered
ELME000368,LIG_LIR_Gen_1,Atg8 protein family ligands,LIG,Canonical LIR motif that binds to Atg8/LC3 protein family members to mediate processes involved in autophagy.,PF02991,Atg8,Autophagy protein Atg8 ubiquitin like,"[EDST].{0,2}[WFY][^RKPGWFY][^PG][ILVFM]((.{0,4}[PLAFIVMY])|($)|(.{0,3}[ED]))",TFSYLEGTKF,202,211,B2L13_MOUSE,Mus musculus,26146385,true positive,54,26,ordered
ELME000368,LIG_LIR_Gen_1,Atg8 protein family ligands,LIG,Canonical LIR motif that binds to Atg8/LC3 protein family members to mediate processes involved in autophagy.,PF02991,Atg8,Autophagy protein Atg8 ubiquitin like,"[EDST].{0,2}[WFY][^RKPGWFY][^PG][ILVFM]((.{0,4}[PLAFIVMY])|($)|(.{0,3}[ED]))",TFSYLEGTKF,202,211,BAKOR_HUMAN,Homo sapiens,30767700,true positive,54,26,ordered
ELME000368,LIG_LIR_Gen_1,Atg8 protein family ligands,LIG,Canonical LIR motif that binds to Atg8/LC3 protein family members to mediate processes involved in autophagy.,PF02991,Atg8,Autophagy protein Atg8 ubiquitin like,"[EDST].{0,2}[WFY][^RKPGWFY][^PG][ILVFM]((.{0,4}[PLAFIVMY])|($)|(.{0,3}[ED]))",TFSYLEGTKF,202,211,BECN1_HUMAN,Homo sapiens,30767700,true positive,54,26,ordered
ELME000368,LIG_LIR_Gen_1,Atg8 protein family ligands,LIG,Canonical LIR motif that binds to Atg8/LC3 protein family members to mediate processes involved in autophagy.,PF02991,Atg8,Autophagy protein Atg8 ubiquitin like,"[EDST].{0,2}[WFY][^RKPGWFY][^PG][ILVFM]((.{0,4}[PLAFIVMY])|($)|(.{0,3}[ED]))",TFSYLEGTKF,202,211,BNI3L_HUMAN,Homo sapiens,28442745,true positive,54,26,ordered
ELME000368,LIG_LIR_Gen_1,Atg8 protein family ligands,LIG,Canonical LIR motif that binds to Atg8/LC3 protein family members to mediate processes involved in autophagy.,PF02991,Atg8,Autophagy protein Atg8 ubiquitin like,"[EDST].{0,2}[WFY][^RKPGWFY][^PG][ILVFM]((.{0,4}[PLAFIVMY])|($)|(.{0,3}[ED]))",TFSYLEGTKF,202,211,BNIP3_HUMAN,Homo sapiens,23209295 22505714,true positive,54,26,ordered
ELME000368,LIG_LIR_Gen_1,Atg8 protein family ligands,LIG,Canonical LIR motif that binds to Atg8/LC3 protein family members to mediate processes involved in autophagy.,PF02991,Atg8,Autophagy protein Atg8 ubiquitin like,"[EDST].{0,2}[WFY][^RKPGWFY][^PG][ILVFM]((.{0,4}[PLAFIVMY])|($)|(.{0,3}[ED]))",TFSYLEGTKF,202,211,CLH1_HUMAN,Homo sapiens,18027972,true positive,54,26,ordered
ELME000368,LIG_LIR_Gen_1,Atg8 protein family ligands,LIG,Canonical LIR motif that binds to Atg8/LC3 protein family members to mediate processes involved in autophagy.,PF02991,Atg8,Autophagy protein Atg8 ubiquitin like,"[EDST].{0,2}[WFY][^RKPGWFY][^PG][ILVFM]((.{0,4}[PLAFIVMY])|($)|(.{0,3}[ED]))",TFSYLEGTKF,202,211,FKBP8_HUMAN,Homo sapiens,28381481,true positive,54,26,ordered
ELME000368,LIG_LIR_Gen_1,Atg8 protein family ligands,LIG,Canonical LIR motif that binds to Atg8/LC3 protein family members to mediate processes involved in autophagy.,PF02991,Atg8,Autophagy protein Atg8 ubiquitin like,"[EDST].{0,2}[WFY][^RKPGWFY][^PG][ILVFM]((.{0,4}[PLAFIVMY])|($)|(.{0,3}[ED]))",TFSYLEGTKF,202,211,FYCO1_HUMAN,Homo sapiens,27246247,true positive,54,26,ordered
ELME000368,LIG_LIR_Gen_1,Atg8 protein family ligands,LIG,Canonical LIR motif that binds to Atg8/LC3 protein family members to mediate processes involved in autophagy.,PF02991,Atg8,Autophagy protein Atg8 ubiquitin like,"[EDST].{0,2}[WFY][^RKPGWFY][^PG][ILVFM]((.{0,4}[PLAFIVMY])|($)|(.{0,3}[ED]))",TFSYLEGTKF,202,211,JIP1_HUMAN,Homo sapiens,24914561,true positive,54,26,ordered
ELME000368,LIG_LIR_Gen_1,Atg8 protein family ligands,LIG,Canonical LIR motif that binds to Atg8/LC3 protein family members to mediate processes involved in autophagy.,PF02991,Atg8,Autophagy protein Atg8 ubiquitin like,"[EDST].{0,2}[WFY][^RKPGWFY][^PG][ILVFM]((.{0,4}[PLAFIVMY])|($)|(.{0,3}[ED]))",TFSYLEGTKF,202,211,M2_I34A1,Influenza A virus (A/Puerto Rico/8/1934(H1N1)),24528869,true positive,54,26,ordered
ELME000368,LIG_LIR_Gen_1,Atg8 protein family ligands,LIG,Canonical LIR motif that binds to Atg8/LC3 protein family members to mediate processes involved in autophagy.,PF02991,Atg8,Autophagy protein Atg8 ubiquitin like,"[EDST].{0,2}[WFY][^RKPGWFY][^PG][ILVFM]((.{0,4}[PLAFIVMY])|($)|(.{0,3}[ED]))",TFSYLEGTKF,202,211,NBR1_HUMAN,Homo sapiens,19250911 21620860,true positive,54,26,ordered
ELME000368,LIG_LIR_Gen_1,Atg8 protein family ligands,LIG,Canonical LIR motif that binds to Atg8/LC3 protein family members to mediate processes involved in autophagy.,PF02991,Atg8,Autophagy protein Atg8 ubiquitin like,"[EDST].{0,2}[WFY][^RKPGWFY][^PG][ILVFM]((.{0,4}[PLAFIVMY])|($)|(.{0,3}[ED]))",TFSYLEGTKF,202,211,NEDD4_HUMAN,Homo sapiens,28470758,true positive,54,26,ordered
ELME000368,LIG_LIR_Gen_1,Atg8 protein family ligands,LIG,Canonical LIR motif that binds to Atg8/LC3 protein family members to mediate processes involved in autophagy.,PF02991,Atg8,Autophagy protein Atg8 ubiquitin like,"[EDST].{0,2}[WFY][^RKPGWFY][^PG][ILVFM]((.{0,4}[PLAFIVMY])|($)|(.{0,3}[ED]))",TFSYLEGTKF,202,211,NEMO_DROME,Drosophila melanogaster,29097655,true positive,54,26,ordered
ELME000368,LIG_LIR_Gen_1,Atg8 protein family ligands,LIG,Canonical LIR motif that binds to Atg8/LC3 protein family members to mediate processes involved in autophagy.,PF02991,Atg8,Autophagy protein Atg8 ubiquitin like,"[EDST].{0,2}[WFY][^RKPGWFY][^PG][ILVFM]((.{0,4}[PLAFIVMY])|($)|(.{0,3}[ED]))",TFSYLEGTKF,202,211,OPTN_HUMAN,Homo sapiens,21617041 23805866,true positive,54,26,ordered
ELME000368,LIG_LIR_Gen_1,Atg8 protein family ligands,LIG,Canonical LIR motif that binds to Atg8/LC3 protein family members to mediate processes involved in autophagy.,PF02991,Atg8,Autophagy protein Atg8 ubiquitin like,"[EDST].{0,2}[WFY][^RKPGWFY][^PG][ILVFM]((.{0,4}[PLAFIVMY])|($)|(.{0,3}[ED]))",TFSYLEGTKF,202,211,PAXI_HUMAN,Homo sapiens,27184837,true positive,54,26,ordered
ELME000368,LIG_LIR_Gen_1,Atg8 protein family ligands,LIG,Canonical LIR motif that binds to Atg8/LC3 protein family members to mediate processes involved in autophagy.,PF02991,Atg8,Autophagy protein Atg8 ubiquitin like,"[EDST].{0,2}[WFY][^RKPGWFY][^PG][ILVFM]((.{0,4}[PLAFIVMY])|($)|(.{0,3}[ED]))",TFSYLEGTKF,202,211,PCM1_HUMAN,Homo sapiens,31519908 31053714,true positive,54,26,ordered
ELME000368,LIG_LIR_Gen_1,Atg8 protein family ligands,LIG,Canonical LIR motif that binds to Atg8/LC3 protein family members to mediate processes involved in autophagy.,PF02991,Atg8,Autophagy protein Atg8 ubiquitin like,"[EDST].{0,2}[WFY][^RKPGWFY][^PG][ILVFM]((.{0,4}[PLAFIVMY])|($)|(.{0,3}[ED]))",TFSYLEGTKF,202,211,PK3C3_HUMAN,Homo sapiens,30767700,unknown,54,26,ordered
ELME000368,LIG_LIR_Gen_1,Atg8 protein family ligands,LIG,Canonical LIR motif that binds to Atg8/LC3 protein family members to mediate processes involved in autophagy.,PF02991,Atg8,Autophagy protein Atg8 ubiquitin like,"[EDST].{0,2}[WFY][^RKPGWFY][^PG][ILVFM]((.{0,4}[PLAFIVMY])|($)|(.{0,3}[ED]))",TFSYLEGTKF,202,211,PKHM1_HUMAN,Homo sapiens,28655748,true positive,54,26,ordered
ELME000368,LIG_LIR_Gen_1,Atg8 protein family ligands,LIG,Canonical LIR motif that binds to Atg8/LC3 protein family members to mediate processes involved in autophagy.,PF02991,Atg8,Autophagy protein Atg8 ubiquitin like,"[EDST].{0,2}[WFY][^RKPGWFY][^PG][ILVFM]((.{0,4}[PLAFIVMY])|($)|(.{0,3}[ED]))",TFSYLEGTKF,202,211,Q5ZUV9_LEGPH,Legionella pneumophila subsp. pneumophila str. Philadelphia 1,28395732 27791457 28668392,true positive,54,26,ordered
ELME000368,LIG_LIR_Gen_1,Atg8 protein family ligands,LIG,Canonical LIR motif that binds to Atg8/LC3 protein family members to mediate processes involved in autophagy.,PF02991,Atg8,Autophagy protein Atg8 ubiquitin like,"[EDST].{0,2}[WFY][^RKPGWFY][^PG][ILVFM]((.{0,4}[PLAFIVMY])|($)|(.{0,3}[ED]))",TFSYLEGTKF,202,211,Q5ZUV9_LEGPH,Legionella pneumophila subsp. pneumophila str. Philadelphia 1,28395732 27791457 31722778 28668392,true positive,54,26,ordered
ELME000368,LIG_LIR_Gen_1,Atg8 protein family ligands,LIG,Canonical LIR motif that binds to Atg8/LC3 protein family members to mediate processes involved in autophagy.,PF02991,Atg8,Autophagy protein Atg8 ubiquitin like,"[EDST].{0,2}[WFY][^RKPGWFY][^PG][ILVFM]((.{0,4}[PLAFIVMY])|($)|(.{0,3}[ED]))",TFSYLEGTKF,202,211,Q8MQJ7_DROME,Drosophila melanogaster,23043107,true positive,54,26,ordered
ELME000368,LIG_LIR_Gen_1,Atg8 protein family ligands,LIG,Canonical LIR motif that binds to Atg8/LC3 protein family members to mediate processes involved in autophagy.,PF02991,Atg8,Autophagy protein Atg8 ubiquitin like,"[EDST].{0,2}[WFY][^RKPGWFY][^PG][ILVFM]((.{0,4}[PLAFIVMY])|($)|(.{0,3}[ED]))",TFSYLEGTKF,202,211,Q95V81_DROME,Drosophila melanogaster,32460019,true positive,54,26,ordered
ELME000368,LIG_LIR_Gen_1,Atg8 protein family ligands,LIG,Canonical LIR motif that binds to Atg8/LC3 protein family members to mediate processes involved in autophagy.,PF02991,Atg8,Autophagy protein Atg8 ubiquitin like,"[EDST].{0,2}[WFY][^RKPGWFY][^PG][ILVFM]((.{0,4}[PLAFIVMY])|($)|(.{0,3}[ED]))",TFSYLEGTKF,202,211,RBCC1_HUMAN,Homo sapiens,31053714,true positive,54,26,ordered
ELME000368,LIG_LIR_Gen_1,Atg8 protein family ligands,LIG,Canonical LIR motif that binds to Atg8/LC3 protein family members to mediate processes involved in autophagy.,PF02991,Atg8,Autophagy protein Atg8 ubiquitin like,"[EDST].{0,2}[WFY][^RKPGWFY][^PG][ILVFM]((.{0,4}[PLAFIVMY])|($)|(.{0,3}[ED]))",TFSYLEGTKF,202,211,RD54_PHYIT,Phytophthora infestans T30-4,26765567 27458016,true positive,54,26,ordered
ELME000368,LIG_LIR_Gen_1,Atg8 protein family ligands,LIG,Canonical LIR motif that binds to Atg8/LC3 protein family members to mediate processes involved in autophagy.,PF02991,Atg8,Autophagy protein Atg8 ubiquitin like,"[EDST].{0,2}[WFY][^RKPGWFY][^PG][ILVFM]((.{0,4}[PLAFIVMY])|($)|(.{0,3}[ED]))",TFSYLEGTKF,202,211,RETR1_HUMAN,Homo sapiens,29867141 32620754,true positive,54,26,ordered
ELME000368,LIG_LIR_Gen_1,Atg8 protein family ligands,LIG,Canonical LIR motif that binds to Atg8/LC3 protein family members to mediate processes involved in autophagy.,PF02991,Atg8,Autophagy protein Atg8 ubiquitin like,"[EDST].{0,2}[WFY][^RKPGWFY][^PG][ILVFM]((.{0,4}[PLAFIVMY])|($)|(.{0,3}[ED]))",TFSYLEGTKF,202,211,RTN3_HUMAN,Homo sapiens,32620754,true positive,54,26,ordered
ELME000368,LIG_LIR_Gen_1,Atg8 protein family ligands,LIG,Canonical LIR motif that binds to Atg8/LC3 protein family members to mediate processes involved in autophagy.,PF02991,Atg8,Autophagy protein Atg8 ubiquitin like,"[EDST].{0,2}[WFY][^RKPGWFY][^PG][ILVFM]((.{0,4}[PLAFIVMY])|($)|(.{0,3}[ED]))",TFSYLEGTKF,202,211,SEC62_HUMAN,Homo sapiens,32620754,true positive,54,26,ordered
ELME000368,LIG_LIR_Gen_1,Atg8 protein family ligands,LIG,Canonical LIR motif that binds to Atg8/LC3 protein family members to mediate processes involved in autophagy.,PF02991,Atg8,Autophagy protein Atg8 ubiquitin like,"[EDST].{0,2}[WFY][^RKPGWFY][^PG][ILVFM]((.{0,4}[PLAFIVMY])|($)|(.{0,3}[ED]))",TFSYLEGTKF,202,211,SQSTM_HUMAN,Homo sapiens,31053714,true positive,54,26,ordered
ELME000368,LIG_LIR_Gen_1,Atg8 protein family ligands,LIG,Canonical LIR motif that binds to Atg8/LC3 protein family members to mediate processes involved in autophagy.,PF02991,Atg8,Autophagy protein Atg8 ubiquitin like,"[EDST].{0,2}[WFY][^RKPGWFY][^PG][ILVFM]((.{0,4}[PLAFIVMY])|($)|(.{0,3}[ED]))",TFSYLEGTKF,202,211,STX17_HUMAN,Homo sapiens,32817423,true positive,54,26,ordered
ELME000368,LIG_LIR_Gen_1,Atg8 protein family ligands,LIG,Canonical LIR motif that binds to Atg8/LC3 protein family members to mediate processes involved in autophagy.,PF02991,Atg8,Autophagy protein Atg8 ubiquitin like,"[EDST].{0,2}[WFY][^RKPGWFY][^PG][ILVFM]((.{0,4}[PLAFIVMY])|($)|(.{0,3}[ED]))",TFSYLEGTKF,202,211,TBC25_HUMAN,Homo sapiens,21383079,true positive,54,26,ordered
ELME000368,LIG_LIR_Gen_1,Atg8 protein family ligands,LIG,Canonical LIR motif that binds to Atg8/LC3 protein family members to mediate processes involved in autophagy.,PF02991,Atg8,Autophagy protein Atg8 ubiquitin like,"[EDST].{0,2}[WFY][^RKPGWFY][^PG][ILVFM]((.{0,4}[PLAFIVMY])|($)|(.{0,3}[ED]))",TFSYLEGTKF,202,211,TBCD5_HUMAN,Homo sapiens,22354992,true positive,54,26,ordered
ELME000368,LIG_LIR_Gen_1,Atg8 protein family ligands,LIG,Canonical LIR motif that binds to Atg8/LC3 protein family members to mediate processes involved in autophagy.,PF02991,Atg8,Autophagy protein Atg8 ubiquitin like,"[EDST].{0,2}[WFY][^RKPGWFY][^PG][ILVFM]((.{0,4}[PLAFIVMY])|($)|(.{0,3}[ED]))",TFSYLEGTKF,202,211,TCPR1_HUMAN,Homo sapiens,32532970,true positive,54,26,ordered
ELME000368,LIG_LIR_Gen_1,Atg8 protein family ligands,LIG,Canonical LIR motif that binds to Atg8/LC3 protein family members to mediate processes involved in autophagy.,PF02991,Atg8,Autophagy protein Atg8 ubiquitin like,"[EDST].{0,2}[WFY][^RKPGWFY][^PG][ILVFM]((.{0,4}[PLAFIVMY])|($)|(.{0,3}[ED]))",TFSYLEGTKF,202,211,TCPR2_HUMAN,Homo sapiens,26431026 33213269,true positive,54,26,ordered
ELME000368,LIG_LIR_Gen_1,Atg8 protein family ligands,LIG,Canonical LIR motif that binds to Atg8/LC3 protein family members to mediate processes involved in autophagy.,PF02991,Atg8,Autophagy protein Atg8 ubiquitin like,"[EDST].{0,2}[WFY][^RKPGWFY][^PG][ILVFM]((.{0,4}[PLAFIVMY])|($)|(.{0,3}[ED]))",TFSYLEGTKF,202,211,TX264_HUMAN,Homo sapiens,31006537,true positive,54,26,ordered
ELME000368,LIG_LIR_Gen_1,Atg8 protein family ligands,LIG,Canonical LIR motif that binds to Atg8/LC3 protein family members to mediate processes involved in autophagy.,PF02991,Atg8,Autophagy protein Atg8 ubiquitin like,"[EDST].{0,2}[WFY][^RKPGWFY][^PG][ILVFM]((.{0,4}[PLAFIVMY])|($)|(.{0,3}[ED]))",TFSYLEGTKF,202,211,ULK1_HUMAN,Homo sapiens,31053714,true positive,54,26,ordered
ELME000368,LIG_LIR_Gen_1,Atg8 protein family ligands,LIG,Canonical LIR motif that binds to Atg8/LC3 protein family members to mediate processes involved in autophagy.,PF02991,Atg8,Autophagy protein Atg8 ubiquitin like,"[EDST].{0,2}[WFY][^RKPGWFY][^PG][ILVFM]((.{0,4}[PLAFIVMY])|($)|(.{0,3}[ED]))",TFSYLEGTKF,202,211,ULK2_HUMAN,Homo sapiens,23043107,true positive,54,26,ordered
ELME000368,LIG_LIR_Gen_1,Atg8 protein family ligands,LIG,Canonical LIR motif that binds to Atg8/LC3 protein family members to mediate processes involved in autophagy.,PF02991,Atg8,Autophagy protein Atg8 ubiquitin like,"[EDST].{0,2}[WFY][^RKPGWFY][^PG][ILVFM]((.{0,4}[PLAFIVMY])|($)|(.{0,3}[ED]))",TFSYLEGTKF,202,211,W6PPR4_MOUSE,Mus musculus,25552561,true positive,54,26,ordered
ELME000368,LIG_LIR_Gen_1,Atg8 protein family ligands,LIG,Canonical LIR motif that binds to Atg8/LC3 protein family members to mediate processes involved in autophagy.,PF02991,Atg8,Autophagy protein Atg8 ubiquitin like,"[EDST].{0,2}[WFY][^RKPGWFY][^PG][ILVFM]((.{0,4}[PLAFIVMY])|($)|(.{0,3}[ED]))",TFSYLEGTKF,202,211,WDFY3_HUMAN,Homo sapiens,24668264,true positive,54,26,ordered
ELME000368,LIG_LIR_Gen_1,Atg8 protein family ligands,LIG,Canonical LIR motif that binds to Atg8/LC3 protein family members to mediate processes involved in autophagy.,PF02991,Atg8,Autophagy protein Atg8 ubiquitin like,"[EDST].{0,2}[WFY][^RKPGWFY][^PG][ILVFM]((.{0,4}[PLAFIVMY])|($)|(.{0,3}[ED]))",EEFEAFVA,538,545,AMRA1_HUMAN,Homo sapiens,30217973,true positive,54,26,inbetween
ELME000368,LIG_LIR_Gen_1,Atg8 protein family ligands,LIG,Canonical LIR motif that binds to Atg8/LC3 protein family members to mediate processes involved in autophagy.,PF02991,Atg8,Autophagy protein Atg8 ubiquitin like,"[EDST].{0,2}[WFY][^RKPGWFY][^PG][ILVFM]((.{0,4}[PLAFIVMY])|($)|(.{0,3}[ED]))",EEFEAFVA,538,545,ANK2_HUMAN,Homo sapiens,29867141,true positive,54,26,inbetween
ELME000368,LIG_LIR_Gen_1,Atg8 protein family ligands,LIG,Canonical LIR motif that binds to Atg8/LC3 protein family members to mediate processes involved in autophagy.,PF02991,Atg8,Autophagy protein Atg8 ubiquitin like,"[EDST].{0,2}[WFY][^RKPGWFY][^PG][ILVFM]((.{0,4}[PLAFIVMY])|($)|(.{0,3}[ED]))",EEFEAFVA,538,545,ANK3_RAT,Rattus norvegicus,29867141,true positive,54,26,inbetween
ELME000368,LIG_LIR_Gen_1,Atg8 protein family ligands,LIG,Canonical LIR motif that binds to Atg8/LC3 protein family members to mediate processes involved in autophagy.,PF02991,Atg8,Autophagy protein Atg8 ubiquitin like,"[EDST].{0,2}[WFY][^RKPGWFY][^PG][ILVFM]((.{0,4}[PLAFIVMY])|($)|(.{0,3}[ED]))",EEFEAFVA,538,545,ATG13_HUMAN,Homo sapiens,24290141 31053714,true positive,54,26,inbetween
ELME000368,LIG_LIR_Gen_1,Atg8 protein family ligands,LIG,Canonical LIR motif that binds to Atg8/LC3 protein family members to mediate processes involved in autophagy.,PF02991,Atg8,Autophagy protein Atg8 ubiquitin like,"[EDST].{0,2}[WFY][^RKPGWFY][^PG][ILVFM]((.{0,4}[PLAFIVMY])|($)|(.{0,3}[ED]))",EEFEAFVA,538,545,ATG19_YEAST,Saccharomyces cerevisiae S288c,26687600,true positive,54,26,inbetween
ELME000368,LIG_LIR_Gen_1,Atg8 protein family ligands,LIG,Canonical LIR motif that binds to Atg8/LC3 protein family members to mediate processes involved in autophagy.,PF02991,Atg8,Autophagy protein Atg8 ubiquitin like,"[EDST].{0,2}[WFY][^RKPGWFY][^PG][ILVFM]((.{0,4}[PLAFIVMY])|($)|(.{0,3}[ED]))",EEFEAFVA,538,545,ATG32_YEAST,Saccharomyces cerevisiae S288c,22308029,true positive,54,26,inbetween
ELME000368,LIG_LIR_Gen_1,Atg8 protein family ligands,LIG,Canonical LIR motif that binds to Atg8/LC3 protein family members to mediate processes involved in autophagy.,PF02991,Atg8,Autophagy protein Atg8 ubiquitin like,"[EDST].{0,2}[WFY][^RKPGWFY][^PG][ILVFM]((.{0,4}[PLAFIVMY])|($)|(.{0,3}[ED]))",EEFEAFVA,538,545,ATG3_YEAST,Saccharomyces cerevisiae S288c,20615880,true positive,54,26,inbetween
ELME000368,LIG_LIR_Gen_1,Atg8 protein family ligands,LIG,Canonical LIR motif that binds to Atg8/LC3 protein family members to mediate processes involved in autophagy.,PF02991,Atg8,Autophagy protein Atg8 ubiquitin like,"[EDST].{0,2}[WFY][^RKPGWFY][^PG][ILVFM]((.{0,4}[PLAFIVMY])|($)|(.{0,3}[ED]))",EEFEAFVA,538,545,ATG40_YEAST,Saccharomyces cerevisiae S288c,32620754,true positive,54,26,inbetween
ELME000368,LIG_LIR_Gen_1,Atg8 protein family ligands,LIG,Canonical LIR motif that binds to Atg8/LC3 protein family members to mediate processes involved in autophagy.,PF02991,Atg8,Autophagy protein Atg8 ubiquitin like,"[EDST].{0,2}[WFY][^RKPGWFY][^PG][ILVFM]((.{0,4}[PLAFIVMY])|($)|(.{0,3}[ED]))",EEFEAFVA,538,545,ATG4B_HUMAN,Homo sapiens,19322194,true positive,54,26,inbetween
ELME000368,LIG_LIR_Gen_1,Atg8 protein family ligands,LIG,Canonical LIR motif that binds to Atg8/LC3 protein family members to mediate processes involved in autophagy.,PF02991,Atg8,Autophagy protein Atg8 ubiquitin like,"[EDST].{0,2}[WFY][^RKPGWFY][^PG][ILVFM]((.{0,4}[PLAFIVMY])|($)|(.{0,3}[ED]))",EEFEAFVA,538,545,B2L13_MOUSE,Mus musculus,26146385,true positive,54,26,inbetween
ELME000368,LIG_LIR_Gen_1,Atg8 protein family ligands,LIG,Canonical LIR motif that binds to Atg8/LC3 protein family members to mediate processes involved in autophagy.,PF02991,Atg8,Autophagy protein Atg8 ubiquitin like,"[EDST].{0,2}[WFY][^RKPGWFY][^PG][ILVFM]((.{0,4}[PLAFIVMY])|($)|(.{0,3}[ED]))",EEFEAFVA,538,545,BAKOR_HUMAN,Homo sapiens,30767700,true positive,54,26,inbetween
ELME000368,LIG_LIR_Gen_1,Atg8 protein family ligands,LIG,Canonical LIR motif that binds to Atg8/LC3 protein family members to mediate processes involved in autophagy.,PF02991,Atg8,Autophagy protein Atg8 ubiquitin like,"[EDST].{0,2}[WFY][^RKPGWFY][^PG][ILVFM]((.{0,4}[PLAFIVMY])|($)|(.{0,3}[ED]))",EEFEAFVA,538,545,BECN1_HUMAN,Homo sapiens,30767700,true positive,54,26,inbetween
ELME000368,LIG_LIR_Gen_1,Atg8 protein family ligands,LIG,Canonical LIR motif that binds to Atg8/LC3 protein family members to mediate processes involved in autophagy.,PF02991,Atg8,Autophagy protein Atg8 ubiquitin like,"[EDST].{0,2}[WFY][^RKPGWFY][^PG][ILVFM]((.{0,4}[PLAFIVMY])|($)|(.{0,3}[ED]))",EEFEAFVA,538,545,BNI3L_HUMAN,Homo sapiens,28442745,true positive,54,26,inbetween
ELME000368,LIG_LIR_Gen_1,Atg8 protein family ligands,LIG,Canonical LIR motif that binds to Atg8/LC3 protein family members to mediate processes involved in autophagy.,PF02991,Atg8,Autophagy protein Atg8 ubiquitin like,"[EDST].{0,2}[WFY][^RKPGWFY][^PG][ILVFM]((.{0,4}[PLAFIVMY])|($)|(.{0,3}[ED]))",EEFEAFVA,538,545,BNIP3_HUMAN,Homo sapiens,23209295 22505714,true positive,54,26,inbetween
ELME000368,LIG_LIR_Gen_1,Atg8 protein family ligands,LIG,Canonical LIR motif that binds to Atg8/LC3 protein family members to mediate processes involved in autophagy.,PF02991,Atg8,Autophagy protein Atg8 ubiquitin like,"[EDST].{0,2}[WFY][^RKPGWFY][^PG][ILVFM]((.{0,4}[PLAFIVMY])|($)|(.{0,3}[ED]))",EEFEAFVA,538,545,CLH1_HUMAN,Homo sapiens,18027972,true positive,54,26,inbetween
ELME000368,LIG_LIR_Gen_1,Atg8 protein family ligands,LIG,Canonical LIR motif that binds to Atg8/LC3 protein family members to mediate processes involved in autophagy.,PF02991,Atg8,Autophagy protein Atg8 ubiquitin like,"[EDST].{0,2}[WFY][^RKPGWFY][^PG][ILVFM]((.{0,4}[PLAFIVMY])|($)|(.{0,3}[ED]))",EEFEAFVA,538,545,FKBP8_HUMAN,Homo sapiens,28381481,true positive,54,26,inbetween
ELME000368,LIG_LIR_Gen_1,Atg8 protein family ligands,LIG,Canonical LIR motif that binds to Atg8/LC3 protein family members to mediate processes involved in autophagy.,PF02991,Atg8,Autophagy protein Atg8 ubiquitin like,"[EDST].{0,2}[WFY][^RKPGWFY][^PG][ILVFM]((.{0,4}[PLAFIVMY])|($)|(.{0,3}[ED]))",EEFEAFVA,538,545,FYCO1_HUMAN,Homo sapiens,27246247,true positive,54,26,inbetween
ELME000368,LIG_LIR_Gen_1,Atg8 protein family ligands,LIG,Canonical LIR motif that binds to Atg8/LC3 protein family members to mediate processes involved in autophagy.,PF02991,Atg8,Autophagy protein Atg8 ubiquitin like,"[EDST].{0,2}[WFY][^RKPGWFY][^PG][ILVFM]((.{0,4}[PLAFIVMY])|($)|(.{0,3}[ED]))",EEFEAFVA,538,545,JIP1_HUMAN,Homo sapiens,24914561,true positive,54,26,inbetween
ELME000368,LIG_LIR_Gen_1,Atg8 protein family ligands,LIG,Canonical LIR motif that binds to Atg8/LC3 protein family members to mediate processes involved in autophagy.,PF02991,Atg8,Autophagy protein Atg8 ubiquitin like,"[EDST].{0,2}[WFY][^RKPGWFY][^PG][ILVFM]((.{0,4}[PLAFIVMY])|($)|(.{0,3}[ED]))",EEFEAFVA,538,545,M2_I34A1,Influenza A virus (A/Puerto Rico/8/1934(H1N1)),24528869,true positive,54,26,inbetween
ELME000368,LIG_LIR_Gen_1,Atg8 protein family ligands,LIG,Canonical LIR motif that binds to Atg8/LC3 protein family members to mediate processes involved in autophagy.,PF02991,Atg8,Autophagy protein Atg8 ubiquitin like,"[EDST].{0,2}[WFY][^RKPGWFY][^PG][ILVFM]((.{0,4}[PLAFIVMY])|($)|(.{0,3}[ED]))",EEFEAFVA,538,545,NBR1_HUMAN,Homo sapiens,19250911 21620860,true positive,54,26,inbetween
ELME000368,LIG_LIR_Gen_1,Atg8 protein family ligands,LIG,Canonical LIR motif that binds to Atg8/LC3 protein family members to mediate processes involved in autophagy.,PF02991,Atg8,Autophagy protein Atg8 ubiquitin like,"[EDST].{0,2}[WFY][^RKPGWFY][^PG][ILVFM]((.{0,4}[PLAFIVMY])|($)|(.{0,3}[ED]))",EEFEAFVA,538,545,NEDD4_HUMAN,Homo sapiens,28470758,true positive,54,26,inbetween
ELME000368,LIG_LIR_Gen_1,Atg8 protein family ligands,LIG,Canonical LIR motif that binds to Atg8/LC3 protein family members to mediate processes involved in autophagy.,PF02991,Atg8,Autophagy protein Atg8 ubiquitin like,"[EDST].{0,2}[WFY][^RKPGWFY][^PG][ILVFM]((.{0,4}[PLAFIVMY])|($)|(.{0,3}[ED]))",EEFEAFVA,538,545,NEMO_DROME,Drosophila melanogaster,29097655,true positive,54,26,inbetween
ELME000368,LIG_LIR_Gen_1,Atg8 protein family ligands,LIG,Canonical LIR motif that binds to Atg8/LC3 protein family members to mediate processes involved in autophagy.,PF02991,Atg8,Autophagy protein Atg8 ubiquitin like,"[EDST].{0,2}[WFY][^RKPGWFY][^PG][ILVFM]((.{0,4}[PLAFIVMY])|($)|(.{0,3}[ED]))",EEFEAFVA,538,545,OPTN_HUMAN,Homo sapiens,21617041 23805866,true positive,54,26,inbetween
ELME000368,LIG_LIR_Gen_1,Atg8 protein family ligands,LIG,Canonical LIR motif that binds to Atg8/LC3 protein family members to mediate processes involved in autophagy.,PF02991,Atg8,Autophagy protein Atg8 ubiquitin like,"[EDST].{0,2}[WFY][^RKPGWFY][^PG][ILVFM]((.{0,4}[PLAFIVMY])|($)|(.{0,3}[ED]))",EEFEAFVA,538,545,PAXI_HUMAN,Homo sapiens,27184837,true positive,54,26,inbetween
ELME000368,LIG_LIR_Gen_1,Atg8 protein family ligands,LIG,Canonical LIR motif that binds to Atg8/LC3 protein family members to mediate processes involved in autophagy.,PF02991,Atg8,Autophagy protein Atg8 ubiquitin like,"[EDST].{0,2}[WFY][^RKPGWFY][^PG][ILVFM]((.{0,4}[PLAFIVMY])|($)|(.{0,3}[ED]))",EEFEAFVA,538,545,PCM1_HUMAN,Homo sapiens,31519908 31053714,true positive,54,26,inbetween
ELME000368,LIG_LIR_Gen_1,Atg8 protein family ligands,LIG,Canonical LIR motif that binds to Atg8/LC3 protein family members to mediate processes involved in autophagy.,PF02991,Atg8,Autophagy protein Atg8 ubiquitin like,"[EDST].{0,2}[WFY][^RKPGWFY][^PG][ILVFM]((.{0,4}[PLAFIVMY])|($)|(.{0,3}[ED]))",EEFEAFVA,538,545,PK3C3_HUMAN,Homo sapiens,30767700,unknown,54,26,inbetween
ELME000368,LIG_LIR_Gen_1,Atg8 protein family ligands,LIG,Canonical LIR motif that binds to Atg8/LC3 protein family members to mediate processes involved in autophagy.,PF02991,Atg8,Autophagy protein Atg8 ubiquitin like,"[EDST].{0,2}[WFY][^RKPGWFY][^PG][ILVFM]((.{0,4}[PLAFIVMY])|($)|(.{0,3}[ED]))",EEFEAFVA,538,545,PKHM1_HUMAN,Homo sapiens,28655748,true positive,54,26,inbetween
ELME000368,LIG_LIR_Gen_1,Atg8 protein family ligands,LIG,Canonical LIR motif that binds to Atg8/LC3 protein family members to mediate processes involved in autophagy.,PF02991,Atg8,Autophagy protein Atg8 ubiquitin like,"[EDST].{0,2}[WFY][^RKPGWFY][^PG][ILVFM]((.{0,4}[PLAFIVMY])|($)|(.{0,3}[ED]))",EEFEAFVA,538,545,Q5ZUV9_LEGPH,Legionella pneumophila subsp. pneumophila str. Philadelphia 1,28395732 27791457 28668392,true positive,54,26,inbetween
ELME000368,LIG_LIR_Gen_1,Atg8 protein family ligands,LIG,Canonical LIR motif that binds to Atg8/LC3 protein family members to mediate processes involved in autophagy.,PF02991,Atg8,Autophagy protein Atg8 ubiquitin like,"[EDST].{0,2}[WFY][^RKPGWFY][^PG][ILVFM]((.{0,4}[PLAFIVMY])|($)|(.{0,3}[ED]))",EEFEAFVA,538,545,Q5ZUV9_LEGPH,Legionella pneumophila subsp. pneumophila str. Philadelphia 1,28395732 27791457 31722778 28668392,true positive,54,26,inbetween
ELME000368,LIG_LIR_Gen_1,Atg8 protein family ligands,LIG,Canonical LIR motif that binds to Atg8/LC3 protein family members to mediate processes involved in autophagy.,PF02991,Atg8,Autophagy protein Atg8 ubiquitin like,"[EDST].{0,2}[WFY][^RKPGWFY][^PG][ILVFM]((.{0,4}[PLAFIVMY])|($)|(.{0,3}[ED]))",EEFEAFVA,538,545,Q8MQJ7_DROME,Drosophila melanogaster,23043107,true positive,54,26,inbetween
ELME000368,LIG_LIR_Gen_1,Atg8 protein family ligands,LIG,Canonical LIR motif that binds to Atg8/LC3 protein family members to mediate processes involved in autophagy.,PF02991,Atg8,Autophagy protein Atg8 ubiquitin like,"[EDST].{0,2}[WFY][^RKPGWFY][^PG][ILVFM]((.{0,4}[PLAFIVMY])|($)|(.{0,3}[ED]))",EEFEAFVA,538,545,Q95V81_DROME,Drosophila melanogaster,32460019,true positive,54,26,inbetween
ELME000368,LIG_LIR_Gen_1,Atg8 protein family ligands,LIG,Canonical LIR motif that binds to Atg8/LC3 protein family members to mediate processes involved in autophagy.,PF02991,Atg8,Autophagy protein Atg8 ubiquitin like,"[EDST].{0,2}[WFY][^RKPGWFY][^PG][ILVFM]((.{0,4}[PLAFIVMY])|($)|(.{0,3}[ED]))",EEFEAFVA,538,545,RBCC1_HUMAN,Homo sapiens,31053714,true positive,54,26,inbetween
ELME000368,LIG_LIR_Gen_1,Atg8 protein family ligands,LIG,Canonical LIR motif that binds to Atg8/LC3 protein family members to mediate processes involved in autophagy.,PF02991,Atg8,Autophagy protein Atg8 ubiquitin like,"[EDST].{0,2}[WFY][^RKPGWFY][^PG][ILVFM]((.{0,4}[PLAFIVMY])|($)|(.{0,3}[ED]))",EEFEAFVA,538,545,RD54_PHYIT,Phytophthora infestans T30-4,26765567 27458016,true positive,54,26,inbetween
ELME000368,LIG_LIR_Gen_1,Atg8 protein family ligands,LIG,Canonical LIR motif that binds to Atg8/LC3 protein family members to mediate processes involved in autophagy.,PF02991,Atg8,Autophagy protein Atg8 ubiquitin like,"[EDST].{0,2}[WFY][^RKPGWFY][^PG][ILVFM]((.{0,4}[PLAFIVMY])|($)|(.{0,3}[ED]))",EEFEAFVA,538,545,RETR1_HUMAN,Homo sapiens,29867141 32620754,true positive,54,26,inbetween
ELME000368,LIG_LIR_Gen_1,Atg8 protein family ligands,LIG,Canonical LIR motif that binds to Atg8/LC3 protein family members to mediate processes involved in autophagy.,PF02991,Atg8,Autophagy protein Atg8 ubiquitin like,"[EDST].{0,2}[WFY][^RKPGWFY][^PG][ILVFM]((.{0,4}[PLAFIVMY])|($)|(.{0,3}[ED]))",EEFEAFVA,538,545,RTN3_HUMAN,Homo sapiens,32620754,true positive,54,26,inbetween
ELME000368,LIG_LIR_Gen_1,Atg8 protein family ligands,LIG,Canonical LIR motif that binds to Atg8/LC3 protein family members to mediate processes involved in autophagy.,PF02991,Atg8,Autophagy protein Atg8 ubiquitin like,"[EDST].{0,2}[WFY][^RKPGWFY][^PG][ILVFM]((.{0,4}[PLAFIVMY])|($)|(.{0,3}[ED]))",EEFEAFVA,538,545,SEC62_HUMAN,Homo sapiens,32620754,true positive,54,26,inbetween
ELME000368,LIG_LIR_Gen_1,Atg8 protein family ligands,LIG,Canonical LIR motif that binds to Atg8/LC3 protein family members to mediate processes involved in autophagy.,PF02991,Atg8,Autophagy protein Atg8 ubiquitin like,"[EDST].{0,2}[WFY][^RKPGWFY][^PG][ILVFM]((.{0,4}[PLAFIVMY])|($)|(.{0,3}[ED]))",EEFEAFVA,538,545,SQSTM_HUMAN,Homo sapiens,31053714,true positive,54,26,inbetween
ELME000368,LIG_LIR_Gen_1,Atg8 protein family ligands,LIG,Canonical LIR motif that binds to Atg8/LC3 protein family members to mediate processes involved in autophagy.,PF02991,Atg8,Autophagy protein Atg8 ubiquitin like,"[EDST].{0,2}[WFY][^RKPGWFY][^PG][ILVFM]((.{0,4}[PLAFIVMY])|($)|(.{0,3}[ED]))",EEFEAFVA,538,545,STX17_HUMAN,Homo sapiens,32817423,true positive,54,26,inbetween
ELME000368,LIG_LIR_Gen_1,Atg8 protein family ligands,LIG,Canonical LIR motif that binds to Atg8/LC3 protein family members to mediate processes involved in autophagy.,PF02991,Atg8,Autophagy protein Atg8 ubiquitin like,"[EDST].{0,2}[WFY][^RKPGWFY][^PG][ILVFM]((.{0,4}[PLAFIVMY])|($)|(.{0,3}[ED]))",EEFEAFVA,538,545,TBC25_HUMAN,Homo sapiens,21383079,true positive,54,26,inbetween
ELME000368,LIG_LIR_Gen_1,Atg8 protein family ligands,LIG,Canonical LIR motif that binds to Atg8/LC3 protein family members to mediate processes involved in autophagy.,PF02991,Atg8,Autophagy protein Atg8 ubiquitin like,"[EDST].{0,2}[WFY][^RKPGWFY][^PG][ILVFM]((.{0,4}[PLAFIVMY])|($)|(.{0,3}[ED]))",EEFEAFVA,538,545,TBCD5_HUMAN,Homo sapiens,22354992,true positive,54,26,inbetween
ELME000368,LIG_LIR_Gen_1,Atg8 protein family ligands,LIG,Canonical LIR motif that binds to Atg8/LC3 protein family members to mediate processes involved in autophagy.,PF02991,Atg8,Autophagy protein Atg8 ubiquitin like,"[EDST].{0,2}[WFY][^RKPGWFY][^PG][ILVFM]((.{0,4}[PLAFIVMY])|($)|(.{0,3}[ED]))",EEFEAFVA,538,545,TCPR1_HUMAN,Homo sapiens,32532970,true positive,54,26,inbetween
ELME000368,LIG_LIR_Gen_1,Atg8 protein family ligands,LIG,Canonical LIR motif that binds to Atg8/LC3 protein family members to mediate processes involved in autophagy.,PF02991,Atg8,Autophagy protein Atg8 ubiquitin like,"[EDST].{0,2}[WFY][^RKPGWFY][^PG][ILVFM]((.{0,4}[PLAFIVMY])|($)|(.{0,3}[ED]))",EEFEAFVA,538,545,TCPR2_HUMAN,Homo sapiens,26431026 33213269,true positive,54,26,inbetween
ELME000368,LIG_LIR_Gen_1,Atg8 protein family ligands,LIG,Canonical LIR motif that binds to Atg8/LC3 protein family members to mediate processes involved in autophagy.,PF02991,Atg8,Autophagy protein Atg8 ubiquitin like,"[EDST].{0,2}[WFY][^RKPGWFY][^PG][ILVFM]((.{0,4}[PLAFIVMY])|($)|(.{0,3}[ED]))",EEFEAFVA,538,545,TX264_HUMAN,Homo sapiens,31006537,true positive,54,26,inbetween
ELME000368,LIG_LIR_Gen_1,Atg8 protein family ligands,LIG,Canonical LIR motif that binds to Atg8/LC3 protein family members to mediate processes involved in autophagy.,PF02991,Atg8,Autophagy protein Atg8 ubiquitin like,"[EDST].{0,2}[WFY][^RKPGWFY][^PG][ILVFM]((.{0,4}[PLAFIVMY])|($)|(.{0,3}[ED]))",EEFEAFVA,538,545,ULK1_HUMAN,Homo sapiens,31053714,true positive,54,26,inbetween
ELME000368,LIG_LIR_Gen_1,Atg8 protein family ligands,LIG,Canonical LIR motif that binds to Atg8/LC3 protein family members to mediate processes involved in autophagy.,PF02991,Atg8,Autophagy protein Atg8 ubiquitin like,"[EDST].{0,2}[WFY][^RKPGWFY][^PG][ILVFM]((.{0,4}[PLAFIVMY])|($)|(.{0,3}[ED]))",EEFEAFVA,538,545,ULK2_HUMAN,Homo sapiens,23043107,true positive,54,26,inbetween
ELME000368,LIG_LIR_Gen_1,Atg8 protein family ligands,LIG,Canonical LIR motif that binds to Atg8/LC3 protein family members to mediate processes involved in autophagy.,PF02991,Atg8,Autophagy protein Atg8 ubiquitin like,"[EDST].{0,2}[WFY][^RKPGWFY][^PG][ILVFM]((.{0,4}[PLAFIVMY])|($)|(.{0,3}[ED]))",EEFEAFVA,538,545,W6PPR4_MOUSE,Mus musculus,25552561,true positive,54,26,inbetween
ELME000368,LIG_LIR_Gen_1,Atg8 protein family ligands,LIG,Canonical LIR motif that binds to Atg8/LC3 protein family members to mediate processes involved in autophagy.,PF02991,Atg8,Autophagy protein Atg8 ubiquitin like,"[EDST].{0,2}[WFY][^RKPGWFY][^PG][ILVFM]((.{0,4}[PLAFIVMY])|($)|(.{0,3}[ED]))",EEFEAFVA,538,545,WDFY3_HUMAN,Homo sapiens,24668264,true positive,54,26,inbetween
ELME000368,LIG_LIR_Gen_1,Atg8 protein family ligands,LIG,Canonical LIR motif that binds to Atg8/LC3 protein family members to mediate processes involved in autophagy.,PF02991,Atg8,Autophagy protein Atg8 ubiquitin like,"[EDST].{0,2}[WFY][^RKPGWFY][^PG][ILVFM]((.{0,4}[PLAFIVMY])|($)|(.{0,3}[ED]))",EFEAFVA,539,545,AMRA1_HUMAN,Homo sapiens,30217973,true positive,54,26,ordered
ELME000368,LIG_LIR_Gen_1,Atg8 protein family ligands,LIG,Canonical LIR motif that binds to Atg8/LC3 protein family members to mediate processes involved in autophagy.,PF02991,Atg8,Autophagy protein Atg8 ubiquitin like,"[EDST].{0,2}[WFY][^RKPGWFY][^PG][ILVFM]((.{0,4}[PLAFIVMY])|($)|(.{0,3}[ED]))",EFEAFVA,539,545,ANK2_HUMAN,Homo sapiens,29867141,true positive,54,26,ordered
ELME000368,LIG_LIR_Gen_1,Atg8 protein family ligands,LIG,Canonical LIR motif that binds to Atg8/LC3 protein family members to mediate processes involved in autophagy.,PF02991,Atg8,Autophagy protein Atg8 ubiquitin like,"[EDST].{0,2}[WFY][^RKPGWFY][^PG][ILVFM]((.{0,4}[PLAFIVMY])|($)|(.{0,3}[ED]))",EFEAFVA,539,545,ANK3_RAT,Rattus norvegicus,29867141,true positive,54,26,ordered
ELME000368,LIG_LIR_Gen_1,Atg8 protein family ligands,LIG,Canonical LIR motif that binds to Atg8/LC3 protein family members to mediate processes involved in autophagy.,PF02991,Atg8,Autophagy protein Atg8 ubiquitin like,"[EDST].{0,2}[WFY][^RKPGWFY][^PG][ILVFM]((.{0,4}[PLAFIVMY])|($)|(.{0,3}[ED]))",EFEAFVA,539,545,ATG13_HUMAN,Homo sapiens,24290141 31053714,true positive,54,26,ordered
ELME000368,LIG_LIR_Gen_1,Atg8 protein family ligands,LIG,Canonical LIR motif that binds to Atg8/LC3 protein family members to mediate processes involved in autophagy.,PF02991,Atg8,Autophagy protein Atg8 ubiquitin like,"[EDST].{0,2}[WFY][^RKPGWFY][^PG][ILVFM]((.{0,4}[PLAFIVMY])|($)|(.{0,3}[ED]))",EFEAFVA,539,545,ATG19_YEAST,Saccharomyces cerevisiae S288c,26687600,true positive,54,26,ordered
ELME000368,LIG_LIR_Gen_1,Atg8 protein family ligands,LIG,Canonical LIR motif that binds to Atg8/LC3 protein family members to mediate processes involved in autophagy.,PF02991,Atg8,Autophagy protein Atg8 ubiquitin like,"[EDST].{0,2}[WFY][^RKPGWFY][^PG][ILVFM]((.{0,4}[PLAFIVMY])|($)|(.{0,3}[ED]))",EFEAFVA,539,545,ATG32_YEAST,Saccharomyces cerevisiae S288c,22308029,true positive,54,26,ordered
ELME000368,LIG_LIR_Gen_1,Atg8 protein family ligands,LIG,Canonical LIR motif that binds to Atg8/LC3 protein family members to mediate processes involved in autophagy.,PF02991,Atg8,Autophagy protein Atg8 ubiquitin like,"[EDST].{0,2}[WFY][^RKPGWFY][^PG][ILVFM]((.{0,4}[PLAFIVMY])|($)|(.{0,3}[ED]))",EFEAFVA,539,545,ATG3_YEAST,Saccharomyces cerevisiae S288c,20615880,true positive,54,26,ordered
ELME000368,LIG_LIR_Gen_1,Atg8 protein family ligands,LIG,Canonical LIR motif that binds to Atg8/LC3 protein family members to mediate processes involved in autophagy.,PF02991,Atg8,Autophagy protein Atg8 ubiquitin like,"[EDST].{0,2}[WFY][^RKPGWFY][^PG][ILVFM]((.{0,4}[PLAFIVMY])|($)|(.{0,3}[ED]))",EFEAFVA,539,545,ATG40_YEAST,Saccharomyces cerevisiae S288c,32620754,true positive,54,26,ordered
ELME000368,LIG_LIR_Gen_1,Atg8 protein family ligands,LIG,Canonical LIR motif that binds to Atg8/LC3 protein family members to mediate processes involved in autophagy.,PF02991,Atg8,Autophagy protein Atg8 ubiquitin like,"[EDST].{0,2}[WFY][^RKPGWFY][^PG][ILVFM]((.{0,4}[PLAFIVMY])|($)|(.{0,3}[ED]))",EFEAFVA,539,545,ATG4B_HUMAN,Homo sapiens,19322194,true positive,54,26,ordered
ELME000368,LIG_LIR_Gen_1,Atg8 protein family ligands,LIG,Canonical LIR motif that binds to Atg8/LC3 protein family members to mediate processes involved in autophagy.,PF02991,Atg8,Autophagy protein Atg8 ubiquitin like,"[EDST].{0,2}[WFY][^RKPGWFY][^PG][ILVFM]((.{0,4}[PLAFIVMY])|($)|(.{0,3}[ED]))",EFEAFVA,539,545,B2L13_MOUSE,Mus musculus,26146385,true positive,54,26,ordered
ELME000368,LIG_LIR_Gen_1,Atg8 protein family ligands,LIG,Canonical LIR motif that binds to Atg8/LC3 protein family members to mediate processes involved in autophagy.,PF02991,Atg8,Autophagy protein Atg8 ubiquitin like,"[EDST].{0,2}[WFY][^RKPGWFY][^PG][ILVFM]((.{0,4}[PLAFIVMY])|($)|(.{0,3}[ED]))",EFEAFVA,539,545,BAKOR_HUMAN,Homo sapiens,30767700,true positive,54,26,ordered
ELME000368,LIG_LIR_Gen_1,Atg8 protein family ligands,LIG,Canonical LIR motif that binds to Atg8/LC3 protein family members to mediate processes involved in autophagy.,PF02991,Atg8,Autophagy protein Atg8 ubiquitin like,"[EDST].{0,2}[WFY][^RKPGWFY][^PG][ILVFM]((.{0,4}[PLAFIVMY])|($)|(.{0,3}[ED]))",EFEAFVA,539,545,BECN1_HUMAN,Homo sapiens,30767700,true positive,54,26,ordered
ELME000368,LIG_LIR_Gen_1,Atg8 protein family ligands,LIG,Canonical LIR motif that binds to Atg8/LC3 protein family members to mediate processes involved in autophagy.,PF02991,Atg8,Autophagy protein Atg8 ubiquitin like,"[EDST].{0,2}[WFY][^RKPGWFY][^PG][ILVFM]((.{0,4}[PLAFIVMY])|($)|(.{0,3}[ED]))",EFEAFVA,539,545,BNI3L_HUMAN,Homo sapiens,28442745,true positive,54,26,ordered
ELME000368,LIG_LIR_Gen_1,Atg8 protein family ligands,LIG,Canonical LIR motif that binds to Atg8/LC3 protein family members to mediate processes involved in autophagy.,PF02991,Atg8,Autophagy protein Atg8 ubiquitin like,"[EDST].{0,2}[WFY][^RKPGWFY][^PG][ILVFM]((.{0,4}[PLAFIVMY])|($)|(.{0,3}[ED]))",EFEAFVA,539,545,BNIP3_HUMAN,Homo sapiens,23209295 22505714,true positive,54,26,ordered
ELME000368,LIG_LIR_Gen_1,Atg8 protein family ligands,LIG,Canonical LIR motif that binds to Atg8/LC3 protein family members to mediate processes involved in autophagy.,PF02991,Atg8,Autophagy protein Atg8 ubiquitin like,"[EDST].{0,2}[WFY][^RKPGWFY][^PG][ILVFM]((.{0,4}[PLAFIVMY])|($)|(.{0,3}[ED]))",EFEAFVA,539,545,CLH1_HUMAN,Homo sapiens,18027972,true positive,54,26,ordered
ELME000368,LIG_LIR_Gen_1,Atg8 protein family ligands,LIG,Canonical LIR motif that binds to Atg8/LC3 protein family members to mediate processes involved in autophagy.,PF02991,Atg8,Autophagy protein Atg8 ubiquitin like,"[EDST].{0,2}[WFY][^RKPGWFY][^PG][ILVFM]((.{0,4}[PLAFIVMY])|($)|(.{0,3}[ED]))",EFEAFVA,539,545,FKBP8_HUMAN,Homo sapiens,28381481,true positive,54,26,ordered
ELME000368,LIG_LIR_Gen_1,Atg8 protein family ligands,LIG,Canonical LIR motif that binds to Atg8/LC3 protein family members to mediate processes involved in autophagy.,PF02991,Atg8,Autophagy protein Atg8 ubiquitin like,"[EDST].{0,2}[WFY][^RKPGWFY][^PG][ILVFM]((.{0,4}[PLAFIVMY])|($)|(.{0,3}[ED]))",EFEAFVA,539,545,FYCO1_HUMAN,Homo sapiens,27246247,true positive,54,26,ordered
ELME000368,LIG_LIR_Gen_1,Atg8 protein family ligands,LIG,Canonical LIR motif that binds to Atg8/LC3 protein family members to mediate processes involved in autophagy.,PF02991,Atg8,Autophagy protein Atg8 ubiquitin like,"[EDST].{0,2}[WFY][^RKPGWFY][^PG][ILVFM]((.{0,4}[PLAFIVMY])|($)|(.{0,3}[ED]))",EFEAFVA,539,545,JIP1_HUMAN,Homo sapiens,24914561,true positive,54,26,ordered
ELME000368,LIG_LIR_Gen_1,Atg8 protein family ligands,LIG,Canonical LIR motif that binds to Atg8/LC3 protein family members to mediate processes involved in autophagy.,PF02991,Atg8,Autophagy protein Atg8 ubiquitin like,"[EDST].{0,2}[WFY][^RKPGWFY][^PG][ILVFM]((.{0,4}[PLAFIVMY])|($)|(.{0,3}[ED]))",EFEAFVA,539,545,M2_I34A1,Influenza A virus (A/Puerto Rico/8/1934(H1N1)),24528869,true positive,54,26,ordered
ELME000368,LIG_LIR_Gen_1,Atg8 protein family ligands,LIG,Canonical LIR motif that binds to Atg8/LC3 protein family members to mediate processes involved in autophagy.,PF02991,Atg8,Autophagy protein Atg8 ubiquitin like,"[EDST].{0,2}[WFY][^RKPGWFY][^PG][ILVFM]((.{0,4}[PLAFIVMY])|($)|(.{0,3}[ED]))",EFEAFVA,539,545,NBR1_HUMAN,Homo sapiens,19250911 21620860,true positive,54,26,ordered
ELME000368,LIG_LIR_Gen_1,Atg8 protein family ligands,LIG,Canonical LIR motif that binds to Atg8/LC3 protein family members to mediate processes involved in autophagy.,PF02991,Atg8,Autophagy protein Atg8 ubiquitin like,"[EDST].{0,2}[WFY][^RKPGWFY][^PG][ILVFM]((.{0,4}[PLAFIVMY])|($)|(.{0,3}[ED]))",EFEAFVA,539,545,NEDD4_HUMAN,Homo sapiens,28470758,true positive,54,26,ordered
ELME000368,LIG_LIR_Gen_1,Atg8 protein family ligands,LIG,Canonical LIR motif that binds to Atg8/LC3 protein family members to mediate processes involved in autophagy.,PF02991,Atg8,Autophagy protein Atg8 ubiquitin like,"[EDST].{0,2}[WFY][^RKPGWFY][^PG][ILVFM]((.{0,4}[PLAFIVMY])|($)|(.{0,3}[ED]))",EFEAFVA,539,545,NEMO_DROME,Drosophila melanogaster,29097655,true positive,54,26,ordered
ELME000368,LIG_LIR_Gen_1,Atg8 protein family ligands,LIG,Canonical LIR motif that binds to Atg8/LC3 protein family members to mediate processes involved in autophagy.,PF02991,Atg8,Autophagy protein Atg8 ubiquitin like,"[EDST].{0,2}[WFY][^RKPGWFY][^PG][ILVFM]((.{0,4}[PLAFIVMY])|($)|(.{0,3}[ED]))",EFEAFVA,539,545,OPTN_HUMAN,Homo sapiens,21617041 23805866,true positive,54,26,ordered
ELME000368,LIG_LIR_Gen_1,Atg8 protein family ligands,LIG,Canonical LIR motif that binds to Atg8/LC3 protein family members to mediate processes involved in autophagy.,PF02991,Atg8,Autophagy protein Atg8 ubiquitin like,"[EDST].{0,2}[WFY][^RKPGWFY][^PG][ILVFM]((.{0,4}[PLAFIVMY])|($)|(.{0,3}[ED]))",EFEAFVA,539,545,PAXI_HUMAN,Homo sapiens,27184837,true positive,54,26,ordered
ELME000368,LIG_LIR_Gen_1,Atg8 protein family ligands,LIG,Canonical LIR motif that binds to Atg8/LC3 protein family members to mediate processes involved in autophagy.,PF02991,Atg8,Autophagy protein Atg8 ubiquitin like,"[EDST].{0,2}[WFY][^RKPGWFY][^PG][ILVFM]((.{0,4}[PLAFIVMY])|($)|(.{0,3}[ED]))",EFEAFVA,539,545,PCM1_HUMAN,Homo sapiens,31519908 31053714,true positive,54,26,ordered
ELME000368,LIG_LIR_Gen_1,Atg8 protein family ligands,LIG,Canonical LIR motif that binds to Atg8/LC3 protein family members to mediate processes involved in autophagy.,PF02991,Atg8,Autophagy protein Atg8 ubiquitin like,"[EDST].{0,2}[WFY][^RKPGWFY][^PG][ILVFM]((.{0,4}[PLAFIVMY])|($)|(.{0,3}[ED]))",EFEAFVA,539,545,PK3C3_HUMAN,Homo sapiens,30767700,unknown,54,26,ordered
ELME000368,LIG_LIR_Gen_1,Atg8 protein family ligands,LIG,Canonical LIR motif that binds to Atg8/LC3 protein family members to mediate processes involved in autophagy.,PF02991,Atg8,Autophagy protein Atg8 ubiquitin like,"[EDST].{0,2}[WFY][^RKPGWFY][^PG][ILVFM]((.{0,4}[PLAFIVMY])|($)|(.{0,3}[ED]))",EFEAFVA,539,545,PKHM1_HUMAN,Homo sapiens,28655748,true positive,54,26,ordered
ELME000368,LIG_LIR_Gen_1,Atg8 protein family ligands,LIG,Canonical LIR motif that binds to Atg8/LC3 protein family members to mediate processes involved in autophagy.,PF02991,Atg8,Autophagy protein Atg8 ubiquitin like,"[EDST].{0,2}[WFY][^RKPGWFY][^PG][ILVFM]((.{0,4}[PLAFIVMY])|($)|(.{0,3}[ED]))",EFEAFVA,539,545,Q5ZUV9_LEGPH,Legionella pneumophila subsp. pneumophila str. Philadelphia 1,28395732 27791457 28668392,true positive,54,26,ordered
ELME000368,LIG_LIR_Gen_1,Atg8 protein family ligands,LIG,Canonical LIR motif that binds to Atg8/LC3 protein family members to mediate processes involved in autophagy.,PF02991,Atg8,Autophagy protein Atg8 ubiquitin like,"[EDST].{0,2}[WFY][^RKPGWFY][^PG][ILVFM]((.{0,4}[PLAFIVMY])|($)|(.{0,3}[ED]))",EFEAFVA,539,545,Q5ZUV9_LEGPH,Legionella pneumophila subsp. pneumophila str. Philadelphia 1,28395732 27791457 31722778 28668392,true positive,54,26,ordered
ELME000368,LIG_LIR_Gen_1,Atg8 protein family ligands,LIG,Canonical LIR motif that binds to Atg8/LC3 protein family members to mediate processes involved in autophagy.,PF02991,Atg8,Autophagy protein Atg8 ubiquitin like,"[EDST].{0,2}[WFY][^RKPGWFY][^PG][ILVFM]((.{0,4}[PLAFIVMY])|($)|(.{0,3}[ED]))",EFEAFVA,539,545,Q8MQJ7_DROME,Drosophila melanogaster,23043107,true positive,54,26,ordered
ELME000368,LIG_LIR_Gen_1,Atg8 protein family ligands,LIG,Canonical LIR motif that binds to Atg8/LC3 protein family members to mediate processes involved in autophagy.,PF02991,Atg8,Autophagy protein Atg8 ubiquitin like,"[EDST].{0,2}[WFY][^RKPGWFY][^PG][ILVFM]((.{0,4}[PLAFIVMY])|($)|(.{0,3}[ED]))",EFEAFVA,539,545,Q95V81_DROME,Drosophila melanogaster,32460019,true positive,54,26,ordered
ELME000368,LIG_LIR_Gen_1,Atg8 protein family ligands,LIG,Canonical LIR motif that binds to Atg8/LC3 protein family members to mediate processes involved in autophagy.,PF02991,Atg8,Autophagy protein Atg8 ubiquitin like,"[EDST].{0,2}[WFY][^RKPGWFY][^PG][ILVFM]((.{0,4}[PLAFIVMY])|($)|(.{0,3}[ED]))",EFEAFVA,539,545,RBCC1_HUMAN,Homo sapiens,31053714,true positive,54,26,ordered
ELME000368,LIG_LIR_Gen_1,Atg8 protein family ligands,LIG,Canonical LIR motif that binds to Atg8/LC3 protein family members to mediate processes involved in autophagy.,PF02991,Atg8,Autophagy protein Atg8 ubiquitin like,"[EDST].{0,2}[WFY][^RKPGWFY][^PG][ILVFM]((.{0,4}[PLAFIVMY])|($)|(.{0,3}[ED]))",EFEAFVA,539,545,RD54_PHYIT,Phytophthora infestans T30-4,26765567 27458016,true positive,54,26,ordered
ELME000368,LIG_LIR_Gen_1,Atg8 protein family ligands,LIG,Canonical LIR motif that binds to Atg8/LC3 protein family members to mediate processes involved in autophagy.,PF02991,Atg8,Autophagy protein Atg8 ubiquitin like,"[EDST].{0,2}[WFY][^RKPGWFY][^PG][ILVFM]((.{0,4}[PLAFIVMY])|($)|(.{0,3}[ED]))",EFEAFVA,539,545,RETR1_HUMAN,Homo sapiens,29867141 32620754,true positive,54,26,ordered
ELME000368,LIG_LIR_Gen_1,Atg8 protein family ligands,LIG,Canonical LIR motif that binds to Atg8/LC3 protein family members to mediate processes involved in autophagy.,PF02991,Atg8,Autophagy protein Atg8 ubiquitin like,"[EDST].{0,2}[WFY][^RKPGWFY][^PG][ILVFM]((.{0,4}[PLAFIVMY])|($)|(.{0,3}[ED]))",EFEAFVA,539,545,RTN3_HUMAN,Homo sapiens,32620754,true positive,54,26,ordered
ELME000368,LIG_LIR_Gen_1,Atg8 protein family ligands,LIG,Canonical LIR motif that binds to Atg8/LC3 protein family members to mediate processes involved in autophagy.,PF02991,Atg8,Autophagy protein Atg8 ubiquitin like,"[EDST].{0,2}[WFY][^RKPGWFY][^PG][ILVFM]((.{0,4}[PLAFIVMY])|($)|(.{0,3}[ED]))",EFEAFVA,539,545,SEC62_HUMAN,Homo sapiens,32620754,true positive,54,26,ordered
ELME000368,LIG_LIR_Gen_1,Atg8 protein family ligands,LIG,Canonical LIR motif that binds to Atg8/LC3 protein family members to mediate processes involved in autophagy.,PF02991,Atg8,Autophagy protein Atg8 ubiquitin like,"[EDST].{0,2}[WFY][^RKPGWFY][^PG][ILVFM]((.{0,4}[PLAFIVMY])|($)|(.{0,3}[ED]))",EFEAFVA,539,545,SQSTM_HUMAN,Homo sapiens,31053714,true positive,54,26,ordered
ELME000368,LIG_LIR_Gen_1,Atg8 protein family ligands,LIG,Canonical LIR motif that binds to Atg8/LC3 protein family members to mediate processes involved in autophagy.,PF02991,Atg8,Autophagy protein Atg8 ubiquitin like,"[EDST].{0,2}[WFY][^RKPGWFY][^PG][ILVFM]((.{0,4}[PLAFIVMY])|($)|(.{0,3}[ED]))",EFEAFVA,539,545,STX17_HUMAN,Homo sapiens,32817423,true positive,54,26,ordered
ELME000368,LIG_LIR_Gen_1,Atg8 protein family ligands,LIG,Canonical LIR motif that binds to Atg8/LC3 protein family members to mediate processes involved in autophagy.,PF02991,Atg8,Autophagy protein Atg8 ubiquitin like,"[EDST].{0,2}[WFY][^RKPGWFY][^PG][ILVFM]((.{0,4}[PLAFIVMY])|($)|(.{0,3}[ED]))",EFEAFVA,539,545,TBC25_HUMAN,Homo sapiens,21383079,true positive,54,26,ordered
ELME000368,LIG_LIR_Gen_1,Atg8 protein family ligands,LIG,Canonical LIR motif that binds to Atg8/LC3 protein family members to mediate processes involved in autophagy.,PF02991,Atg8,Autophagy protein Atg8 ubiquitin like,"[EDST].{0,2}[WFY][^RKPGWFY][^PG][ILVFM]((.{0,4}[PLAFIVMY])|($)|(.{0,3}[ED]))",EFEAFVA,539,545,TBCD5_HUMAN,Homo sapiens,22354992,true positive,54,26,ordered
ELME000368,LIG_LIR_Gen_1,Atg8 protein family ligands,LIG,Canonical LIR motif that binds to Atg8/LC3 protein family members to mediate processes involved in autophagy.,PF02991,Atg8,Autophagy protein Atg8 ubiquitin like,"[EDST].{0,2}[WFY][^RKPGWFY][^PG][ILVFM]((.{0,4}[PLAFIVMY])|($)|(.{0,3}[ED]))",EFEAFVA,539,545,TCPR1_HUMAN,Homo sapiens,32532970,true positive,54,26,ordered
ELME000368,LIG_LIR_Gen_1,Atg8 protein family ligands,LIG,Canonical LIR motif that binds to Atg8/LC3 protein family members to mediate processes involved in autophagy.,PF02991,Atg8,Autophagy protein Atg8 ubiquitin like,"[EDST].{0,2}[WFY][^RKPGWFY][^PG][ILVFM]((.{0,4}[PLAFIVMY])|($)|(.{0,3}[ED]))",EFEAFVA,539,545,TCPR2_HUMAN,Homo sapiens,26431026 33213269,true positive,54,26,ordered
ELME000368,LIG_LIR_Gen_1,Atg8 protein family ligands,LIG,Canonical LIR motif that binds to Atg8/LC3 protein family members to mediate processes involved in autophagy.,PF02991,Atg8,Autophagy protein Atg8 ubiquitin like,"[EDST].{0,2}[WFY][^RKPGWFY][^PG][ILVFM]((.{0,4}[PLAFIVMY])|($)|(.{0,3}[ED]))",EFEAFVA,539,545,TX264_HUMAN,Homo sapiens,31006537,true positive,54,26,ordered
ELME000368,LIG_LIR_Gen_1,Atg8 protein family ligands,LIG,Canonical LIR motif that binds to Atg8/LC3 protein family members to mediate processes involved in autophagy.,PF02991,Atg8,Autophagy protein Atg8 ubiquitin like,"[EDST].{0,2}[WFY][^RKPGWFY][^PG][ILVFM]((.{0,4}[PLAFIVMY])|($)|(.{0,3}[ED]))",EFEAFVA,539,545,ULK1_HUMAN,Homo sapiens,31053714,true positive,54,26,ordered
ELME000368,LIG_LIR_Gen_1,Atg8 protein family ligands,LIG,Canonical LIR motif that binds to Atg8/LC3 protein family members to mediate processes involved in autophagy.,PF02991,Atg8,Autophagy protein Atg8 ubiquitin like,"[EDST].{0,2}[WFY][^RKPGWFY][^PG][ILVFM]((.{0,4}[PLAFIVMY])|($)|(.{0,3}[ED]))",EFEAFVA,539,545,ULK2_HUMAN,Homo sapiens,23043107,true positive,54,26,ordered
ELME000368,LIG_LIR_Gen_1,Atg8 protein family ligands,LIG,Canonical LIR motif that binds to Atg8/LC3 protein family members to mediate processes involved in autophagy.,PF02991,Atg8,Autophagy protein Atg8 ubiquitin like,"[EDST].{0,2}[WFY][^RKPGWFY][^PG][ILVFM]((.{0,4}[PLAFIVMY])|($)|(.{0,3}[ED]))",EFEAFVA,539,545,W6PPR4_MOUSE,Mus musculus,25552561,true positive,54,26,ordered
ELME000368,LIG_LIR_Gen_1,Atg8 protein family ligands,LIG,Canonical LIR motif that binds to Atg8/LC3 protein family members to mediate processes involved in autophagy.,PF02991,Atg8,Autophagy protein Atg8 ubiquitin like,"[EDST].{0,2}[WFY][^RKPGWFY][^PG][ILVFM]((.{0,4}[PLAFIVMY])|($)|(.{0,3}[ED]))",EFEAFVA,539,545,WDFY3_HUMAN,Homo sapiens,24668264,true positive,54,26,ordered
ELME000370,LIG_LIR_Nem_3,Atg8 protein family ligands,LIG,Nematode-specific variant of the canonical LIR motif that binds to Atg8 protein family members to mediate processes involved in autophagy.,PF02991,Atg8,Autophagy protein Atg8 ubiquitin like,"[EDST].{0,2}[WFY]..[ILVFY]",SYHVV,3,7,ALLO1_CAEEL,Caenorhabditis elegans,29255173,true positive,11,1,ordered
ELME000370,LIG_LIR_Nem_3,Atg8 protein family ligands,LIG,Nematode-specific variant of the canonical LIR motif that binds to Atg8 protein family members to mediate processes involved in autophagy.,PF02991,Atg8,Autophagy protein Atg8 ubiquitin like,"[EDST].{0,2}[WFY]..[ILVFY]",SYHVV,3,7,EPG2_CAEEL,Caenorhabditis elegans,26687600,true positive,11,1,ordered
ELME000370,LIG_LIR_Nem_3,Atg8 protein family ligands,LIG,Nematode-specific variant of the canonical LIR motif that binds to Atg8 protein family members to mediate processes involved in autophagy.,PF02991,Atg8,Autophagy protein Atg8 ubiquitin like,"[EDST].{0,2}[WFY]..[ILVFY]",SYHVV,3,7,G5EC37_CAEEL,Caenorhabditis elegans,19167332 20083108 26687600,true positive,11,1,ordered
ELME000370,LIG_LIR_Nem_3,Atg8 protein family ligands,LIG,Nematode-specific variant of the canonical LIR motif that binds to Atg8 protein family members to mediate processes involved in autophagy.,PF02991,Atg8,Autophagy protein Atg8 ubiquitin like,"[EDST].{0,2}[WFY]..[ILVFY]",SYHVV,3,7,Q17740_CAEEL,Caenorhabditis elegans,26687600,true positive,11,1,ordered
ELME000370,LIG_LIR_Nem_3,Atg8 protein family ligands,LIG,Nematode-specific variant of the canonical LIR motif that binds to Atg8 protein family members to mediate processes involved in autophagy.,PF02991,Atg8,Autophagy protein Atg8 ubiquitin like,"[EDST].{0,2}[WFY]..[ILVFY]",SYHVV,3,7,Q22342_CAEEL,Caenorhabditis elegans,26687600,true positive,11,1,ordered
ELME000370,LIG_LIR_Nem_3,Atg8 protein family ligands,LIG,Nematode-specific variant of the canonical LIR motif that binds to Atg8 protein family members to mediate processes involved in autophagy.,PF02991,Atg8,Autophagy protein Atg8 ubiquitin like,"[EDST].{0,2}[WFY]..[ILVFY]",SYHVV,3,7,UNC51_CAEEL,Caenorhabditis elegans,26687600,true positive,11,1,ordered
ELME000370,LIG_LIR_Nem_3,Atg8 protein family ligands,LIG,Nematode-specific variant of the canonical LIR motif that binds to Atg8 protein family members to mediate processes involved in autophagy.,PF02991,Atg8,Autophagy protein Atg8 ubiquitin like,"[EDST].{0,2}[WFY]..[ILVFY]",EAYESI,87,92,ALLO1_CAEEL,Caenorhabditis elegans,29255173,true positive,11,1,ordered
ELME000370,LIG_LIR_Nem_3,Atg8 protein family ligands,LIG,Nematode-specific variant of the canonical LIR motif that binds to Atg8 protein family members to mediate processes involved in autophagy.,PF02991,Atg8,Autophagy protein Atg8 ubiquitin like,"[EDST].{0,2}[WFY]..[ILVFY]",EAYESI,87,92,EPG2_CAEEL,Caenorhabditis elegans,26687600,true positive,11,1,ordered
ELME000370,LIG_LIR_Nem_3,Atg8 protein family ligands,LIG,Nematode-specific variant of the canonical LIR motif that binds to Atg8 protein family members to mediate processes involved in autophagy.,PF02991,Atg8,Autophagy protein Atg8 ubiquitin like,"[EDST].{0,2}[WFY]..[ILVFY]",EAYESI,87,92,G5EC37_CAEEL,Caenorhabditis elegans,19167332 20083108 26687600,true positive,11,1,ordered
ELME000370,LIG_LIR_Nem_3,Atg8 protein family ligands,LIG,Nematode-specific variant of the canonical LIR motif that binds to Atg8 protein family members to mediate processes involved in autophagy.,PF02991,Atg8,Autophagy protein Atg8 ubiquitin like,"[EDST].{0,2}[WFY]..[ILVFY]",EAYESI,87,92,Q17740_CAEEL,Caenorhabditis elegans,26687600,true positive,11,1,ordered
ELME000370,LIG_LIR_Nem_3,Atg8 protein family ligands,LIG,Nematode-specific variant of the canonical LIR motif that binds to Atg8 protein family members to mediate processes involved in autophagy.,PF02991,Atg8,Autophagy protein Atg8 ubiquitin like,"[EDST].{0,2}[WFY]..[ILVFY]",EAYESI,87,92,Q22342_CAEEL,Caenorhabditis elegans,26687600,true positive,11,1,ordered
ELME000370,LIG_LIR_Nem_3,Atg8 protein family ligands,LIG,Nematode-specific variant of the canonical LIR motif that binds to Atg8 protein family members to mediate processes involved in autophagy.,PF02991,Atg8,Autophagy protein Atg8 ubiquitin like,"[EDST].{0,2}[WFY]..[ILVFY]",EAYESI,87,92,UNC51_CAEEL,Caenorhabditis elegans,26687600,true positive,11,1,ordered
ELME000370,LIG_LIR_Nem_3,Atg8 protein family ligands,LIG,Nematode-specific variant of the canonical LIR motif that binds to Atg8 protein family members to mediate processes involved in autophagy.,PF02991,Atg8,Autophagy protein Atg8 ubiquitin like,"[EDST].{0,2}[WFY]..[ILVFY]",DNNYKSV,98,104,ALLO1_CAEEL,Caenorhabditis elegans,29255173,true positive,11,1,ordered
ELME000370,LIG_LIR_Nem_3,Atg8 protein family ligands,LIG,Nematode-specific variant of the canonical LIR motif that binds to Atg8 protein family members to mediate processes involved in autophagy.,PF02991,Atg8,Autophagy protein Atg8 ubiquitin like,"[EDST].{0,2}[WFY]..[ILVFY]",DNNYKSV,98,104,EPG2_CAEEL,Caenorhabditis elegans,26687600,true positive,11,1,ordered
ELME000370,LIG_LIR_Nem_3,Atg8 protein family ligands,LIG,Nematode-specific variant of the canonical LIR motif that binds to Atg8 protein family members to mediate processes involved in autophagy.,PF02991,Atg8,Autophagy protein Atg8 ubiquitin like,"[EDST].{0,2}[WFY]..[ILVFY]",DNNYKSV,98,104,G5EC37_CAEEL,Caenorhabditis elegans,19167332 20083108 26687600,true positive,11,1,ordered
ELME000370,LIG_LIR_Nem_3,Atg8 protein family ligands,LIG,Nematode-specific variant of the canonical LIR motif that binds to Atg8 protein family members to mediate processes involved in autophagy.,PF02991,Atg8,Autophagy protein Atg8 ubiquitin like,"[EDST].{0,2}[WFY]..[ILVFY]",DNNYKSV,98,104,Q17740_CAEEL,Caenorhabditis elegans,26687600,true positive,11,1,ordered
ELME000370,LIG_LIR_Nem_3,Atg8 protein family ligands,LIG,Nematode-specific variant of the canonical LIR motif that binds to Atg8 protein family members to mediate processes involved in autophagy.,PF02991,Atg8,Autophagy protein Atg8 ubiquitin like,"[EDST].{0,2}[WFY]..[ILVFY]",DNNYKSV,98,104,Q22342_CAEEL,Caenorhabditis elegans,26687600,true positive,11,1,ordered
ELME000370,LIG_LIR_Nem_3,Atg8 protein family ligands,LIG,Nematode-specific variant of the canonical LIR motif that binds to Atg8 protein family members to mediate processes involved in autophagy.,PF02991,Atg8,Autophagy protein Atg8 ubiquitin like,"[EDST].{0,2}[WFY]..[ILVFY]",DNNYKSV,98,104,UNC51_CAEEL,Caenorhabditis elegans,26687600,true positive,11,1,ordered
ELME000370,LIG_LIR_Nem_3,Atg8 protein family ligands,LIG,Nematode-specific variant of the canonical LIR motif that binds to Atg8 protein family members to mediate processes involved in autophagy.,PF02991,Atg8,Autophagy protein Atg8 ubiquitin like,"[EDST].{0,2}[WFY]..[ILVFY]",TFSYL,202,206,ALLO1_CAEEL,Caenorhabditis elegans,29255173,true positive,11,1,ordered
ELME000370,LIG_LIR_Nem_3,Atg8 protein family ligands,LIG,Nematode-specific variant of the canonical LIR motif that binds to Atg8 protein family members to mediate processes involved in autophagy.,PF02991,Atg8,Autophagy protein Atg8 ubiquitin like,"[EDST].{0,2}[WFY]..[ILVFY]",TFSYL,202,206,EPG2_CAEEL,Caenorhabditis elegans,26687600,true positive,11,1,ordered
ELME000370,LIG_LIR_Nem_3,Atg8 protein family ligands,LIG,Nematode-specific variant of the canonical LIR motif that binds to Atg8 protein family members to mediate processes involved in autophagy.,PF02991,Atg8,Autophagy protein Atg8 ubiquitin like,"[EDST].{0,2}[WFY]..[ILVFY]",TFSYL,202,206,G5EC37_CAEEL,Caenorhabditis elegans,19167332 20083108 26687600,true positive,11,1,ordered
ELME000370,LIG_LIR_Nem_3,Atg8 protein family ligands,LIG,Nematode-specific variant of the canonical LIR motif that binds to Atg8 protein family members to mediate processes involved in autophagy.,PF02991,Atg8,Autophagy protein Atg8 ubiquitin like,"[EDST].{0,2}[WFY]..[ILVFY]",TFSYL,202,206,Q17740_CAEEL,Caenorhabditis elegans,26687600,true positive,11,1,ordered
ELME000370,LIG_LIR_Nem_3,Atg8 protein family ligands,LIG,Nematode-specific variant of the canonical LIR motif that binds to Atg8 protein family members to mediate processes involved in autophagy.,PF02991,Atg8,Autophagy protein Atg8 ubiquitin like,"[EDST].{0,2}[WFY]..[ILVFY]",TFSYL,202,206,Q22342_CAEEL,Caenorhabditis elegans,26687600,true positive,11,1,ordered
ELME000370,LIG_LIR_Nem_3,Atg8 protein family ligands,LIG,Nematode-specific variant of the canonical LIR motif that binds to Atg8 protein family members to mediate processes involved in autophagy.,PF02991,Atg8,Autophagy protein Atg8 ubiquitin like,"[EDST].{0,2}[WFY]..[ILVFY]",TFSYL,202,206,UNC51_CAEEL,Caenorhabditis elegans,26687600,true positive,11,1,ordered
ELME000370,LIG_LIR_Nem_3,Atg8 protein family ligands,LIG,Nematode-specific variant of the canonical LIR motif that binds to Atg8 protein family members to mediate processes involved in autophagy.,PF02991,Atg8,Autophagy protein Atg8 ubiquitin like,"[EDST].{0,2}[WFY]..[ILVFY]",EEFEAF,538,543,ALLO1_CAEEL,Caenorhabditis elegans,29255173,true positive,11,1,inbetween
ELME000370,LIG_LIR_Nem_3,Atg8 protein family ligands,LIG,Nematode-specific variant of the canonical LIR motif that binds to Atg8 protein family members to mediate processes involved in autophagy.,PF02991,Atg8,Autophagy protein Atg8 ubiquitin like,"[EDST].{0,2}[WFY]..[ILVFY]",EEFEAF,538,543,EPG2_CAEEL,Caenorhabditis elegans,26687600,true positive,11,1,inbetween
ELME000370,LIG_LIR_Nem_3,Atg8 protein family ligands,LIG,Nematode-specific variant of the canonical LIR motif that binds to Atg8 protein family members to mediate processes involved in autophagy.,PF02991,Atg8,Autophagy protein Atg8 ubiquitin like,"[EDST].{0,2}[WFY]..[ILVFY]",EEFEAF,538,543,G5EC37_CAEEL,Caenorhabditis elegans,19167332 20083108 26687600,true positive,11,1,inbetween
ELME000370,LIG_LIR_Nem_3,Atg8 protein family ligands,LIG,Nematode-specific variant of the canonical LIR motif that binds to Atg8 protein family members to mediate processes involved in autophagy.,PF02991,Atg8,Autophagy protein Atg8 ubiquitin like,"[EDST].{0,2}[WFY]..[ILVFY]",EEFEAF,538,543,Q17740_CAEEL,Caenorhabditis elegans,26687600,true positive,11,1,inbetween
ELME000370,LIG_LIR_Nem_3,Atg8 protein family ligands,LIG,Nematode-specific variant of the canonical LIR motif that binds to Atg8 protein family members to mediate processes involved in autophagy.,PF02991,Atg8,Autophagy protein Atg8 ubiquitin like,"[EDST].{0,2}[WFY]..[ILVFY]",EEFEAF,538,543,Q22342_CAEEL,Caenorhabditis elegans,26687600,true positive,11,1,inbetween
ELME000370,LIG_LIR_Nem_3,Atg8 protein family ligands,LIG,Nematode-specific variant of the canonical LIR motif that binds to Atg8 protein family members to mediate processes involved in autophagy.,PF02991,Atg8,Autophagy protein Atg8 ubiquitin like,"[EDST].{0,2}[WFY]..[ILVFY]",EEFEAF,538,543,UNC51_CAEEL,Caenorhabditis elegans,26687600,true positive,11,1,inbetween
ELME000370,LIG_LIR_Nem_3,Atg8 protein family ligands,LIG,Nematode-specific variant of the canonical LIR motif that binds to Atg8 protein family members to mediate processes involved in autophagy.,PF02991,Atg8,Autophagy protein Atg8 ubiquitin like,"[EDST].{0,2}[WFY]..[ILVFY]",EFEAF,539,543,ALLO1_CAEEL,Caenorhabditis elegans,29255173,true positive,11,1,ordered
ELME000370,LIG_LIR_Nem_3,Atg8 protein family ligands,LIG,Nematode-specific variant of the canonical LIR motif that binds to Atg8 protein family members to mediate processes involved in autophagy.,PF02991,Atg8,Autophagy protein Atg8 ubiquitin like,"[EDST].{0,2}[WFY]..[ILVFY]",EFEAF,539,543,EPG2_CAEEL,Caenorhabditis elegans,26687600,true positive,11,1,ordered
ELME000370,LIG_LIR_Nem_3,Atg8 protein family ligands,LIG,Nematode-specific variant of the canonical LIR motif that binds to Atg8 protein family members to mediate processes involved in autophagy.,PF02991,Atg8,Autophagy protein Atg8 ubiquitin like,"[EDST].{0,2}[WFY]..[ILVFY]",EFEAF,539,543,G5EC37_CAEEL,Caenorhabditis elegans,19167332 20083108 26687600,true positive,11,1,ordered
ELME000370,LIG_LIR_Nem_3,Atg8 protein family ligands,LIG,Nematode-specific variant of the canonical LIR motif that binds to Atg8 protein family members to mediate processes involved in autophagy.,PF02991,Atg8,Autophagy protein Atg8 ubiquitin like,"[EDST].{0,2}[WFY]..[ILVFY]",EFEAF,539,543,Q17740_CAEEL,Caenorhabditis elegans,26687600,true positive,11,1,ordered
ELME000370,LIG_LIR_Nem_3,Atg8 protein family ligands,LIG,Nematode-specific variant of the canonical LIR motif that binds to Atg8 protein family members to mediate processes involved in autophagy.,PF02991,Atg8,Autophagy protein Atg8 ubiquitin like,"[EDST].{0,2}[WFY]..[ILVFY]",EFEAF,539,543,Q22342_CAEEL,Caenorhabditis elegans,26687600,true positive,11,1,ordered
ELME000370,LIG_LIR_Nem_3,Atg8 protein family ligands,LIG,Nematode-specific variant of the canonical LIR motif that binds to Atg8 protein family members to mediate processes involved in autophagy.,PF02991,Atg8,Autophagy protein Atg8 ubiquitin like,"[EDST].{0,2}[WFY]..[ILVFY]",EFEAF,539,543,UNC51_CAEEL,Caenorhabditis elegans,26687600,true positive,11,1,ordered
ELME000551,LIG_MTR4_AIM_1,MTR4 arch domain ligand ,LIG,Diverse nuclear exosome adaptors employ the so-called arch-interacting motif (AIM) to recruit the MTR4-exosome complex to different RNA species for facilitating their efficient degradation.,IPR025696,rRNA-processing arch domain, The essential RNA helicase Mtr4 is an exosome-activating cofactor,[FYW][^P][VILTM]D.(([^P][GPAS])|G),FDVDSLS,418,424,AIR2_YEAST,Saccharomyces cerevisiae S288c,25175027,true positive,8,4,inbetween
ELME000551,LIG_MTR4_AIM_1,MTR4 arch domain ligand ,LIG,Diverse nuclear exosome adaptors employ the so-called arch-interacting motif (AIM) to recruit the MTR4-exosome complex to different RNA species for facilitating their efficient degradation.,IPR025696,rRNA-processing arch domain, The essential RNA helicase Mtr4 is an exosome-activating cofactor,[FYW][^P][VILTM]D.(([^P][GPAS])|G),FDVDSLS,418,424,NOP53_HUMAN,Homo sapiens,31358741,true positive,8,4,inbetween
ELME000551,LIG_MTR4_AIM_1,MTR4 arch domain ligand ,LIG,Diverse nuclear exosome adaptors employ the so-called arch-interacting motif (AIM) to recruit the MTR4-exosome complex to different RNA species for facilitating their efficient degradation.,IPR025696,rRNA-processing arch domain, The essential RNA helicase Mtr4 is an exosome-activating cofactor,[FYW][^P][VILTM]D.(([^P][GPAS])|G),FDVDSLS,418,424,NOP53_YEAST,Saccharomyces cerevisiae S288c,26317469 28883156,true positive,8,4,inbetween
ELME000551,LIG_MTR4_AIM_1,MTR4 arch domain ligand ,LIG,Diverse nuclear exosome adaptors employ the so-called arch-interacting motif (AIM) to recruit the MTR4-exosome complex to different RNA species for facilitating their efficient degradation.,IPR025696,rRNA-processing arch domain, The essential RNA helicase Mtr4 is an exosome-activating cofactor,[FYW][^P][VILTM]D.(([^P][GPAS])|G),FDVDSLS,418,424,NRDE2_HUMAN,Homo sapiens,30842217,true positive,8,4,inbetween
ELME000551,LIG_MTR4_AIM_1,MTR4 arch domain ligand ,LIG,Diverse nuclear exosome adaptors employ the so-called arch-interacting motif (AIM) to recruit the MTR4-exosome complex to different RNA species for facilitating their efficient degradation.,IPR025696,rRNA-processing arch domain, The essential RNA helicase Mtr4 is an exosome-activating cofactor,[FYW][^P][VILTM]D.(([^P][GPAS])|G),FDVDSLS,418,424,NVL_HUMAN,Homo sapiens,31358741,true positive,8,4,inbetween
ELME000551,LIG_MTR4_AIM_1,MTR4 arch domain ligand ,LIG,Diverse nuclear exosome adaptors employ the so-called arch-interacting motif (AIM) to recruit the MTR4-exosome complex to different RNA species for facilitating their efficient degradation.,IPR025696,rRNA-processing arch domain, The essential RNA helicase Mtr4 is an exosome-activating cofactor,[FYW][^P][VILTM]D.(([^P][GPAS])|G),FDVDSLS,418,424,SQS1_YEAST,Saccharomyces cerevisiae S288c,26317469,true positive,8,4,inbetween
ELME000551,LIG_MTR4_AIM_1,MTR4 arch domain ligand ,LIG,Diverse nuclear exosome adaptors employ the so-called arch-interacting motif (AIM) to recruit the MTR4-exosome complex to different RNA species for facilitating their efficient degradation.,IPR025696,rRNA-processing arch domain, The essential RNA helicase Mtr4 is an exosome-activating cofactor,[FYW][^P][VILTM]D.(([^P][GPAS])|G),FDVDSLS,418,424,UTP18_YEAST,Saccharomyces cerevisiae S288c,26317469 28883156,true positive,8,4,inbetween
ELME000551,LIG_MTR4_AIM_1,MTR4 arch domain ligand ,LIG,Diverse nuclear exosome adaptors employ the so-called arch-interacting motif (AIM) to recruit the MTR4-exosome complex to different RNA species for facilitating their efficient degradation.,IPR025696,rRNA-processing arch domain, The essential RNA helicase Mtr4 is an exosome-activating cofactor,[FYW][^P][VILTM]D.(([^P][GPAS])|G),FDVDSLS,418,424,ZCHC8_HUMAN,Homo sapiens,31358741,true positive,8,4,inbetween
ELME000045,LIG_NRBOX,Nuclear receptor box,LIG,The nuclear receptor box motif (LXXLL) confers binding to nuclear receptors.,PF00104,Hormone_recep,Ligand-binding domain of nuclear hormone receptor,[^P]L[^P][^P]LL[^P],SLNHLLT,124,130,CBP_HUMAN,Homo sapiens,9192902,true positive,24,5,ordered
ELME000045,LIG_NRBOX,Nuclear receptor box,LIG,The nuclear receptor box motif (LXXLL) confers binding to nuclear receptors.,PF00104,Hormone_recep,Ligand-binding domain of nuclear hormone receptor,[^P]L[^P][^P]LL[^P],SLNHLLT,124,130,HAIR_HUMAN,Homo sapiens,12215540,true positive,24,5,ordered
ELME000045,LIG_NRBOX,Nuclear receptor box,LIG,The nuclear receptor box motif (LXXLL) confers binding to nuclear receptors.,PF00104,Hormone_recep,Ligand-binding domain of nuclear hormone receptor,[^P]L[^P][^P]LL[^P],SLNHLLT,124,130,MED1_HUMAN,Homo sapiens,12556447,true positive,24,5,ordered
ELME000045,LIG_NRBOX,Nuclear receptor box,LIG,The nuclear receptor box motif (LXXLL) confers binding to nuclear receptors.,PF00104,Hormone_recep,Ligand-binding domain of nuclear hormone receptor,[^P]L[^P][^P]LL[^P],SLNHLLT,124,130,MED1_HUMAN,Homo sapiens,15065852 12556447,true positive,24,5,ordered
ELME000045,LIG_NRBOX,Nuclear receptor box,LIG,The nuclear receptor box motif (LXXLL) confers binding to nuclear receptors.,PF00104,Hormone_recep,Ligand-binding domain of nuclear hormone receptor,[^P]L[^P][^P]LL[^P],SLNHLLT,124,130,NCOA2_HUMAN,Homo sapiens,9430642,true positive,24,5,ordered
ELME000045,LIG_NRBOX,Nuclear receptor box,LIG,The nuclear receptor box motif (LXXLL) confers binding to nuclear receptors.,PF00104,Hormone_recep,Ligand-binding domain of nuclear hormone receptor,[^P]L[^P][^P]LL[^P],SLNHLLT,124,130,NCOA2_HUMAN,Homo sapiens,9430642 11937504,true positive,24,5,ordered
ELME000045,LIG_NRBOX,Nuclear receptor box,LIG,The nuclear receptor box motif (LXXLL) confers binding to nuclear receptors.,PF00104,Hormone_recep,Ligand-binding domain of nuclear hormone receptor,[^P]L[^P][^P]LL[^P],SLNHLLT,124,130,NCOA2_HUMAN,Homo sapiens,12151000,true positive,24,5,ordered
ELME000045,LIG_NRBOX,Nuclear receptor box,LIG,The nuclear receptor box motif (LXXLL) confers binding to nuclear receptors.,PF00104,Hormone_recep,Ligand-binding domain of nuclear hormone receptor,[^P]L[^P][^P]LL[^P],SLNHLLT,124,130,NCOA6_MOUSE,Mus musculus,12724417,true positive,24,5,ordered
ELME000045,LIG_NRBOX,Nuclear receptor box,LIG,The nuclear receptor box motif (LXXLL) confers binding to nuclear receptors.,PF00104,Hormone_recep,Ligand-binding domain of nuclear hormone receptor,[^P]L[^P][^P]LL[^P],SLNHLLT,124,130,NRIP1_HUMAN,Homo sapiens,9192902,true positive,24,5,ordered
ELME000045,LIG_NRBOX,Nuclear receptor box,LIG,The nuclear receptor box motif (LXXLL) confers binding to nuclear receptors.,PF00104,Hormone_recep,Ligand-binding domain of nuclear hormone receptor,[^P]L[^P][^P]LL[^P],SLNHLLT,124,130,NRIP1_HUMAN,Homo sapiens,9192902 16990259,true positive,24,5,ordered
ELME000045,LIG_NRBOX,Nuclear receptor box,LIG,The nuclear receptor box motif (LXXLL) confers binding to nuclear receptors.,PF00104,Hormone_recep,Ligand-binding domain of nuclear hormone receptor,[^P]L[^P][^P]LL[^P],SLNHLLT,124,130,NRIP1_HUMAN,Homo sapiens,,true positive,24,5,ordered
ELME000045,LIG_NRBOX,Nuclear receptor box,LIG,The nuclear receptor box motif (LXXLL) confers binding to nuclear receptors.,PF00104,Hormone_recep,Ligand-binding domain of nuclear hormone receptor,[^P]L[^P][^P]LL[^P],SLNHLLT,124,130,PA2G4_HUMAN,Homo sapiens,12165860,true positive,24,5,ordered
ELME000045,LIG_NRBOX,Nuclear receptor box,LIG,The nuclear receptor box motif (LXXLL) confers binding to nuclear receptors.,PF00104,Hormone_recep,Ligand-binding domain of nuclear hormone receptor,[^P]L[^P][^P]LL[^P],SLNHLLT,124,130,PRGC1_HUMAN,Homo sapiens,18469005 12502716,true positive,24,5,ordered
ELME000045,LIG_NRBOX,Nuclear receptor box,LIG,The nuclear receptor box motif (LXXLL) confers binding to nuclear receptors.,PF00104,Hormone_recep,Ligand-binding domain of nuclear hormone receptor,[^P]L[^P][^P]LL[^P],SLNHLLT,124,130,Q90ZL7_DANRE,Danio rerio,14517294,true positive,24,5,ordered
ELME000045,LIG_NRBOX,Nuclear receptor box,LIG,The nuclear receptor box motif (LXXLL) confers binding to nuclear receptors.,PF00104,Hormone_recep,Ligand-binding domain of nuclear hormone receptor,[^P]L[^P][^P]LL[^P],SLNHLLT,124,130,TRXR1_HUMAN,Homo sapiens,15199063,true positive,24,5,ordered
ELME000328,LIG_Pex14_2,Pex14 ligand motif,LIG,"Fxxx[WF] motifs are present in Pex19 and S. cerevisiae Pex5 cytosolic receptors that bind to peroxisomal membrane docking member, Pex14",PF04695,Pex14_N,Peroxisomal membrane anchor protein (Pex14p) conserved region,F...[WF],FPESF,41,45,PEX19_HUMAN,Homo sapiens,,true positive,2,0,ordered
ELME000328,LIG_Pex14_2,Pex14 ligand motif,LIG,"Fxxx[WF] motifs are present in Pex19 and S. cerevisiae Pex5 cytosolic receptors that bind to peroxisomal membrane docking member, Pex14",PF04695,Pex14_N,Peroxisomal membrane anchor protein (Pex14p) conserved region,F...[WF],FPESF,41,45,PEX5_YEAST,Saccharomyces cerevisiae S288c,,true positive,2,0,ordered
ELME000458,LIG_SH2_CRK,Phosphotyrosine ligands bound by SH2 domains,LIG,CRK family SH2 domain binding motif.,PF00017,SH2,SH2 domain,(Y)[^EPILVFYW][^HDEW][PLIV][^DEW],YHVVR,4,8,A0A0H3MGJ2_CHLT2,Chlamydia trachomatis 434/Bu,24586162,true positive,36,1,ordered
ELME000458,LIG_SH2_CRK,Phosphotyrosine ligands bound by SH2 domains,LIG,CRK family SH2 domain binding motif.,PF00017,SH2,SH2 domain,(Y)[^EPILVFYW][^HDEW][PLIV][^DEW],YHVVR,4,8,BCAR1_HUMAN,Homo sapiens,20627867,true positive,36,1,ordered
ELME000458,LIG_SH2_CRK,Phosphotyrosine ligands bound by SH2 domains,LIG,CRK family SH2 domain binding motif.,PF00017,SH2,SH2 domain,(Y)[^EPILVFYW][^HDEW][PLIV][^DEW],YHVVR,4,8,BCAR1_MOUSE,Mus musculus,27686861,true positive,36,1,ordered
ELME000458,LIG_SH2_CRK,Phosphotyrosine ligands bound by SH2 domains,LIG,CRK family SH2 domain binding motif.,PF00017,SH2,SH2 domain,(Y)[^EPILVFYW][^HDEW][PLIV][^DEW],YHVVR,4,8,CBLB_HUMAN,Homo sapiens,10022120,true positive,36,1,ordered
ELME000458,LIG_SH2_CRK,Phosphotyrosine ligands bound by SH2 domains,LIG,CRK family SH2 domain binding motif.,PF00017,SH2,SH2 domain,(Y)[^EPILVFYW][^HDEW][PLIV][^DEW],YHVVR,4,8,CBL_HUMAN,Homo sapiens,8626543,true positive,36,1,ordered
ELME000458,LIG_SH2_CRK,Phosphotyrosine ligands bound by SH2 domains,LIG,CRK family SH2 domain binding motif.,PF00017,SH2,SH2 domain,(Y)[^EPILVFYW][^HDEW][PLIV][^DEW],YHVVR,4,8,CRK_HUMAN,Homo sapiens,27686861,true positive,36,1,ordered
ELME000458,LIG_SH2_CRK,Phosphotyrosine ligands bound by SH2 domains,LIG,CRK family SH2 domain binding motif.,PF00017,SH2,SH2 domain,(Y)[^EPILVFYW][^HDEW][PLIV][^DEW],YHVVR,4,8,CRK_MOUSE,Mus musculus,12384576,true positive,36,1,ordered
ELME000458,LIG_SH2_CRK,Phosphotyrosine ligands bound by SH2 domains,LIG,CRK family SH2 domain binding motif.,PF00017,SH2,SH2 domain,(Y)[^EPILVFYW][^HDEW][PLIV][^DEW],YHVVR,4,8,DAB1_MOUSE,Mus musculus,15062102,true positive,36,1,ordered
ELME000458,LIG_SH2_CRK,Phosphotyrosine ligands bound by SH2 domains,LIG,CRK family SH2 domain binding motif.,PF00017,SH2,SH2 domain,(Y)[^EPILVFYW][^HDEW][PLIV][^DEW],YHVVR,4,8,DCBD1_HUMAN,Homo sapiens,29025973,true positive,36,1,ordered
ELME000458,LIG_SH2_CRK,Phosphotyrosine ligands bound by SH2 domains,LIG,CRK family SH2 domain binding motif.,PF00017,SH2,SH2 domain,(Y)[^EPILVFYW][^HDEW][PLIV][^DEW],YHVVR,4,8,DOK7_MOUSE,Mus musculus,27686861,true positive,36,1,ordered
ELME000458,LIG_SH2_CRK,Phosphotyrosine ligands bound by SH2 domains,LIG,CRK family SH2 domain binding motif.,PF00017,SH2,SH2 domain,(Y)[^EPILVFYW][^HDEW][PLIV][^DEW],YHVVR,4,8,EPHB6_HUMAN,Homo sapiens,27686861,true positive,36,1,ordered
ELME000458,LIG_SH2_CRK,Phosphotyrosine ligands bound by SH2 domains,LIG,CRK family SH2 domain binding motif.,PF00017,SH2,SH2 domain,(Y)[^EPILVFYW][^HDEW][PLIV][^DEW],YHVVR,4,8,PAXI_CHICK,Gallus gallus,7537852,true positive,36,1,ordered
ELME000458,LIG_SH2_CRK,Phosphotyrosine ligands bound by SH2 domains,LIG,CRK family SH2 domain binding motif.,PF00017,SH2,SH2 domain,(Y)[^EPILVFYW][^HDEW][PLIV][^DEW],YHVVR,4,8,PAXI_HUMAN,Homo sapiens,27686861,true positive,36,1,ordered
ELME000458,LIG_SH2_CRK,Phosphotyrosine ligands bound by SH2 domains,LIG,CRK family SH2 domain binding motif.,PF00017,SH2,SH2 domain,(Y)[^EPILVFYW][^HDEW][PLIV][^DEW],YHVVR,4,8,ROR1_HUMAN,Homo sapiens,27686861,true positive,36,1,ordered
ELME000458,LIG_SH2_CRK,Phosphotyrosine ligands bound by SH2 domains,LIG,CRK family SH2 domain binding motif.,PF00017,SH2,SH2 domain,(Y)[^EPILVFYW][^HDEW][PLIV][^DEW],YHVVR,4,8,WEE2A_XENLA,Xenopus laevis,11134069,true positive,36,1,ordered
ELME000458,LIG_SH2_CRK,Phosphotyrosine ligands bound by SH2 domains,LIG,CRK family SH2 domain binding motif.,PF00017,SH2,SH2 domain,(Y)[^EPILVFYW][^HDEW][PLIV][^DEW],YKSVA,101,105,A0A0H3MGJ2_CHLT2,Chlamydia trachomatis 434/Bu,24586162,true positive,36,1,ordered
ELME000458,LIG_SH2_CRK,Phosphotyrosine ligands bound by SH2 domains,LIG,CRK family SH2 domain binding motif.,PF00017,SH2,SH2 domain,(Y)[^EPILVFYW][^HDEW][PLIV][^DEW],YKSVA,101,105,BCAR1_HUMAN,Homo sapiens,20627867,true positive,36,1,ordered
ELME000458,LIG_SH2_CRK,Phosphotyrosine ligands bound by SH2 domains,LIG,CRK family SH2 domain binding motif.,PF00017,SH2,SH2 domain,(Y)[^EPILVFYW][^HDEW][PLIV][^DEW],YKSVA,101,105,BCAR1_MOUSE,Mus musculus,27686861,true positive,36,1,ordered
ELME000458,LIG_SH2_CRK,Phosphotyrosine ligands bound by SH2 domains,LIG,CRK family SH2 domain binding motif.,PF00017,SH2,SH2 domain,(Y)[^EPILVFYW][^HDEW][PLIV][^DEW],YKSVA,101,105,CBLB_HUMAN,Homo sapiens,10022120,true positive,36,1,ordered
ELME000458,LIG_SH2_CRK,Phosphotyrosine ligands bound by SH2 domains,LIG,CRK family SH2 domain binding motif.,PF00017,SH2,SH2 domain,(Y)[^EPILVFYW][^HDEW][PLIV][^DEW],YKSVA,101,105,CBL_HUMAN,Homo sapiens,8626543,true positive,36,1,ordered
ELME000458,LIG_SH2_CRK,Phosphotyrosine ligands bound by SH2 domains,LIG,CRK family SH2 domain binding motif.,PF00017,SH2,SH2 domain,(Y)[^EPILVFYW][^HDEW][PLIV][^DEW],YKSVA,101,105,CRK_HUMAN,Homo sapiens,27686861,true positive,36,1,ordered
ELME000458,LIG_SH2_CRK,Phosphotyrosine ligands bound by SH2 domains,LIG,CRK family SH2 domain binding motif.,PF00017,SH2,SH2 domain,(Y)[^EPILVFYW][^HDEW][PLIV][^DEW],YKSVA,101,105,CRK_MOUSE,Mus musculus,12384576,true positive,36,1,ordered
ELME000458,LIG_SH2_CRK,Phosphotyrosine ligands bound by SH2 domains,LIG,CRK family SH2 domain binding motif.,PF00017,SH2,SH2 domain,(Y)[^EPILVFYW][^HDEW][PLIV][^DEW],YKSVA,101,105,DAB1_MOUSE,Mus musculus,15062102,true positive,36,1,ordered
ELME000458,LIG_SH2_CRK,Phosphotyrosine ligands bound by SH2 domains,LIG,CRK family SH2 domain binding motif.,PF00017,SH2,SH2 domain,(Y)[^EPILVFYW][^HDEW][PLIV][^DEW],YKSVA,101,105,DCBD1_HUMAN,Homo sapiens,29025973,true positive,36,1,ordered
ELME000458,LIG_SH2_CRK,Phosphotyrosine ligands bound by SH2 domains,LIG,CRK family SH2 domain binding motif.,PF00017,SH2,SH2 domain,(Y)[^EPILVFYW][^HDEW][PLIV][^DEW],YKSVA,101,105,DOK7_MOUSE,Mus musculus,27686861,true positive,36,1,ordered
ELME000458,LIG_SH2_CRK,Phosphotyrosine ligands bound by SH2 domains,LIG,CRK family SH2 domain binding motif.,PF00017,SH2,SH2 domain,(Y)[^EPILVFYW][^HDEW][PLIV][^DEW],YKSVA,101,105,EPHB6_HUMAN,Homo sapiens,27686861,true positive,36,1,ordered
ELME000458,LIG_SH2_CRK,Phosphotyrosine ligands bound by SH2 domains,LIG,CRK family SH2 domain binding motif.,PF00017,SH2,SH2 domain,(Y)[^EPILVFYW][^HDEW][PLIV][^DEW],YKSVA,101,105,PAXI_CHICK,Gallus gallus,7537852,true positive,36,1,ordered
ELME000458,LIG_SH2_CRK,Phosphotyrosine ligands bound by SH2 domains,LIG,CRK family SH2 domain binding motif.,PF00017,SH2,SH2 domain,(Y)[^EPILVFYW][^HDEW][PLIV][^DEW],YKSVA,101,105,PAXI_HUMAN,Homo sapiens,27686861,true positive,36,1,ordered
ELME000458,LIG_SH2_CRK,Phosphotyrosine ligands bound by SH2 domains,LIG,CRK family SH2 domain binding motif.,PF00017,SH2,SH2 domain,(Y)[^EPILVFYW][^HDEW][PLIV][^DEW],YKSVA,101,105,ROR1_HUMAN,Homo sapiens,27686861,true positive,36,1,ordered
ELME000458,LIG_SH2_CRK,Phosphotyrosine ligands bound by SH2 domains,LIG,CRK family SH2 domain binding motif.,PF00017,SH2,SH2 domain,(Y)[^EPILVFYW][^HDEW][PLIV][^DEW],YKSVA,101,105,WEE2A_XENLA,Xenopus laevis,11134069,true positive,36,1,ordered
ELME000474,LIG_SH2_NCK_1,Phosphotyrosine ligands bound by SH2 domains,LIG,NCK Src Homology 2 (SH2) domain binding motif,PF00017,SH2,SH2 domain,([^KR][^KR](Y)[DE][^GWFY][AI][SDENQTAGYFP])|([^KR][^KR](Y)[STNA][^GWFY][PV][SDENQTAGYFP])|(..Y[DE][^GWFY][PV][SDENQTAGYFP]),EAYESIA,87,93,A36_VACCW,Vaccinia virus WR,10553910 16636066,true positive,17,1,ordered
ELME000474,LIG_SH2_NCK_1,Phosphotyrosine ligands bound by SH2 domains,LIG,NCK Src Homology 2 (SH2) domain binding motif,PF00017,SH2,SH2 domain,([^KR][^KR](Y)[DE][^GWFY][AI][SDENQTAGYFP])|([^KR][^KR](Y)[STNA][^GWFY][PV][SDENQTAGYFP])|(..Y[DE][^GWFY][PV][SDENQTAGYFP]),EAYESIA,87,93,DOK1_HUMAN,Homo sapiens,10202139,true positive,17,1,ordered
ELME000474,LIG_SH2_NCK_1,Phosphotyrosine ligands bound by SH2 domains,LIG,NCK Src Homology 2 (SH2) domain binding motif,PF00017,SH2,SH2 domain,([^KR][^KR](Y)[DE][^GWFY][AI][SDENQTAGYFP])|([^KR][^KR](Y)[STNA][^GWFY][PV][SDENQTAGYFP])|(..Y[DE][^GWFY][PV][SDENQTAGYFP]),EAYESIA,87,93,E2AK3_MOUSE,Mus musculus,24928514,true positive,17,1,ordered
ELME000474,LIG_SH2_NCK_1,Phosphotyrosine ligands bound by SH2 domains,LIG,NCK Src Homology 2 (SH2) domain binding motif,PF00017,SH2,SH2 domain,([^KR][^KR](Y)[DE][^GWFY][AI][SDENQTAGYFP])|([^KR][^KR](Y)[STNA][^GWFY][PV][SDENQTAGYFP])|(..Y[DE][^GWFY][PV][SDENQTAGYFP]),EAYESIA,87,93,EFNB1_HUMAN,Homo sapiens,16636066,true positive,17,1,ordered
ELME000474,LIG_SH2_NCK_1,Phosphotyrosine ligands bound by SH2 domains,LIG,NCK Src Homology 2 (SH2) domain binding motif,PF00017,SH2,SH2 domain,([^KR][^KR](Y)[DE][^GWFY][AI][SDENQTAGYFP])|([^KR][^KR](Y)[STNA][^GWFY][PV][SDENQTAGYFP])|(..Y[DE][^GWFY][PV][SDENQTAGYFP]),EAYESIA,87,93,EFNB2_HUMAN,Homo sapiens,15764601,true positive,17,1,ordered
ELME000474,LIG_SH2_NCK_1,Phosphotyrosine ligands bound by SH2 domains,LIG,NCK Src Homology 2 (SH2) domain binding motif,PF00017,SH2,SH2 domain,([^KR][^KR](Y)[DE][^GWFY][AI][SDENQTAGYFP])|([^KR][^KR](Y)[STNA][^GWFY][PV][SDENQTAGYFP])|(..Y[DE][^GWFY][PV][SDENQTAGYFP]),EAYESIA,87,93,HCLS1_HUMAN,Homo sapiens,25359136,true positive,17,1,ordered
ELME000474,LIG_SH2_NCK_1,Phosphotyrosine ligands bound by SH2 domains,LIG,NCK Src Homology 2 (SH2) domain binding motif,PF00017,SH2,SH2 domain,([^KR][^KR](Y)[DE][^GWFY][AI][SDENQTAGYFP])|([^KR][^KR](Y)[STNA][^GWFY][PV][SDENQTAGYFP])|(..Y[DE][^GWFY][PV][SDENQTAGYFP]),EAYESIA,87,93,LCP2_HUMAN,Homo sapiens,9846482,true positive,17,1,ordered
ELME000474,LIG_SH2_NCK_1,Phosphotyrosine ligands bound by SH2 domains,LIG,NCK Src Homology 2 (SH2) domain binding motif,PF00017,SH2,SH2 domain,([^KR][^KR](Y)[DE][^GWFY][AI][SDENQTAGYFP])|([^KR][^KR](Y)[STNA][^GWFY][PV][SDENQTAGYFP])|(..Y[DE][^GWFY][PV][SDENQTAGYFP]),EAYESIA,87,93,NPHN_MOUSE,Mus musculus,18212058,true positive,17,1,ordered
ELME000474,LIG_SH2_NCK_1,Phosphotyrosine ligands bound by SH2 domains,LIG,NCK Src Homology 2 (SH2) domain binding motif,PF00017,SH2,SH2 domain,([^KR][^KR](Y)[DE][^GWFY][AI][SDENQTAGYFP])|([^KR][^KR](Y)[STNA][^GWFY][PV][SDENQTAGYFP])|(..Y[DE][^GWFY][PV][SDENQTAGYFP]),EAYESIA,87,93,PGFRB_HUMAN,Homo sapiens,16636066,true positive,17,1,ordered
ELME000474,LIG_SH2_NCK_1,Phosphotyrosine ligands bound by SH2 domains,LIG,NCK Src Homology 2 (SH2) domain binding motif,PF00017,SH2,SH2 domain,([^KR][^KR](Y)[DE][^GWFY][AI][SDENQTAGYFP])|([^KR][^KR](Y)[STNA][^GWFY][PV][SDENQTAGYFP])|(..Y[DE][^GWFY][PV][SDENQTAGYFP]),EAYESIA,87,93,SH22A_HUMAN,Homo sapiens,26163016,true positive,17,1,ordered
ELME000474,LIG_SH2_NCK_1,Phosphotyrosine ligands bound by SH2 domains,LIG,NCK Src Homology 2 (SH2) domain binding motif,PF00017,SH2,SH2 domain,([^KR][^KR](Y)[DE][^GWFY][AI][SDENQTAGYFP])|([^KR][^KR](Y)[STNA][^GWFY][PV][SDENQTAGYFP])|(..Y[DE][^GWFY][PV][SDENQTAGYFP]),EAYESIA,87,93,SRC8_HUMAN,Homo sapiens,20971703,true positive,17,1,ordered
ELME000474,LIG_SH2_NCK_1,Phosphotyrosine ligands bound by SH2 domains,LIG,NCK Src Homology 2 (SH2) domain binding motif,PF00017,SH2,SH2 domain,([^KR][^KR](Y)[DE][^GWFY][AI][SDENQTAGYFP])|([^KR][^KR](Y)[STNA][^GWFY][PV][SDENQTAGYFP])|(..Y[DE][^GWFY][PV][SDENQTAGYFP]),EAYESIA,87,93,TIR_ECO27,Escherichia coli O127:H6 str. E2348/69,16636066 11533668,true positive,17,1,ordered
ELME000474,LIG_SH2_NCK_1,Phosphotyrosine ligands bound by SH2 domains,LIG,NCK Src Homology 2 (SH2) domain binding motif,PF00017,SH2,SH2 domain,([^KR][^KR](Y)[DE][^GWFY][AI][SDENQTAGYFP])|([^KR][^KR](Y)[STNA][^GWFY][PV][SDENQTAGYFP])|(..Y[DE][^GWFY][PV][SDENQTAGYFP]),EAYESIA,87,93,VGFR1_HUMAN,Homo sapiens,9600074,true positive,17,1,ordered
ELME000083,LIG_SH2_PTP2,Phosphotyrosine ligands bound by SH2 domains,LIG,SH-PTP2 and phospholipase C-gamma Src Homology 2 (SH2) domains binding motif.,PF00017,SH2,SH2 domain,(Y)[IV].[VILP],YIHP,323,326,IRS1_RAT,Rattus norvegicus,11572799,true positive,1,0,ordered
ELME000081,LIG_SH2_SFK_2,Phosphotyrosine ligands bound by SH2 domains,LIG,Phosphotyrosine motifs bound by SH2 domains of Src family kinases (SFKs),PF00017,SH2,SH2 domain,"[^KR][^KR](Y)([DEVYI][^KRH][ILVF]|[DEVYI][^KRH][AQPMCW]|[NQSTAFL][^KRH][ILVF])((.{0,3}[DE])|.|$)",EAYESIA,87,93,AFAP1_CHICK,Gallus gallus,9655255,true positive,20,5,ordered
ELME000081,LIG_SH2_SFK_2,Phosphotyrosine ligands bound by SH2 domains,LIG,Phosphotyrosine motifs bound by SH2 domains of Src family kinases (SFKs),IPR000980,SH2 domain, The Src homology 2 (SH2) domain is a protein domain of about 100 amino-acid residues first identified as a conserved sequence region between the oncoproteins Src and Fps ,"[^KR][^KR](Y)([DEVYI][^KRH][ILVF]|[DEVYI][^KRH][AQPMCW]|[NQSTAFL][^KRH][ILVF])((.{0,3}[DE])|.|$)",EAYESIA,87,93,AFAP1_CHICK,Gallus gallus,9655255,true positive,20,5,ordered
ELME000081,LIG_SH2_SFK_2,Phosphotyrosine ligands bound by SH2 domains,LIG,Phosphotyrosine motifs bound by SH2 domains of Src family kinases (SFKs),PF00017,SH2,SH2 domain,"[^KR][^KR](Y)([DEVYI][^KRH][ILVF]|[DEVYI][^KRH][AQPMCW]|[NQSTAFL][^KRH][ILVF])((.{0,3}[DE])|.|$)",EAYESIA,87,93,BCAR1_HUMAN,Homo sapiens,9360983 10542110,true positive,20,5,ordered
ELME000081,LIG_SH2_SFK_2,Phosphotyrosine ligands bound by SH2 domains,LIG,Phosphotyrosine motifs bound by SH2 domains of Src family kinases (SFKs),IPR000980,SH2 domain, The Src homology 2 (SH2) domain is a protein domain of about 100 amino-acid residues first identified as a conserved sequence region between the oncoproteins Src and Fps ,"[^KR][^KR](Y)([DEVYI][^KRH][ILVF]|[DEVYI][^KRH][AQPMCW]|[NQSTAFL][^KRH][ILVF])((.{0,3}[DE])|.|$)",EAYESIA,87,93,BCAR1_HUMAN,Homo sapiens,9360983 10542110,true positive,20,5,ordered
ELME000081,LIG_SH2_SFK_2,Phosphotyrosine ligands bound by SH2 domains,LIG,Phosphotyrosine motifs bound by SH2 domains of Src family kinases (SFKs),PF00017,SH2,SH2 domain,"[^KR][^KR](Y)([DEVYI][^KRH][ILVF]|[DEVYI][^KRH][AQPMCW]|[NQSTAFL][^KRH][ILVF])((.{0,3}[DE])|.|$)",EAYESIA,87,93,BCAR1_RAT,Rattus norvegicus,16245368,true positive,20,5,ordered
ELME000081,LIG_SH2_SFK_2,Phosphotyrosine ligands bound by SH2 domains,LIG,Phosphotyrosine motifs bound by SH2 domains of Src family kinases (SFKs),IPR000980,SH2 domain, The Src homology 2 (SH2) domain is a protein domain of about 100 amino-acid residues first identified as a conserved sequence region between the oncoproteins Src and Fps ,"[^KR][^KR](Y)([DEVYI][^KRH][ILVF]|[DEVYI][^KRH][AQPMCW]|[NQSTAFL][^KRH][ILVF])((.{0,3}[DE])|.|$)",EAYESIA,87,93,BCAR1_RAT,Rattus norvegicus,16245368,true positive,20,5,ordered
ELME000081,LIG_SH2_SFK_2,Phosphotyrosine ligands bound by SH2 domains,LIG,Phosphotyrosine motifs bound by SH2 domains of Src family kinases (SFKs),PF00017,SH2,SH2 domain,"[^KR][^KR](Y)([DEVYI][^KRH][ILVF]|[DEVYI][^KRH][AQPMCW]|[NQSTAFL][^KRH][ILVF])((.{0,3}[DE])|.|$)",EAYESIA,87,93,CASL_HUMAN,Homo sapiens,11604500,true positive,20,5,ordered
ELME000081,LIG_SH2_SFK_2,Phosphotyrosine ligands bound by SH2 domains,LIG,Phosphotyrosine motifs bound by SH2 domains of Src family kinases (SFKs),IPR000980,SH2 domain, The Src homology 2 (SH2) domain is a protein domain of about 100 amino-acid residues first identified as a conserved sequence region between the oncoproteins Src and Fps ,"[^KR][^KR](Y)([DEVYI][^KRH][ILVF]|[DEVYI][^KRH][AQPMCW]|[NQSTAFL][^KRH][ILVF])((.{0,3}[DE])|.|$)",EAYESIA,87,93,CASL_HUMAN,Homo sapiens,11604500,true positive,20,5,ordered
ELME000081,LIG_SH2_SFK_2,Phosphotyrosine ligands bound by SH2 domains,LIG,Phosphotyrosine motifs bound by SH2 domains of Src family kinases (SFKs),PF00017,SH2,SH2 domain,"[^KR][^KR](Y)([DEVYI][^KRH][ILVF]|[DEVYI][^KRH][AQPMCW]|[NQSTAFL][^KRH][ILVF])((.{0,3}[DE])|.|$)",EAYESIA,87,93,CASL_MOUSE,Mus musculus,11604500,true positive,20,5,ordered
ELME000081,LIG_SH2_SFK_2,Phosphotyrosine ligands bound by SH2 domains,LIG,Phosphotyrosine motifs bound by SH2 domains of Src family kinases (SFKs),IPR000980,SH2 domain, The Src homology 2 (SH2) domain is a protein domain of about 100 amino-acid residues first identified as a conserved sequence region between the oncoproteins Src and Fps ,"[^KR][^KR](Y)([DEVYI][^KRH][ILVF]|[DEVYI][^KRH][AQPMCW]|[NQSTAFL][^KRH][ILVF])((.{0,3}[DE])|.|$)",EAYESIA,87,93,CASL_MOUSE,Mus musculus,11604500,true positive,20,5,ordered
ELME000081,LIG_SH2_SFK_2,Phosphotyrosine ligands bound by SH2 domains,LIG,Phosphotyrosine motifs bound by SH2 domains of Src family kinases (SFKs),PF00017,SH2,SH2 domain,"[^KR][^KR](Y)([DEVYI][^KRH][ILVF]|[DEVYI][^KRH][AQPMCW]|[NQSTAFL][^KRH][ILVF])((.{0,3}[DE])|.|$)",EAYESIA,87,93,CSF1R_HUMAN,Homo sapiens,7730365,true positive,20,5,ordered
ELME000081,LIG_SH2_SFK_2,Phosphotyrosine ligands bound by SH2 domains,LIG,Phosphotyrosine motifs bound by SH2 domains of Src family kinases (SFKs),IPR000980,SH2 domain, The Src homology 2 (SH2) domain is a protein domain of about 100 amino-acid residues first identified as a conserved sequence region between the oncoproteins Src and Fps ,"[^KR][^KR](Y)([DEVYI][^KRH][ILVF]|[DEVYI][^KRH][AQPMCW]|[NQSTAFL][^KRH][ILVF])((.{0,3}[DE])|.|$)",EAYESIA,87,93,CSF1R_HUMAN,Homo sapiens,7730365,true positive,20,5,ordered
ELME000081,LIG_SH2_SFK_2,Phosphotyrosine ligands bound by SH2 domains,LIG,Phosphotyrosine motifs bound by SH2 domains of Src family kinases (SFKs),PF00017,SH2,SH2 domain,"[^KR][^KR](Y)([DEVYI][^KRH][ILVF]|[DEVYI][^KRH][AQPMCW]|[NQSTAFL][^KRH][ILVF])((.{0,3}[DE])|.|$)",EAYESIA,87,93,DAG1_HUMAN,Homo sapiens,11724572,true positive,20,5,ordered
ELME000081,LIG_SH2_SFK_2,Phosphotyrosine ligands bound by SH2 domains,LIG,Phosphotyrosine motifs bound by SH2 domains of Src family kinases (SFKs),IPR000980,SH2 domain, The Src homology 2 (SH2) domain is a protein domain of about 100 amino-acid residues first identified as a conserved sequence region between the oncoproteins Src and Fps ,"[^KR][^KR](Y)([DEVYI][^KRH][ILVF]|[DEVYI][^KRH][AQPMCW]|[NQSTAFL][^KRH][ILVF])((.{0,3}[DE])|.|$)",EAYESIA,87,93,DAG1_HUMAN,Homo sapiens,11724572,true positive,20,5,ordered
ELME000081,LIG_SH2_SFK_2,Phosphotyrosine ligands bound by SH2 domains,LIG,Phosphotyrosine motifs bound by SH2 domains of Src family kinases (SFKs),PF00017,SH2,SH2 domain,"[^KR][^KR](Y)([DEVYI][^KRH][ILVF]|[DEVYI][^KRH][AQPMCW]|[NQSTAFL][^KRH][ILVF])((.{0,3}[DE])|.|$)",EAYESIA,87,93,EGFR_HUMAN,Homo sapiens,9153411,true positive,20,5,ordered
ELME000081,LIG_SH2_SFK_2,Phosphotyrosine ligands bound by SH2 domains,LIG,Phosphotyrosine motifs bound by SH2 domains of Src family kinases (SFKs),IPR000980,SH2 domain, The Src homology 2 (SH2) domain is a protein domain of about 100 amino-acid residues first identified as a conserved sequence region between the oncoproteins Src and Fps ,"[^KR][^KR](Y)([DEVYI][^KRH][ILVF]|[DEVYI][^KRH][AQPMCW]|[NQSTAFL][^KRH][ILVF])((.{0,3}[DE])|.|$)",EAYESIA,87,93,EGFR_HUMAN,Homo sapiens,9153411,true positive,20,5,ordered
ELME000081,LIG_SH2_SFK_2,Phosphotyrosine ligands bound by SH2 domains,LIG,Phosphotyrosine motifs bound by SH2 domains of Src family kinases (SFKs),PF00017,SH2,SH2 domain,"[^KR][^KR](Y)([DEVYI][^KRH][ILVF]|[DEVYI][^KRH][AQPMCW]|[NQSTAFL][^KRH][ILVF])((.{0,3}[DE])|.|$)",EAYESIA,87,93,FAK1_MOUSE,Mus musculus,11604500 9148935 7739563,true positive,20,5,ordered
ELME000081,LIG_SH2_SFK_2,Phosphotyrosine ligands bound by SH2 domains,LIG,Phosphotyrosine motifs bound by SH2 domains of Src family kinases (SFKs),IPR000980,SH2 domain, The Src homology 2 (SH2) domain is a protein domain of about 100 amino-acid residues first identified as a conserved sequence region between the oncoproteins Src and Fps ,"[^KR][^KR](Y)([DEVYI][^KRH][ILVF]|[DEVYI][^KRH][AQPMCW]|[NQSTAFL][^KRH][ILVF])((.{0,3}[DE])|.|$)",EAYESIA,87,93,FAK1_MOUSE,Mus musculus,11604500 9148935 7739563,true positive,20,5,ordered
ELME000081,LIG_SH2_SFK_2,Phosphotyrosine ligands bound by SH2 domains,LIG,Phosphotyrosine motifs bound by SH2 domains of Src family kinases (SFKs),PF00017,SH2,SH2 domain,"[^KR][^KR](Y)([DEVYI][^KRH][ILVF]|[DEVYI][^KRH][AQPMCW]|[NQSTAFL][^KRH][ILVF])((.{0,3}[DE])|.|$)",EAYESIA,87,93,FAK2_HUMAN,Homo sapiens,8849729 11149930 10521452 10867021,true positive,20,5,ordered
ELME000081,LIG_SH2_SFK_2,Phosphotyrosine ligands bound by SH2 domains,LIG,Phosphotyrosine motifs bound by SH2 domains of Src family kinases (SFKs),IPR000980,SH2 domain, The Src homology 2 (SH2) domain is a protein domain of about 100 amino-acid residues first identified as a conserved sequence region between the oncoproteins Src and Fps ,"[^KR][^KR](Y)([DEVYI][^KRH][ILVF]|[DEVYI][^KRH][AQPMCW]|[NQSTAFL][^KRH][ILVF])((.{0,3}[DE])|.|$)",EAYESIA,87,93,FAK2_HUMAN,Homo sapiens,8849729 11149930 10521452 10867021,true positive,20,5,ordered
ELME000081,LIG_SH2_SFK_2,Phosphotyrosine ligands bound by SH2 domains,LIG,Phosphotyrosine motifs bound by SH2 domains of Src family kinases (SFKs),PF00017,SH2,SH2 domain,"[^KR][^KR](Y)([DEVYI][^KRH][ILVF]|[DEVYI][^KRH][AQPMCW]|[NQSTAFL][^KRH][ILVF])((.{0,3}[DE])|.|$)",EAYESIA,87,93,MT_POVHA,Hamster polyomavirus,8985339 7730365 12706723 7680435 7680960 9351806 9636054 7527393,true positive,20,5,ordered
ELME000081,LIG_SH2_SFK_2,Phosphotyrosine ligands bound by SH2 domains,LIG,Phosphotyrosine motifs bound by SH2 domains of Src family kinases (SFKs),IPR000980,SH2 domain, The Src homology 2 (SH2) domain is a protein domain of about 100 amino-acid residues first identified as a conserved sequence region between the oncoproteins Src and Fps ,"[^KR][^KR](Y)([DEVYI][^KRH][ILVF]|[DEVYI][^KRH][AQPMCW]|[NQSTAFL][^KRH][ILVF])((.{0,3}[DE])|.|$)",EAYESIA,87,93,MT_POVHA,Hamster polyomavirus,8985339 7730365 12706723 7680435 7680960 9351806 9636054 7527393,true positive,20,5,ordered
ELME000081,LIG_SH2_SFK_2,Phosphotyrosine ligands bound by SH2 domains,LIG,Phosphotyrosine motifs bound by SH2 domains of Src family kinases (SFKs),PF00017,SH2,SH2 domain,"[^KR][^KR](Y)([DEVYI][^KRH][ILVF]|[DEVYI][^KRH][AQPMCW]|[NQSTAFL][^KRH][ILVF])((.{0,3}[DE])|.|$)",EAYESIA,87,93,PGFRB_HUMAN,Homo sapiens,12706723 7685273 7687537 7730365,true positive,20,5,ordered
ELME000081,LIG_SH2_SFK_2,Phosphotyrosine ligands bound by SH2 domains,LIG,Phosphotyrosine motifs bound by SH2 domains of Src family kinases (SFKs),IPR000980,SH2 domain, The Src homology 2 (SH2) domain is a protein domain of about 100 amino-acid residues first identified as a conserved sequence region between the oncoproteins Src and Fps ,"[^KR][^KR](Y)([DEVYI][^KRH][ILVF]|[DEVYI][^KRH][AQPMCW]|[NQSTAFL][^KRH][ILVF])((.{0,3}[DE])|.|$)",EAYESIA,87,93,PGFRB_HUMAN,Homo sapiens,12706723 7685273 7687537 7730365,true positive,20,5,ordered
ELME000081,LIG_SH2_SFK_2,Phosphotyrosine ligands bound by SH2 domains,LIG,Phosphotyrosine motifs bound by SH2 domains of Src family kinases (SFKs),PF00017,SH2,SH2 domain,"[^KR][^KR](Y)([DEVYI][^KRH][ILVF]|[DEVYI][^KRH][AQPMCW]|[NQSTAFL][^KRH][ILVF])((.{0,3}[DE])|.|$)",EAYESIA,87,93,PGFRB_HUMAN,Homo sapiens,1379696 9636054,true positive,20,5,ordered
ELME000081,LIG_SH2_SFK_2,Phosphotyrosine ligands bound by SH2 domains,LIG,Phosphotyrosine motifs bound by SH2 domains of Src family kinases (SFKs),IPR000980,SH2 domain, The Src homology 2 (SH2) domain is a protein domain of about 100 amino-acid residues first identified as a conserved sequence region between the oncoproteins Src and Fps ,"[^KR][^KR](Y)([DEVYI][^KRH][ILVF]|[DEVYI][^KRH][AQPMCW]|[NQSTAFL][^KRH][ILVF])((.{0,3}[DE])|.|$)",EAYESIA,87,93,PGFRB_HUMAN,Homo sapiens,1379696 9636054,true positive,20,5,ordered
ELME000081,LIG_SH2_SFK_2,Phosphotyrosine ligands bound by SH2 domains,LIG,Phosphotyrosine motifs bound by SH2 domains of Src family kinases (SFKs),PF00017,SH2,SH2 domain,"[^KR][^KR](Y)([DEVYI][^KRH][ILVF]|[DEVYI][^KRH][AQPMCW]|[NQSTAFL][^KRH][ILVF])((.{0,3}[DE])|.|$)",EAYESIA,87,93,PGFRB_MOUSE,Mus musculus,7730365,true positive,20,5,ordered
ELME000081,LIG_SH2_SFK_2,Phosphotyrosine ligands bound by SH2 domains,LIG,Phosphotyrosine motifs bound by SH2 domains of Src family kinases (SFKs),IPR000980,SH2 domain, The Src homology 2 (SH2) domain is a protein domain of about 100 amino-acid residues first identified as a conserved sequence region between the oncoproteins Src and Fps ,"[^KR][^KR](Y)([DEVYI][^KRH][ILVF]|[DEVYI][^KRH][AQPMCW]|[NQSTAFL][^KRH][ILVF])((.{0,3}[DE])|.|$)",EAYESIA,87,93,PGFRB_MOUSE,Mus musculus,7730365,true positive,20,5,ordered
ELME000081,LIG_SH2_SFK_2,Phosphotyrosine ligands bound by SH2 domains,LIG,Phosphotyrosine motifs bound by SH2 domains of Src family kinases (SFKs),PF00017,SH2,SH2 domain,"[^KR][^KR](Y)([DEVYI][^KRH][ILVF]|[DEVYI][^KRH][AQPMCW]|[NQSTAFL][^KRH][ILVF])((.{0,3}[DE])|.|$)",EAYESIA,87,93,PHAG1_HUMAN,Homo sapiens,18056706,true positive,20,5,ordered
ELME000081,LIG_SH2_SFK_2,Phosphotyrosine ligands bound by SH2 domains,LIG,Phosphotyrosine motifs bound by SH2 domains of Src family kinases (SFKs),IPR000980,SH2 domain, The Src homology 2 (SH2) domain is a protein domain of about 100 amino-acid residues first identified as a conserved sequence region between the oncoproteins Src and Fps ,"[^KR][^KR](Y)([DEVYI][^KRH][ILVF]|[DEVYI][^KRH][AQPMCW]|[NQSTAFL][^KRH][ILVF])((.{0,3}[DE])|.|$)",EAYESIA,87,93,PHAG1_HUMAN,Homo sapiens,18056706,true positive,20,5,ordered
ELME000081,LIG_SH2_SFK_2,Phosphotyrosine ligands bound by SH2 domains,LIG,Phosphotyrosine motifs bound by SH2 domains of Src family kinases (SFKs),PF00017,SH2,SH2 domain,"[^KR][^KR](Y)([DEVYI][^KRH][ILVF]|[DEVYI][^KRH][AQPMCW]|[NQSTAFL][^KRH][ILVF])((.{0,3}[DE])|.|$)",EAYESIA,87,93,PTPRA_HUMAN,Homo sapiens,10698938,true positive,20,5,ordered
ELME000081,LIG_SH2_SFK_2,Phosphotyrosine ligands bound by SH2 domains,LIG,Phosphotyrosine motifs bound by SH2 domains of Src family kinases (SFKs),IPR000980,SH2 domain, The Src homology 2 (SH2) domain is a protein domain of about 100 amino-acid residues first identified as a conserved sequence region between the oncoproteins Src and Fps ,"[^KR][^KR](Y)([DEVYI][^KRH][ILVF]|[DEVYI][^KRH][AQPMCW]|[NQSTAFL][^KRH][ILVF])((.{0,3}[DE])|.|$)",EAYESIA,87,93,PTPRA_HUMAN,Homo sapiens,10698938,true positive,20,5,ordered
ELME000081,LIG_SH2_SFK_2,Phosphotyrosine ligands bound by SH2 domains,LIG,Phosphotyrosine motifs bound by SH2 domains of Src family kinases (SFKs),PF00017,SH2,SH2 domain,"[^KR][^KR](Y)([DEVYI][^KRH][ILVF]|[DEVYI][^KRH][AQPMCW]|[NQSTAFL][^KRH][ILVF])((.{0,3}[DE])|.|$)",EAYESIA,87,93,PTPRA_MOUSE,Mus musculus,12834342,true positive,20,5,ordered
ELME000081,LIG_SH2_SFK_2,Phosphotyrosine ligands bound by SH2 domains,LIG,Phosphotyrosine motifs bound by SH2 domains of Src family kinases (SFKs),IPR000980,SH2 domain, The Src homology 2 (SH2) domain is a protein domain of about 100 amino-acid residues first identified as a conserved sequence region between the oncoproteins Src and Fps ,"[^KR][^KR](Y)([DEVYI][^KRH][ILVF]|[DEVYI][^KRH][AQPMCW]|[NQSTAFL][^KRH][ILVF])((.{0,3}[DE])|.|$)",EAYESIA,87,93,PTPRA_MOUSE,Mus musculus,12834342,true positive,20,5,ordered
ELME000081,LIG_SH2_SFK_2,Phosphotyrosine ligands bound by SH2 domains,LIG,Phosphotyrosine motifs bound by SH2 domains of Src family kinases (SFKs),PF00017,SH2,SH2 domain,"[^KR][^KR](Y)([DEVYI][^KRH][ILVF]|[DEVYI][^KRH][AQPMCW]|[NQSTAFL][^KRH][ILVF])((.{0,3}[DE])|.|$)",EAYESIA,87,93,VAV_HUMAN,Homo sapiens,17050525,true positive,20,5,ordered
ELME000081,LIG_SH2_SFK_2,Phosphotyrosine ligands bound by SH2 domains,LIG,Phosphotyrosine motifs bound by SH2 domains of Src family kinases (SFKs),IPR000980,SH2 domain, The Src homology 2 (SH2) domain is a protein domain of about 100 amino-acid residues first identified as a conserved sequence region between the oncoproteins Src and Fps ,"[^KR][^KR](Y)([DEVYI][^KRH][ILVF]|[DEVYI][^KRH][AQPMCW]|[NQSTAFL][^KRH][ILVF])((.{0,3}[DE])|.|$)",EAYESIA,87,93,VAV_HUMAN,Homo sapiens,17050525,true positive,20,5,ordered
ELME000465,LIG_SH2_STAP1,Phosphotyrosine ligands bound by SH2 domains,LIG,STAP1 Src Homology 2 (SH2) domain Class 2 binding motif,PF00017,SH2,SH2 domain,(Y)[DESTA][^GP][^GP][ILVFMWYA],YESIA,89,93,CBLB_HUMAN,Homo sapiens,17956856,true positive,22,1,ordered
ELME000465,LIG_SH2_STAP1,Phosphotyrosine ligands bound by SH2 domains,LIG,STAP1 Src Homology 2 (SH2) domain Class 2 binding motif,PF00017,SH2,SH2 domain,(Y)[DESTA][^GP][^GP][ILVFMWYA],YESIA,89,93,CD22_HUMAN,Homo sapiens,20442417,true positive,22,1,ordered
ELME000465,LIG_SH2_STAP1,Phosphotyrosine ligands bound by SH2 domains,LIG,STAP1 Src Homology 2 (SH2) domain Class 2 binding motif,PF00017,SH2,SH2 domain,(Y)[DESTA][^GP][^GP][ILVFMWYA],YESIA,89,93,COBA2_HUMAN,Homo sapiens,20442417,true positive,22,1,ordered
ELME000465,LIG_SH2_STAP1,Phosphotyrosine ligands bound by SH2 domains,LIG,STAP1 Src Homology 2 (SH2) domain Class 2 binding motif,PF00017,SH2,SH2 domain,(Y)[DESTA][^GP][^GP][ILVFMWYA],YESIA,89,93,EP15R_HUMAN,Homo sapiens,17956856,true positive,22,1,ordered
ELME000465,LIG_SH2_STAP1,Phosphotyrosine ligands bound by SH2 domains,LIG,STAP1 Src Homology 2 (SH2) domain Class 2 binding motif,PF00017,SH2,SH2 domain,(Y)[DESTA][^GP][^GP][ILVFMWYA],YESIA,89,93,FCG2B_HUMAN,Homo sapiens,20442417,true positive,22,1,ordered
ELME000465,LIG_SH2_STAP1,Phosphotyrosine ligands bound by SH2 domains,LIG,STAP1 Src Homology 2 (SH2) domain Class 2 binding motif,PF00017,SH2,SH2 domain,(Y)[DESTA][^GP][^GP][ILVFMWYA],YESIA,89,93,HCLS1_HUMAN,Homo sapiens,17956856,true positive,22,1,ordered
ELME000465,LIG_SH2_STAP1,Phosphotyrosine ligands bound by SH2 domains,LIG,STAP1 Src Homology 2 (SH2) domain Class 2 binding motif,PF00017,SH2,SH2 domain,(Y)[DESTA][^GP][^GP][ILVFMWYA],YESIA,89,93,KS6A5_HUMAN,Homo sapiens,17956856,true positive,22,1,ordered
ELME000465,LIG_SH2_STAP1,Phosphotyrosine ligands bound by SH2 domains,LIG,STAP1 Src Homology 2 (SH2) domain Class 2 binding motif,PF00017,SH2,SH2 domain,(Y)[DESTA][^GP][^GP][ILVFMWYA],YESIA,89,93,MALT1_HUMAN,Homo sapiens,17956856,true positive,22,1,ordered
ELME000465,LIG_SH2_STAP1,Phosphotyrosine ligands bound by SH2 domains,LIG,STAP1 Src Homology 2 (SH2) domain Class 2 binding motif,PF00017,SH2,SH2 domain,(Y)[DESTA][^GP][^GP][ILVFMWYA],YESIA,89,93,NPHN_HUMAN,Homo sapiens,20442417,true positive,22,1,ordered
ELME000465,LIG_SH2_STAP1,Phosphotyrosine ligands bound by SH2 domains,LIG,STAP1 Src Homology 2 (SH2) domain Class 2 binding motif,PF00017,SH2,SH2 domain,(Y)[DESTA][^GP][^GP][ILVFMWYA],YESIA,89,93,NTAL_HUMAN,Homo sapiens,20442417,true positive,22,1,ordered
ELME000465,LIG_SH2_STAP1,Phosphotyrosine ligands bound by SH2 domains,LIG,STAP1 Src Homology 2 (SH2) domain Class 2 binding motif,PF00017,SH2,SH2 domain,(Y)[DESTA][^GP][^GP][ILVFMWYA],YESIA,89,93,RET_HUMAN,Homo sapiens,20442417,true positive,22,1,ordered
ELME000465,LIG_SH2_STAP1,Phosphotyrosine ligands bound by SH2 domains,LIG,STAP1 Src Homology 2 (SH2) domain Class 2 binding motif,PF00017,SH2,SH2 domain,(Y)[DESTA][^GP][^GP][ILVFMWYA],YESIA,89,93,SBP2L_HUMAN,Homo sapiens,20442417,true positive,22,1,ordered
ELME000182,LIG_SH2_STAT5,Phosphotyrosine ligands bound by SH2 domains,LIG,STAT5 Src Homology 2 (SH2) domain binding motif.,PF00017,SH2,SH2 domain,(Y)[VLTFIC]..,YCRD,142,145,CTLA4_MOUSE,Mus musculus,8638161,true positive,19,0,ordered
ELME000182,LIG_SH2_STAT5,Phosphotyrosine ligands bound by SH2 domains,LIG,STAT5 Src Homology 2 (SH2) domain binding motif.,PF00017,SH2,SH2 domain,(Y)[VLTFIC]..,YCRD,142,145,EPOR_HUMAN,Homo sapiens,,unknown,19,0,ordered
ELME000182,LIG_SH2_STAT5,Phosphotyrosine ligands bound by SH2 domains,LIG,STAT5 Src Homology 2 (SH2) domain binding motif.,PF00017,SH2,SH2 domain,(Y)[VLTFIC]..,YCRD,142,145,ERBB4_HUMAN,Homo sapiens,8617750 18721752,true positive,19,0,ordered
ELME000182,LIG_SH2_STAT5,Phosphotyrosine ligands bound by SH2 domains,LIG,STAT5 Src Homology 2 (SH2) domain binding motif.,PF00017,SH2,SH2 domain,(Y)[VLTFIC]..,YCRD,142,145,GAB1_HUMAN,Homo sapiens,10978177,true positive,19,0,ordered
ELME000182,LIG_SH2_STAT5,Phosphotyrosine ligands bound by SH2 domains,LIG,STAT5 Src Homology 2 (SH2) domain binding motif.,PF00017,SH2,SH2 domain,(Y)[VLTFIC]..,YCRD,142,145,GHR_HUMAN,Homo sapiens,9121492,unknown,19,0,ordered
ELME000182,LIG_SH2_STAT5,Phosphotyrosine ligands bound by SH2 domains,LIG,STAT5 Src Homology 2 (SH2) domain binding motif.,PF00017,SH2,SH2 domain,(Y)[VLTFIC]..,YCRD,142,145,IL2RB_HUMAN,Homo sapiens,,unknown,19,0,ordered
ELME000182,LIG_SH2_STAT5,Phosphotyrosine ligands bound by SH2 domains,LIG,STAT5 Src Homology 2 (SH2) domain binding motif.,PF00017,SH2,SH2 domain,(Y)[VLTFIC]..,YCRD,142,145,IL3RB_HUMAN,Homo sapiens,10362354,unknown,19,0,ordered
ELME000182,LIG_SH2_STAT5,Phosphotyrosine ligands bound by SH2 domains,LIG,STAT5 Src Homology 2 (SH2) domain binding motif.,PF00017,SH2,SH2 domain,(Y)[VLTFIC]..,YCRD,142,145,IL3RB_HUMAN,Homo sapiens,9257712,unknown,19,0,ordered
ELME000182,LIG_SH2_STAT5,Phosphotyrosine ligands bound by SH2 domains,LIG,STAT5 Src Homology 2 (SH2) domain binding motif.,PF00017,SH2,SH2 domain,(Y)[VLTFIC]..,YCRD,142,145,IL7RA_HUMAN,Homo sapiens,,unknown,19,0,ordered
ELME000182,LIG_SH2_STAT5,Phosphotyrosine ligands bound by SH2 domains,LIG,STAT5 Src Homology 2 (SH2) domain binding motif.,PF00017,SH2,SH2 domain,(Y)[VLTFIC]..,YCRD,142,145,IL9R_HUMAN,Homo sapiens,,unknown,19,0,ordered
ELME000182,LIG_SH2_STAT5,Phosphotyrosine ligands bound by SH2 domains,LIG,STAT5 Src Homology 2 (SH2) domain binding motif.,PF00017,SH2,SH2 domain,(Y)[VLTFIC]..,YCRD,142,145,INSR_HUMAN,Homo sapiens,7983060,true positive,19,0,ordered
ELME000182,LIG_SH2_STAT5,Phosphotyrosine ligands bound by SH2 domains,LIG,STAT5 Src Homology 2 (SH2) domain binding motif.,PF00017,SH2,SH2 domain,(Y)[VLTFIC]..,YCRD,142,145,LAT_HUMAN,Homo sapiens,11368773 10811803,true positive,19,0,ordered
ELME000182,LIG_SH2_STAT5,Phosphotyrosine ligands bound by SH2 domains,LIG,STAT5 Src Homology 2 (SH2) domain binding motif.,PF00017,SH2,SH2 domain,(Y)[VLTFIC]..,YCRD,142,145,PGFRB_HUMAN,Homo sapiens,,unknown,19,0,ordered
ELME000182,LIG_SH2_STAT5,Phosphotyrosine ligands bound by SH2 domains,LIG,STAT5 Src Homology 2 (SH2) domain binding motif.,PF00017,SH2,SH2 domain,(Y)[VLTFIC]..,YCRD,142,145,PRLR_HUMAN,Homo sapiens,7537382,unknown,19,0,ordered
ELME000182,LIG_SH2_STAT5,Phosphotyrosine ligands bound by SH2 domains,LIG,STAT5 Src Homology 2 (SH2) domain binding motif.,PF00017,SH2,SH2 domain,(Y)[VLTFIC]..,YLEG,205,208,CTLA4_MOUSE,Mus musculus,8638161,true positive,19,0,ordered
ELME000182,LIG_SH2_STAT5,Phosphotyrosine ligands bound by SH2 domains,LIG,STAT5 Src Homology 2 (SH2) domain binding motif.,PF00017,SH2,SH2 domain,(Y)[VLTFIC]..,YLEG,205,208,EPOR_HUMAN,Homo sapiens,,unknown,19,0,ordered
ELME000182,LIG_SH2_STAT5,Phosphotyrosine ligands bound by SH2 domains,LIG,STAT5 Src Homology 2 (SH2) domain binding motif.,PF00017,SH2,SH2 domain,(Y)[VLTFIC]..,YLEG,205,208,ERBB4_HUMAN,Homo sapiens,8617750 18721752,true positive,19,0,ordered
ELME000182,LIG_SH2_STAT5,Phosphotyrosine ligands bound by SH2 domains,LIG,STAT5 Src Homology 2 (SH2) domain binding motif.,PF00017,SH2,SH2 domain,(Y)[VLTFIC]..,YLEG,205,208,GAB1_HUMAN,Homo sapiens,10978177,true positive,19,0,ordered
ELME000182,LIG_SH2_STAT5,Phosphotyrosine ligands bound by SH2 domains,LIG,STAT5 Src Homology 2 (SH2) domain binding motif.,PF00017,SH2,SH2 domain,(Y)[VLTFIC]..,YLEG,205,208,GHR_HUMAN,Homo sapiens,9121492,unknown,19,0,ordered
ELME000182,LIG_SH2_STAT5,Phosphotyrosine ligands bound by SH2 domains,LIG,STAT5 Src Homology 2 (SH2) domain binding motif.,PF00017,SH2,SH2 domain,(Y)[VLTFIC]..,YLEG,205,208,IL2RB_HUMAN,Homo sapiens,,unknown,19,0,ordered
ELME000182,LIG_SH2_STAT5,Phosphotyrosine ligands bound by SH2 domains,LIG,STAT5 Src Homology 2 (SH2) domain binding motif.,PF00017,SH2,SH2 domain,(Y)[VLTFIC]..,YLEG,205,208,IL3RB_HUMAN,Homo sapiens,10362354,unknown,19,0,ordered
ELME000182,LIG_SH2_STAT5,Phosphotyrosine ligands bound by SH2 domains,LIG,STAT5 Src Homology 2 (SH2) domain binding motif.,PF00017,SH2,SH2 domain,(Y)[VLTFIC]..,YLEG,205,208,IL3RB_HUMAN,Homo sapiens,9257712,unknown,19,0,ordered
ELME000182,LIG_SH2_STAT5,Phosphotyrosine ligands bound by SH2 domains,LIG,STAT5 Src Homology 2 (SH2) domain binding motif.,PF00017,SH2,SH2 domain,(Y)[VLTFIC]..,YLEG,205,208,IL7RA_HUMAN,Homo sapiens,,unknown,19,0,ordered
ELME000182,LIG_SH2_STAT5,Phosphotyrosine ligands bound by SH2 domains,LIG,STAT5 Src Homology 2 (SH2) domain binding motif.,PF00017,SH2,SH2 domain,(Y)[VLTFIC]..,YLEG,205,208,IL9R_HUMAN,Homo sapiens,,unknown,19,0,ordered
ELME000182,LIG_SH2_STAT5,Phosphotyrosine ligands bound by SH2 domains,LIG,STAT5 Src Homology 2 (SH2) domain binding motif.,PF00017,SH2,SH2 domain,(Y)[VLTFIC]..,YLEG,205,208,INSR_HUMAN,Homo sapiens,7983060,true positive,19,0,ordered
ELME000182,LIG_SH2_STAT5,Phosphotyrosine ligands bound by SH2 domains,LIG,STAT5 Src Homology 2 (SH2) domain binding motif.,PF00017,SH2,SH2 domain,(Y)[VLTFIC]..,YLEG,205,208,LAT_HUMAN,Homo sapiens,11368773 10811803,true positive,19,0,ordered
ELME000182,LIG_SH2_STAT5,Phosphotyrosine ligands bound by SH2 domains,LIG,STAT5 Src Homology 2 (SH2) domain binding motif.,PF00017,SH2,SH2 domain,(Y)[VLTFIC]..,YLEG,205,208,PGFRB_HUMAN,Homo sapiens,,unknown,19,0,ordered
ELME000182,LIG_SH2_STAT5,Phosphotyrosine ligands bound by SH2 domains,LIG,STAT5 Src Homology 2 (SH2) domain binding motif.,PF00017,SH2,SH2 domain,(Y)[VLTFIC]..,YLEG,205,208,PRLR_HUMAN,Homo sapiens,7537382,unknown,19,0,ordered
ELME000182,LIG_SH2_STAT5,Phosphotyrosine ligands bound by SH2 domains,LIG,STAT5 Src Homology 2 (SH2) domain binding motif.,PF00017,SH2,SH2 domain,(Y)[VLTFIC]..,YILG,238,241,CTLA4_MOUSE,Mus musculus,8638161,true positive,19,0,ordered
ELME000182,LIG_SH2_STAT5,Phosphotyrosine ligands bound by SH2 domains,LIG,STAT5 Src Homology 2 (SH2) domain binding motif.,PF00017,SH2,SH2 domain,(Y)[VLTFIC]..,YILG,238,241,EPOR_HUMAN,Homo sapiens,,unknown,19,0,ordered
ELME000182,LIG_SH2_STAT5,Phosphotyrosine ligands bound by SH2 domains,LIG,STAT5 Src Homology 2 (SH2) domain binding motif.,PF00017,SH2,SH2 domain,(Y)[VLTFIC]..,YILG,238,241,ERBB4_HUMAN,Homo sapiens,8617750 18721752,true positive,19,0,ordered
ELME000182,LIG_SH2_STAT5,Phosphotyrosine ligands bound by SH2 domains,LIG,STAT5 Src Homology 2 (SH2) domain binding motif.,PF00017,SH2,SH2 domain,(Y)[VLTFIC]..,YILG,238,241,GAB1_HUMAN,Homo sapiens,10978177,true positive,19,0,ordered
ELME000182,LIG_SH2_STAT5,Phosphotyrosine ligands bound by SH2 domains,LIG,STAT5 Src Homology 2 (SH2) domain binding motif.,PF00017,SH2,SH2 domain,(Y)[VLTFIC]..,YILG,238,241,GHR_HUMAN,Homo sapiens,9121492,unknown,19,0,ordered
ELME000182,LIG_SH2_STAT5,Phosphotyrosine ligands bound by SH2 domains,LIG,STAT5 Src Homology 2 (SH2) domain binding motif.,PF00017,SH2,SH2 domain,(Y)[VLTFIC]..,YILG,238,241,IL2RB_HUMAN,Homo sapiens,,unknown,19,0,ordered
ELME000182,LIG_SH2_STAT5,Phosphotyrosine ligands bound by SH2 domains,LIG,STAT5 Src Homology 2 (SH2) domain binding motif.,PF00017,SH2,SH2 domain,(Y)[VLTFIC]..,YILG,238,241,IL3RB_HUMAN,Homo sapiens,10362354,unknown,19,0,ordered
ELME000182,LIG_SH2_STAT5,Phosphotyrosine ligands bound by SH2 domains,LIG,STAT5 Src Homology 2 (SH2) domain binding motif.,PF00017,SH2,SH2 domain,(Y)[VLTFIC]..,YILG,238,241,IL3RB_HUMAN,Homo sapiens,9257712,unknown,19,0,ordered
ELME000182,LIG_SH2_STAT5,Phosphotyrosine ligands bound by SH2 domains,LIG,STAT5 Src Homology 2 (SH2) domain binding motif.,PF00017,SH2,SH2 domain,(Y)[VLTFIC]..,YILG,238,241,IL7RA_HUMAN,Homo sapiens,,unknown,19,0,ordered
ELME000182,LIG_SH2_STAT5,Phosphotyrosine ligands bound by SH2 domains,LIG,STAT5 Src Homology 2 (SH2) domain binding motif.,PF00017,SH2,SH2 domain,(Y)[VLTFIC]..,YILG,238,241,IL9R_HUMAN,Homo sapiens,,unknown,19,0,ordered
ELME000182,LIG_SH2_STAT5,Phosphotyrosine ligands bound by SH2 domains,LIG,STAT5 Src Homology 2 (SH2) domain binding motif.,PF00017,SH2,SH2 domain,(Y)[VLTFIC]..,YILG,238,241,INSR_HUMAN,Homo sapiens,7983060,true positive,19,0,ordered
ELME000182,LIG_SH2_STAT5,Phosphotyrosine ligands bound by SH2 domains,LIG,STAT5 Src Homology 2 (SH2) domain binding motif.,PF00017,SH2,SH2 domain,(Y)[VLTFIC]..,YILG,238,241,LAT_HUMAN,Homo sapiens,11368773 10811803,true positive,19,0,ordered
ELME000182,LIG_SH2_STAT5,Phosphotyrosine ligands bound by SH2 domains,LIG,STAT5 Src Homology 2 (SH2) domain binding motif.,PF00017,SH2,SH2 domain,(Y)[VLTFIC]..,YILG,238,241,PGFRB_HUMAN,Homo sapiens,,unknown,19,0,ordered
ELME000182,LIG_SH2_STAT5,Phosphotyrosine ligands bound by SH2 domains,LIG,STAT5 Src Homology 2 (SH2) domain binding motif.,PF00017,SH2,SH2 domain,(Y)[VLTFIC]..,YILG,238,241,PRLR_HUMAN,Homo sapiens,7537382,unknown,19,0,ordered
ELME000182,LIG_SH2_STAT5,Phosphotyrosine ligands bound by SH2 domains,LIG,STAT5 Src Homology 2 (SH2) domain binding motif.,PF00017,SH2,SH2 domain,(Y)[VLTFIC]..,YIHP,323,326,CTLA4_MOUSE,Mus musculus,8638161,true positive,19,0,ordered
ELME000182,LIG_SH2_STAT5,Phosphotyrosine ligands bound by SH2 domains,LIG,STAT5 Src Homology 2 (SH2) domain binding motif.,PF00017,SH2,SH2 domain,(Y)[VLTFIC]..,YIHP,323,326,EPOR_HUMAN,Homo sapiens,,unknown,19,0,ordered
ELME000182,LIG_SH2_STAT5,Phosphotyrosine ligands bound by SH2 domains,LIG,STAT5 Src Homology 2 (SH2) domain binding motif.,PF00017,SH2,SH2 domain,(Y)[VLTFIC]..,YIHP,323,326,ERBB4_HUMAN,Homo sapiens,8617750 18721752,true positive,19,0,ordered
ELME000182,LIG_SH2_STAT5,Phosphotyrosine ligands bound by SH2 domains,LIG,STAT5 Src Homology 2 (SH2) domain binding motif.,PF00017,SH2,SH2 domain,(Y)[VLTFIC]..,YIHP,323,326,GAB1_HUMAN,Homo sapiens,10978177,true positive,19,0,ordered
ELME000182,LIG_SH2_STAT5,Phosphotyrosine ligands bound by SH2 domains,LIG,STAT5 Src Homology 2 (SH2) domain binding motif.,PF00017,SH2,SH2 domain,(Y)[VLTFIC]..,YIHP,323,326,GHR_HUMAN,Homo sapiens,9121492,unknown,19,0,ordered
ELME000182,LIG_SH2_STAT5,Phosphotyrosine ligands bound by SH2 domains,LIG,STAT5 Src Homology 2 (SH2) domain binding motif.,PF00017,SH2,SH2 domain,(Y)[VLTFIC]..,YIHP,323,326,IL2RB_HUMAN,Homo sapiens,,unknown,19,0,ordered
ELME000182,LIG_SH2_STAT5,Phosphotyrosine ligands bound by SH2 domains,LIG,STAT5 Src Homology 2 (SH2) domain binding motif.,PF00017,SH2,SH2 domain,(Y)[VLTFIC]..,YIHP,323,326,IL3RB_HUMAN,Homo sapiens,10362354,unknown,19,0,ordered
ELME000182,LIG_SH2_STAT5,Phosphotyrosine ligands bound by SH2 domains,LIG,STAT5 Src Homology 2 (SH2) domain binding motif.,PF00017,SH2,SH2 domain,(Y)[VLTFIC]..,YIHP,323,326,IL3RB_HUMAN,Homo sapiens,9257712,unknown,19,0,ordered
ELME000182,LIG_SH2_STAT5,Phosphotyrosine ligands bound by SH2 domains,LIG,STAT5 Src Homology 2 (SH2) domain binding motif.,PF00017,SH2,SH2 domain,(Y)[VLTFIC]..,YIHP,323,326,IL7RA_HUMAN,Homo sapiens,,unknown,19,0,ordered
ELME000182,LIG_SH2_STAT5,Phosphotyrosine ligands bound by SH2 domains,LIG,STAT5 Src Homology 2 (SH2) domain binding motif.,PF00017,SH2,SH2 domain,(Y)[VLTFIC]..,YIHP,323,326,IL9R_HUMAN,Homo sapiens,,unknown,19,0,ordered
ELME000182,LIG_SH2_STAT5,Phosphotyrosine ligands bound by SH2 domains,LIG,STAT5 Src Homology 2 (SH2) domain binding motif.,PF00017,SH2,SH2 domain,(Y)[VLTFIC]..,YIHP,323,326,INSR_HUMAN,Homo sapiens,7983060,true positive,19,0,ordered
ELME000182,LIG_SH2_STAT5,Phosphotyrosine ligands bound by SH2 domains,LIG,STAT5 Src Homology 2 (SH2) domain binding motif.,PF00017,SH2,SH2 domain,(Y)[VLTFIC]..,YIHP,323,326,LAT_HUMAN,Homo sapiens,11368773 10811803,true positive,19,0,ordered
ELME000182,LIG_SH2_STAT5,Phosphotyrosine ligands bound by SH2 domains,LIG,STAT5 Src Homology 2 (SH2) domain binding motif.,PF00017,SH2,SH2 domain,(Y)[VLTFIC]..,YIHP,323,326,PGFRB_HUMAN,Homo sapiens,,unknown,19,0,ordered
ELME000182,LIG_SH2_STAT5,Phosphotyrosine ligands bound by SH2 domains,LIG,STAT5 Src Homology 2 (SH2) domain binding motif.,PF00017,SH2,SH2 domain,(Y)[VLTFIC]..,YIHP,323,326,PRLR_HUMAN,Homo sapiens,7537382,unknown,19,0,ordered
ELME000182,LIG_SH2_STAT5,Phosphotyrosine ligands bound by SH2 domains,LIG,STAT5 Src Homology 2 (SH2) domain binding motif.,PF00017,SH2,SH2 domain,(Y)[VLTFIC]..,YLVE,329,332,CTLA4_MOUSE,Mus musculus,8638161,true positive,19,0,inbetween
ELME000182,LIG_SH2_STAT5,Phosphotyrosine ligands bound by SH2 domains,LIG,STAT5 Src Homology 2 (SH2) domain binding motif.,PF00017,SH2,SH2 domain,(Y)[VLTFIC]..,YLVE,329,332,EPOR_HUMAN,Homo sapiens,,unknown,19,0,inbetween
ELME000182,LIG_SH2_STAT5,Phosphotyrosine ligands bound by SH2 domains,LIG,STAT5 Src Homology 2 (SH2) domain binding motif.,PF00017,SH2,SH2 domain,(Y)[VLTFIC]..,YLVE,329,332,ERBB4_HUMAN,Homo sapiens,8617750 18721752,true positive,19,0,inbetween
ELME000182,LIG_SH2_STAT5,Phosphotyrosine ligands bound by SH2 domains,LIG,STAT5 Src Homology 2 (SH2) domain binding motif.,PF00017,SH2,SH2 domain,(Y)[VLTFIC]..,YLVE,329,332,GAB1_HUMAN,Homo sapiens,10978177,true positive,19,0,inbetween
ELME000182,LIG_SH2_STAT5,Phosphotyrosine ligands bound by SH2 domains,LIG,STAT5 Src Homology 2 (SH2) domain binding motif.,PF00017,SH2,SH2 domain,(Y)[VLTFIC]..,YLVE,329,332,GHR_HUMAN,Homo sapiens,9121492,unknown,19,0,inbetween
ELME000182,LIG_SH2_STAT5,Phosphotyrosine ligands bound by SH2 domains,LIG,STAT5 Src Homology 2 (SH2) domain binding motif.,PF00017,SH2,SH2 domain,(Y)[VLTFIC]..,YLVE,329,332,IL2RB_HUMAN,Homo sapiens,,unknown,19,0,inbetween
ELME000182,LIG_SH2_STAT5,Phosphotyrosine ligands bound by SH2 domains,LIG,STAT5 Src Homology 2 (SH2) domain binding motif.,PF00017,SH2,SH2 domain,(Y)[VLTFIC]..,YLVE,329,332,IL3RB_HUMAN,Homo sapiens,10362354,unknown,19,0,inbetween
ELME000182,LIG_SH2_STAT5,Phosphotyrosine ligands bound by SH2 domains,LIG,STAT5 Src Homology 2 (SH2) domain binding motif.,PF00017,SH2,SH2 domain,(Y)[VLTFIC]..,YLVE,329,332,IL3RB_HUMAN,Homo sapiens,9257712,unknown,19,0,inbetween
ELME000182,LIG_SH2_STAT5,Phosphotyrosine ligands bound by SH2 domains,LIG,STAT5 Src Homology 2 (SH2) domain binding motif.,PF00017,SH2,SH2 domain,(Y)[VLTFIC]..,YLVE,329,332,IL7RA_HUMAN,Homo sapiens,,unknown,19,0,inbetween
ELME000182,LIG_SH2_STAT5,Phosphotyrosine ligands bound by SH2 domains,LIG,STAT5 Src Homology 2 (SH2) domain binding motif.,PF00017,SH2,SH2 domain,(Y)[VLTFIC]..,YLVE,329,332,IL9R_HUMAN,Homo sapiens,,unknown,19,0,inbetween
ELME000182,LIG_SH2_STAT5,Phosphotyrosine ligands bound by SH2 domains,LIG,STAT5 Src Homology 2 (SH2) domain binding motif.,PF00017,SH2,SH2 domain,(Y)[VLTFIC]..,YLVE,329,332,INSR_HUMAN,Homo sapiens,7983060,true positive,19,0,inbetween
ELME000182,LIG_SH2_STAT5,Phosphotyrosine ligands bound by SH2 domains,LIG,STAT5 Src Homology 2 (SH2) domain binding motif.,PF00017,SH2,SH2 domain,(Y)[VLTFIC]..,YLVE,329,332,LAT_HUMAN,Homo sapiens,11368773 10811803,true positive,19,0,inbetween
ELME000182,LIG_SH2_STAT5,Phosphotyrosine ligands bound by SH2 domains,LIG,STAT5 Src Homology 2 (SH2) domain binding motif.,PF00017,SH2,SH2 domain,(Y)[VLTFIC]..,YLVE,329,332,PGFRB_HUMAN,Homo sapiens,,unknown,19,0,inbetween
ELME000182,LIG_SH2_STAT5,Phosphotyrosine ligands bound by SH2 domains,LIG,STAT5 Src Homology 2 (SH2) domain binding motif.,PF00017,SH2,SH2 domain,(Y)[VLTFIC]..,YLVE,329,332,PRLR_HUMAN,Homo sapiens,7537382,unknown,19,0,inbetween
ELME000182,LIG_SH2_STAT5,Phosphotyrosine ligands bound by SH2 domains,LIG,STAT5 Src Homology 2 (SH2) domain binding motif.,PF00017,SH2,SH2 domain,(Y)[VLTFIC]..,YFAR,446,449,CTLA4_MOUSE,Mus musculus,8638161,true positive,19,0,ordered
ELME000182,LIG_SH2_STAT5,Phosphotyrosine ligands bound by SH2 domains,LIG,STAT5 Src Homology 2 (SH2) domain binding motif.,PF00017,SH2,SH2 domain,(Y)[VLTFIC]..,YFAR,446,449,EPOR_HUMAN,Homo sapiens,,unknown,19,0,ordered
ELME000182,LIG_SH2_STAT5,Phosphotyrosine ligands bound by SH2 domains,LIG,STAT5 Src Homology 2 (SH2) domain binding motif.,PF00017,SH2,SH2 domain,(Y)[VLTFIC]..,YFAR,446,449,ERBB4_HUMAN,Homo sapiens,8617750 18721752,true positive,19,0,ordered
ELME000182,LIG_SH2_STAT5,Phosphotyrosine ligands bound by SH2 domains,LIG,STAT5 Src Homology 2 (SH2) domain binding motif.,PF00017,SH2,SH2 domain,(Y)[VLTFIC]..,YFAR,446,449,GAB1_HUMAN,Homo sapiens,10978177,true positive,19,0,ordered
ELME000182,LIG_SH2_STAT5,Phosphotyrosine ligands bound by SH2 domains,LIG,STAT5 Src Homology 2 (SH2) domain binding motif.,PF00017,SH2,SH2 domain,(Y)[VLTFIC]..,YFAR,446,449,GHR_HUMAN,Homo sapiens,9121492,unknown,19,0,ordered
ELME000182,LIG_SH2_STAT5,Phosphotyrosine ligands bound by SH2 domains,LIG,STAT5 Src Homology 2 (SH2) domain binding motif.,PF00017,SH2,SH2 domain,(Y)[VLTFIC]..,YFAR,446,449,IL2RB_HUMAN,Homo sapiens,,unknown,19,0,ordered
ELME000182,LIG_SH2_STAT5,Phosphotyrosine ligands bound by SH2 domains,LIG,STAT5 Src Homology 2 (SH2) domain binding motif.,PF00017,SH2,SH2 domain,(Y)[VLTFIC]..,YFAR,446,449,IL3RB_HUMAN,Homo sapiens,10362354,unknown,19,0,ordered
ELME000182,LIG_SH2_STAT5,Phosphotyrosine ligands bound by SH2 domains,LIG,STAT5 Src Homology 2 (SH2) domain binding motif.,PF00017,SH2,SH2 domain,(Y)[VLTFIC]..,YFAR,446,449,IL3RB_HUMAN,Homo sapiens,9257712,unknown,19,0,ordered
ELME000182,LIG_SH2_STAT5,Phosphotyrosine ligands bound by SH2 domains,LIG,STAT5 Src Homology 2 (SH2) domain binding motif.,PF00017,SH2,SH2 domain,(Y)[VLTFIC]..,YFAR,446,449,IL7RA_HUMAN,Homo sapiens,,unknown,19,0,ordered
ELME000182,LIG_SH2_STAT5,Phosphotyrosine ligands bound by SH2 domains,LIG,STAT5 Src Homology 2 (SH2) domain binding motif.,PF00017,SH2,SH2 domain,(Y)[VLTFIC]..,YFAR,446,449,IL9R_HUMAN,Homo sapiens,,unknown,19,0,ordered
ELME000182,LIG_SH2_STAT5,Phosphotyrosine ligands bound by SH2 domains,LIG,STAT5 Src Homology 2 (SH2) domain binding motif.,PF00017,SH2,SH2 domain,(Y)[VLTFIC]..,YFAR,446,449,INSR_HUMAN,Homo sapiens,7983060,true positive,19,0,ordered
ELME000182,LIG_SH2_STAT5,Phosphotyrosine ligands bound by SH2 domains,LIG,STAT5 Src Homology 2 (SH2) domain binding motif.,PF00017,SH2,SH2 domain,(Y)[VLTFIC]..,YFAR,446,449,LAT_HUMAN,Homo sapiens,11368773 10811803,true positive,19,0,ordered
ELME000182,LIG_SH2_STAT5,Phosphotyrosine ligands bound by SH2 domains,LIG,STAT5 Src Homology 2 (SH2) domain binding motif.,PF00017,SH2,SH2 domain,(Y)[VLTFIC]..,YFAR,446,449,PGFRB_HUMAN,Homo sapiens,,unknown,19,0,ordered
ELME000182,LIG_SH2_STAT5,Phosphotyrosine ligands bound by SH2 domains,LIG,STAT5 Src Homology 2 (SH2) domain binding motif.,PF00017,SH2,SH2 domain,(Y)[VLTFIC]..,YFAR,446,449,PRLR_HUMAN,Homo sapiens,7537382,unknown,19,0,ordered
ELME000155,LIG_SH3_3,SH3 domain ligands,LIG,This is the motif recognized by those SH3 domains with a non-canonical class I recognition specificity,PF00018,SH3_1,SH3 domain,...[PV]..P,YKSVAIP,101,107,BIN1_HUMAN,Homo sapiens,15992821,true positive,26,1,ordered
ELME000155,LIG_SH3_3,SH3 domain ligands,LIG,This is the motif recognized by those SH3 domains with a non-canonical class I recognition specificity,PF00018,SH3_1,SH3 domain,...[PV]..P,YKSVAIP,101,107,CD2_HUMAN,Homo sapiens,12426371,true positive,26,1,ordered
ELME000155,LIG_SH3_3,SH3 domain ligands,LIG,This is the motif recognized by those SH3 domains with a non-canonical class I recognition specificity,PF00018,SH3_1,SH3 domain,...[PV]..P,YKSVAIP,101,107,CY24A_TURTR,Tursiops truncatus,9121467,true positive,26,1,ordered
ELME000155,LIG_SH3_3,SH3 domain ligands,LIG,This is the motif recognized by those SH3 domains with a non-canonical class I recognition specificity,PF00018,SH3_1,SH3 domain,...[PV]..P,YKSVAIP,101,107,DAG1_HUMAN,Homo sapiens,10903901,true positive,26,1,ordered
ELME000155,LIG_SH3_3,SH3 domain ligands,LIG,This is the motif recognized by those SH3 domains with a non-canonical class I recognition specificity,PF00018,SH3_1,SH3 domain,...[PV]..P,YKSVAIP,101,107,EPS8_HUMAN,Homo sapiens,21098279 22921828,true positive,26,1,ordered
ELME000155,LIG_SH3_3,SH3 domain ligands,LIG,This is the motif recognized by those SH3 domains with a non-canonical class I recognition specificity,PF00018,SH3_1,SH3 domain,...[PV]..P,YKSVAIP,101,107,ESPFU_ECO5T,Escherichia coli O157:H7 str. TW14359,21098279,true positive,26,1,ordered
ELME000155,LIG_SH3_3,SH3 domain ligands,LIG,This is the motif recognized by those SH3 domains with a non-canonical class I recognition specificity,PF00018,SH3_1,SH3 domain,...[PV]..P,YKSVAIP,101,107,LAS17_YEAST,Saccharomyces cerevisiae,10648568,true positive,26,1,ordered
ELME000155,LIG_SH3_3,SH3 domain ligands,LIG,This is the motif recognized by those SH3 domains with a non-canonical class I recognition specificity,PF00018,SH3_1,SH3 domain,...[PV]..P,YKSVAIP,101,107,NS1_I72A2,Influenza A virus (A/Udorn/307/1972(H3N2)),17881440,true positive,26,1,ordered
ELME000155,LIG_SH3_3,SH3 domain ligands,LIG,This is the motif recognized by those SH3 domains with a non-canonical class I recognition specificity,PF00018,SH3_1,SH3 domain,...[PV]..P,YKSVAIP,101,107,ORF3_HEVBU,Hepatitis E virus (strain Burma),11518702,true positive,26,1,ordered
ELME000155,LIG_SH3_3,SH3 domain ligands,LIG,This is the motif recognized by those SH3 domains with a non-canonical class I recognition specificity,PF00018,SH3_1,SH3 domain,...[PV]..P,YKSVAIP,101,107,P73_HUMAN,Homo sapiens,10391251,true positive,26,1,ordered
ELME000155,LIG_SH3_3,SH3 domain ligands,LIG,This is the motif recognized by those SH3 domains with a non-canonical class I recognition specificity,PF00018,SH3_1,SH3 domain,...[PV]..P,YKSVAIP,101,107,SOS1_MOUSE,Mus musculus,9135122,true positive,26,1,ordered
ELME000155,LIG_SH3_3,SH3 domain ligands,LIG,This is the motif recognized by those SH3 domains with a non-canonical class I recognition specificity,PF00018,SH3_1,SH3 domain,...[PV]..P,YKSVAIP,101,107,TAU_HUMAN,Homo sapiens,18467332,true positive,26,1,ordered
ELME000155,LIG_SH3_3,SH3 domain ligands,LIG,This is the motif recognized by those SH3 domains with a non-canonical class I recognition specificity,PF00018,SH3_1,SH3 domain,...[PV]..P,YKSVAIP,101,107,TIP_SHV24,Herpesvirus saimiri (strain 484-77),11040125,true positive,26,1,ordered
ELME000155,LIG_SH3_3,SH3 domain ligands,LIG,This is the motif recognized by those SH3 domains with a non-canonical class I recognition specificity,PF00018,SH3_1,SH3 domain,...[PV]..P,YKSVAIP,101,107,WASF1_MOUSE,Mus musculus,10970852,true positive,26,1,ordered
ELME000155,LIG_SH3_3,SH3 domain ligands,LIG,This is the motif recognized by those SH3 domains with a non-canonical class I recognition specificity,PF00018,SH3_1,SH3 domain,...[PV]..P,DSSVTEP,170,176,BIN1_HUMAN,Homo sapiens,15992821,true positive,26,1,ordered
ELME000155,LIG_SH3_3,SH3 domain ligands,LIG,This is the motif recognized by those SH3 domains with a non-canonical class I recognition specificity,PF00018,SH3_1,SH3 domain,...[PV]..P,DSSVTEP,170,176,CD2_HUMAN,Homo sapiens,12426371,true positive,26,1,ordered
ELME000155,LIG_SH3_3,SH3 domain ligands,LIG,This is the motif recognized by those SH3 domains with a non-canonical class I recognition specificity,PF00018,SH3_1,SH3 domain,...[PV]..P,DSSVTEP,170,176,CY24A_TURTR,Tursiops truncatus,9121467,true positive,26,1,ordered
ELME000155,LIG_SH3_3,SH3 domain ligands,LIG,This is the motif recognized by those SH3 domains with a non-canonical class I recognition specificity,PF00018,SH3_1,SH3 domain,...[PV]..P,DSSVTEP,170,176,DAG1_HUMAN,Homo sapiens,10903901,true positive,26,1,ordered
ELME000155,LIG_SH3_3,SH3 domain ligands,LIG,This is the motif recognized by those SH3 domains with a non-canonical class I recognition specificity,PF00018,SH3_1,SH3 domain,...[PV]..P,DSSVTEP,170,176,EPS8_HUMAN,Homo sapiens,21098279 22921828,true positive,26,1,ordered
ELME000155,LIG_SH3_3,SH3 domain ligands,LIG,This is the motif recognized by those SH3 domains with a non-canonical class I recognition specificity,PF00018,SH3_1,SH3 domain,...[PV]..P,DSSVTEP,170,176,ESPFU_ECO5T,Escherichia coli O157:H7 str. TW14359,21098279,true positive,26,1,ordered
ELME000155,LIG_SH3_3,SH3 domain ligands,LIG,This is the motif recognized by those SH3 domains with a non-canonical class I recognition specificity,PF00018,SH3_1,SH3 domain,...[PV]..P,DSSVTEP,170,176,LAS17_YEAST,Saccharomyces cerevisiae,10648568,true positive,26,1,ordered
ELME000155,LIG_SH3_3,SH3 domain ligands,LIG,This is the motif recognized by those SH3 domains with a non-canonical class I recognition specificity,PF00018,SH3_1,SH3 domain,...[PV]..P,DSSVTEP,170,176,NS1_I72A2,Influenza A virus (A/Udorn/307/1972(H3N2)),17881440,true positive,26,1,ordered
ELME000155,LIG_SH3_3,SH3 domain ligands,LIG,This is the motif recognized by those SH3 domains with a non-canonical class I recognition specificity,PF00018,SH3_1,SH3 domain,...[PV]..P,DSSVTEP,170,176,ORF3_HEVBU,Hepatitis E virus (strain Burma),11518702,true positive,26,1,ordered
ELME000155,LIG_SH3_3,SH3 domain ligands,LIG,This is the motif recognized by those SH3 domains with a non-canonical class I recognition specificity,PF00018,SH3_1,SH3 domain,...[PV]..P,DSSVTEP,170,176,P73_HUMAN,Homo sapiens,10391251,true positive,26,1,ordered
ELME000155,LIG_SH3_3,SH3 domain ligands,LIG,This is the motif recognized by those SH3 domains with a non-canonical class I recognition specificity,PF00018,SH3_1,SH3 domain,...[PV]..P,DSSVTEP,170,176,SOS1_MOUSE,Mus musculus,9135122,true positive,26,1,ordered
ELME000155,LIG_SH3_3,SH3 domain ligands,LIG,This is the motif recognized by those SH3 domains with a non-canonical class I recognition specificity,PF00018,SH3_1,SH3 domain,...[PV]..P,DSSVTEP,170,176,TAU_HUMAN,Homo sapiens,18467332,true positive,26,1,ordered
ELME000155,LIG_SH3_3,SH3 domain ligands,LIG,This is the motif recognized by those SH3 domains with a non-canonical class I recognition specificity,PF00018,SH3_1,SH3 domain,...[PV]..P,DSSVTEP,170,176,TIP_SHV24,Herpesvirus saimiri (strain 484-77),11040125,true positive,26,1,ordered
ELME000155,LIG_SH3_3,SH3 domain ligands,LIG,This is the motif recognized by those SH3 domains with a non-canonical class I recognition specificity,PF00018,SH3_1,SH3 domain,...[PV]..P,DSSVTEP,170,176,WASF1_MOUSE,Mus musculus,10970852,true positive,26,1,ordered
ELME000155,LIG_SH3_3,SH3 domain ligands,LIG,This is the motif recognized by those SH3 domains with a non-canonical class I recognition specificity,PF00018,SH3_1,SH3 domain,...[PV]..P,LFSPKVP,315,321,BIN1_HUMAN,Homo sapiens,15992821,true positive,26,1,ordered
ELME000155,LIG_SH3_3,SH3 domain ligands,LIG,This is the motif recognized by those SH3 domains with a non-canonical class I recognition specificity,PF00018,SH3_1,SH3 domain,...[PV]..P,LFSPKVP,315,321,CD2_HUMAN,Homo sapiens,12426371,true positive,26,1,ordered
ELME000155,LIG_SH3_3,SH3 domain ligands,LIG,This is the motif recognized by those SH3 domains with a non-canonical class I recognition specificity,PF00018,SH3_1,SH3 domain,...[PV]..P,LFSPKVP,315,321,CY24A_TURTR,Tursiops truncatus,9121467,true positive,26,1,ordered
ELME000155,LIG_SH3_3,SH3 domain ligands,LIG,This is the motif recognized by those SH3 domains with a non-canonical class I recognition specificity,PF00018,SH3_1,SH3 domain,...[PV]..P,LFSPKVP,315,321,DAG1_HUMAN,Homo sapiens,10903901,true positive,26,1,ordered
ELME000155,LIG_SH3_3,SH3 domain ligands,LIG,This is the motif recognized by those SH3 domains with a non-canonical class I recognition specificity,PF00018,SH3_1,SH3 domain,...[PV]..P,LFSPKVP,315,321,EPS8_HUMAN,Homo sapiens,21098279 22921828,true positive,26,1,ordered
ELME000155,LIG_SH3_3,SH3 domain ligands,LIG,This is the motif recognized by those SH3 domains with a non-canonical class I recognition specificity,PF00018,SH3_1,SH3 domain,...[PV]..P,LFSPKVP,315,321,ESPFU_ECO5T,Escherichia coli O157:H7 str. TW14359,21098279,true positive,26,1,ordered
ELME000155,LIG_SH3_3,SH3 domain ligands,LIG,This is the motif recognized by those SH3 domains with a non-canonical class I recognition specificity,PF00018,SH3_1,SH3 domain,...[PV]..P,LFSPKVP,315,321,LAS17_YEAST,Saccharomyces cerevisiae,10648568,true positive,26,1,ordered
ELME000155,LIG_SH3_3,SH3 domain ligands,LIG,This is the motif recognized by those SH3 domains with a non-canonical class I recognition specificity,PF00018,SH3_1,SH3 domain,...[PV]..P,LFSPKVP,315,321,NS1_I72A2,Influenza A virus (A/Udorn/307/1972(H3N2)),17881440,true positive,26,1,ordered
ELME000155,LIG_SH3_3,SH3 domain ligands,LIG,This is the motif recognized by those SH3 domains with a non-canonical class I recognition specificity,PF00018,SH3_1,SH3 domain,...[PV]..P,LFSPKVP,315,321,ORF3_HEVBU,Hepatitis E virus (strain Burma),11518702,true positive,26,1,ordered
ELME000155,LIG_SH3_3,SH3 domain ligands,LIG,This is the motif recognized by those SH3 domains with a non-canonical class I recognition specificity,PF00018,SH3_1,SH3 domain,...[PV]..P,LFSPKVP,315,321,P73_HUMAN,Homo sapiens,10391251,true positive,26,1,ordered
ELME000155,LIG_SH3_3,SH3 domain ligands,LIG,This is the motif recognized by those SH3 domains with a non-canonical class I recognition specificity,PF00018,SH3_1,SH3 domain,...[PV]..P,LFSPKVP,315,321,SOS1_MOUSE,Mus musculus,9135122,true positive,26,1,ordered
ELME000155,LIG_SH3_3,SH3 domain ligands,LIG,This is the motif recognized by those SH3 domains with a non-canonical class I recognition specificity,PF00018,SH3_1,SH3 domain,...[PV]..P,LFSPKVP,315,321,TAU_HUMAN,Homo sapiens,18467332,true positive,26,1,ordered
ELME000155,LIG_SH3_3,SH3 domain ligands,LIG,This is the motif recognized by those SH3 domains with a non-canonical class I recognition specificity,PF00018,SH3_1,SH3 domain,...[PV]..P,LFSPKVP,315,321,TIP_SHV24,Herpesvirus saimiri (strain 484-77),11040125,true positive,26,1,ordered
ELME000155,LIG_SH3_3,SH3 domain ligands,LIG,This is the motif recognized by those SH3 domains with a non-canonical class I recognition specificity,PF00018,SH3_1,SH3 domain,...[PV]..P,LFSPKVP,315,321,WASF1_MOUSE,Mus musculus,10970852,true positive,26,1,ordered
ELME000155,LIG_SH3_3,SH3 domain ligands,LIG,This is the motif recognized by those SH3 domains with a non-canonical class I recognition specificity,PF00018,SH3_1,SH3 domain,...[PV]..P,KYLVETP,328,334,BIN1_HUMAN,Homo sapiens,15992821,true positive,26,1,inbetween
ELME000155,LIG_SH3_3,SH3 domain ligands,LIG,This is the motif recognized by those SH3 domains with a non-canonical class I recognition specificity,PF00018,SH3_1,SH3 domain,...[PV]..P,KYLVETP,328,334,CD2_HUMAN,Homo sapiens,12426371,true positive,26,1,inbetween
ELME000155,LIG_SH3_3,SH3 domain ligands,LIG,This is the motif recognized by those SH3 domains with a non-canonical class I recognition specificity,PF00018,SH3_1,SH3 domain,...[PV]..P,KYLVETP,328,334,CY24A_TURTR,Tursiops truncatus,9121467,true positive,26,1,inbetween
ELME000155,LIG_SH3_3,SH3 domain ligands,LIG,This is the motif recognized by those SH3 domains with a non-canonical class I recognition specificity,PF00018,SH3_1,SH3 domain,...[PV]..P,KYLVETP,328,334,DAG1_HUMAN,Homo sapiens,10903901,true positive,26,1,inbetween
ELME000155,LIG_SH3_3,SH3 domain ligands,LIG,This is the motif recognized by those SH3 domains with a non-canonical class I recognition specificity,PF00018,SH3_1,SH3 domain,...[PV]..P,KYLVETP,328,334,EPS8_HUMAN,Homo sapiens,21098279 22921828,true positive,26,1,inbetween
ELME000155,LIG_SH3_3,SH3 domain ligands,LIG,This is the motif recognized by those SH3 domains with a non-canonical class I recognition specificity,PF00018,SH3_1,SH3 domain,...[PV]..P,KYLVETP,328,334,ESPFU_ECO5T,Escherichia coli O157:H7 str. TW14359,21098279,true positive,26,1,inbetween
ELME000155,LIG_SH3_3,SH3 domain ligands,LIG,This is the motif recognized by those SH3 domains with a non-canonical class I recognition specificity,PF00018,SH3_1,SH3 domain,...[PV]..P,KYLVETP,328,334,LAS17_YEAST,Saccharomyces cerevisiae,10648568,true positive,26,1,inbetween
ELME000155,LIG_SH3_3,SH3 domain ligands,LIG,This is the motif recognized by those SH3 domains with a non-canonical class I recognition specificity,PF00018,SH3_1,SH3 domain,...[PV]..P,KYLVETP,328,334,NS1_I72A2,Influenza A virus (A/Udorn/307/1972(H3N2)),17881440,true positive,26,1,inbetween
ELME000155,LIG_SH3_3,SH3 domain ligands,LIG,This is the motif recognized by those SH3 domains with a non-canonical class I recognition specificity,PF00018,SH3_1,SH3 domain,...[PV]..P,KYLVETP,328,334,ORF3_HEVBU,Hepatitis E virus (strain Burma),11518702,true positive,26,1,inbetween
ELME000155,LIG_SH3_3,SH3 domain ligands,LIG,This is the motif recognized by those SH3 domains with a non-canonical class I recognition specificity,PF00018,SH3_1,SH3 domain,...[PV]..P,KYLVETP,328,334,P73_HUMAN,Homo sapiens,10391251,true positive,26,1,inbetween
ELME000155,LIG_SH3_3,SH3 domain ligands,LIG,This is the motif recognized by those SH3 domains with a non-canonical class I recognition specificity,PF00018,SH3_1,SH3 domain,...[PV]..P,KYLVETP,328,334,SOS1_MOUSE,Mus musculus,9135122,true positive,26,1,inbetween
ELME000155,LIG_SH3_3,SH3 domain ligands,LIG,This is the motif recognized by those SH3 domains with a non-canonical class I recognition specificity,PF00018,SH3_1,SH3 domain,...[PV]..P,KYLVETP,328,334,TAU_HUMAN,Homo sapiens,18467332,true positive,26,1,inbetween
ELME000155,LIG_SH3_3,SH3 domain ligands,LIG,This is the motif recognized by those SH3 domains with a non-canonical class I recognition specificity,PF00018,SH3_1,SH3 domain,...[PV]..P,KYLVETP,328,334,TIP_SHV24,Herpesvirus saimiri (strain 484-77),11040125,true positive,26,1,inbetween
ELME000155,LIG_SH3_3,SH3 domain ligands,LIG,This is the motif recognized by those SH3 domains with a non-canonical class I recognition specificity,PF00018,SH3_1,SH3 domain,...[PV]..P,KYLVETP,328,334,WASF1_MOUSE,Mus musculus,10970852,true positive,26,1,inbetween
ELME000155,LIG_SH3_3,SH3 domain ligands,LIG,This is the motif recognized by those SH3 domains with a non-canonical class I recognition specificity,PF00018,SH3_1,SH3 domain,...[PV]..P,EETPEPP,337,343,BIN1_HUMAN,Homo sapiens,15992821,true positive,26,1,disordered
ELME000155,LIG_SH3_3,SH3 domain ligands,LIG,This is the motif recognized by those SH3 domains with a non-canonical class I recognition specificity,PF00018,SH3_1,SH3 domain,...[PV]..P,EETPEPP,337,343,CD2_HUMAN,Homo sapiens,12426371,true positive,26,1,disordered
ELME000155,LIG_SH3_3,SH3 domain ligands,LIG,This is the motif recognized by those SH3 domains with a non-canonical class I recognition specificity,PF00018,SH3_1,SH3 domain,...[PV]..P,EETPEPP,337,343,CY24A_TURTR,Tursiops truncatus,9121467,true positive,26,1,disordered
ELME000155,LIG_SH3_3,SH3 domain ligands,LIG,This is the motif recognized by those SH3 domains with a non-canonical class I recognition specificity,PF00018,SH3_1,SH3 domain,...[PV]..P,EETPEPP,337,343,DAG1_HUMAN,Homo sapiens,10903901,true positive,26,1,disordered
ELME000155,LIG_SH3_3,SH3 domain ligands,LIG,This is the motif recognized by those SH3 domains with a non-canonical class I recognition specificity,PF00018,SH3_1,SH3 domain,...[PV]..P,EETPEPP,337,343,EPS8_HUMAN,Homo sapiens,21098279 22921828,true positive,26,1,disordered
ELME000155,LIG_SH3_3,SH3 domain ligands,LIG,This is the motif recognized by those SH3 domains with a non-canonical class I recognition specificity,PF00018,SH3_1,SH3 domain,...[PV]..P,EETPEPP,337,343,ESPFU_ECO5T,Escherichia coli O157:H7 str. TW14359,21098279,true positive,26,1,disordered
ELME000155,LIG_SH3_3,SH3 domain ligands,LIG,This is the motif recognized by those SH3 domains with a non-canonical class I recognition specificity,PF00018,SH3_1,SH3 domain,...[PV]..P,EETPEPP,337,343,LAS17_YEAST,Saccharomyces cerevisiae,10648568,true positive,26,1,disordered
ELME000155,LIG_SH3_3,SH3 domain ligands,LIG,This is the motif recognized by those SH3 domains with a non-canonical class I recognition specificity,PF00018,SH3_1,SH3 domain,...[PV]..P,EETPEPP,337,343,NS1_I72A2,Influenza A virus (A/Udorn/307/1972(H3N2)),17881440,true positive,26,1,disordered
ELME000155,LIG_SH3_3,SH3 domain ligands,LIG,This is the motif recognized by those SH3 domains with a non-canonical class I recognition specificity,PF00018,SH3_1,SH3 domain,...[PV]..P,EETPEPP,337,343,ORF3_HEVBU,Hepatitis E virus (strain Burma),11518702,true positive,26,1,disordered
ELME000155,LIG_SH3_3,SH3 domain ligands,LIG,This is the motif recognized by those SH3 domains with a non-canonical class I recognition specificity,PF00018,SH3_1,SH3 domain,...[PV]..P,EETPEPP,337,343,P73_HUMAN,Homo sapiens,10391251,true positive,26,1,disordered
ELME000155,LIG_SH3_3,SH3 domain ligands,LIG,This is the motif recognized by those SH3 domains with a non-canonical class I recognition specificity,PF00018,SH3_1,SH3 domain,...[PV]..P,EETPEPP,337,343,SOS1_MOUSE,Mus musculus,9135122,true positive,26,1,disordered
ELME000155,LIG_SH3_3,SH3 domain ligands,LIG,This is the motif recognized by those SH3 domains with a non-canonical class I recognition specificity,PF00018,SH3_1,SH3 domain,...[PV]..P,EETPEPP,337,343,TAU_HUMAN,Homo sapiens,18467332,true positive,26,1,disordered
ELME000155,LIG_SH3_3,SH3 domain ligands,LIG,This is the motif recognized by those SH3 domains with a non-canonical class I recognition specificity,PF00018,SH3_1,SH3 domain,...[PV]..P,EETPEPP,337,343,TIP_SHV24,Herpesvirus saimiri (strain 484-77),11040125,true positive,26,1,disordered
ELME000155,LIG_SH3_3,SH3 domain ligands,LIG,This is the motif recognized by those SH3 domains with a non-canonical class I recognition specificity,PF00018,SH3_1,SH3 domain,...[PV]..P,EETPEPP,337,343,WASF1_MOUSE,Mus musculus,10970852,true positive,26,1,disordered
ELME000155,LIG_SH3_3,SH3 domain ligands,LIG,This is the motif recognized by those SH3 domains with a non-canonical class I recognition specificity,PF00018,SH3_1,SH3 domain,...[PV]..P,EGTPEQP,350,356,BIN1_HUMAN,Homo sapiens,15992821,true positive,26,1,disordered
ELME000155,LIG_SH3_3,SH3 domain ligands,LIG,This is the motif recognized by those SH3 domains with a non-canonical class I recognition specificity,PF00018,SH3_1,SH3 domain,...[PV]..P,EGTPEQP,350,356,CD2_HUMAN,Homo sapiens,12426371,true positive,26,1,disordered
ELME000155,LIG_SH3_3,SH3 domain ligands,LIG,This is the motif recognized by those SH3 domains with a non-canonical class I recognition specificity,PF00018,SH3_1,SH3 domain,...[PV]..P,EGTPEQP,350,356,CY24A_TURTR,Tursiops truncatus,9121467,true positive,26,1,disordered
ELME000155,LIG_SH3_3,SH3 domain ligands,LIG,This is the motif recognized by those SH3 domains with a non-canonical class I recognition specificity,PF00018,SH3_1,SH3 domain,...[PV]..P,EGTPEQP,350,356,DAG1_HUMAN,Homo sapiens,10903901,true positive,26,1,disordered
ELME000155,LIG_SH3_3,SH3 domain ligands,LIG,This is the motif recognized by those SH3 domains with a non-canonical class I recognition specificity,PF00018,SH3_1,SH3 domain,...[PV]..P,EGTPEQP,350,356,EPS8_HUMAN,Homo sapiens,21098279 22921828,true positive,26,1,disordered
ELME000155,LIG_SH3_3,SH3 domain ligands,LIG,This is the motif recognized by those SH3 domains with a non-canonical class I recognition specificity,PF00018,SH3_1,SH3 domain,...[PV]..P,EGTPEQP,350,356,ESPFU_ECO5T,Escherichia coli O157:H7 str. TW14359,21098279,true positive,26,1,disordered
ELME000155,LIG_SH3_3,SH3 domain ligands,LIG,This is the motif recognized by those SH3 domains with a non-canonical class I recognition specificity,PF00018,SH3_1,SH3 domain,...[PV]..P,EGTPEQP,350,356,LAS17_YEAST,Saccharomyces cerevisiae,10648568,true positive,26,1,disordered
ELME000155,LIG_SH3_3,SH3 domain ligands,LIG,This is the motif recognized by those SH3 domains with a non-canonical class I recognition specificity,PF00018,SH3_1,SH3 domain,...[PV]..P,EGTPEQP,350,356,NS1_I72A2,Influenza A virus (A/Udorn/307/1972(H3N2)),17881440,true positive,26,1,disordered
ELME000155,LIG_SH3_3,SH3 domain ligands,LIG,This is the motif recognized by those SH3 domains with a non-canonical class I recognition specificity,PF00018,SH3_1,SH3 domain,...[PV]..P,EGTPEQP,350,356,ORF3_HEVBU,Hepatitis E virus (strain Burma),11518702,true positive,26,1,disordered
ELME000155,LIG_SH3_3,SH3 domain ligands,LIG,This is the motif recognized by those SH3 domains with a non-canonical class I recognition specificity,PF00018,SH3_1,SH3 domain,...[PV]..P,EGTPEQP,350,356,P73_HUMAN,Homo sapiens,10391251,true positive,26,1,disordered
ELME000155,LIG_SH3_3,SH3 domain ligands,LIG,This is the motif recognized by those SH3 domains with a non-canonical class I recognition specificity,PF00018,SH3_1,SH3 domain,...[PV]..P,EGTPEQP,350,356,SOS1_MOUSE,Mus musculus,9135122,true positive,26,1,disordered
ELME000155,LIG_SH3_3,SH3 domain ligands,LIG,This is the motif recognized by those SH3 domains with a non-canonical class I recognition specificity,PF00018,SH3_1,SH3 domain,...[PV]..P,EGTPEQP,350,356,TAU_HUMAN,Homo sapiens,18467332,true positive,26,1,disordered
ELME000155,LIG_SH3_3,SH3 domain ligands,LIG,This is the motif recognized by those SH3 domains with a non-canonical class I recognition specificity,PF00018,SH3_1,SH3 domain,...[PV]..P,EGTPEQP,350,356,TIP_SHV24,Herpesvirus saimiri (strain 484-77),11040125,true positive,26,1,disordered
ELME000155,LIG_SH3_3,SH3 domain ligands,LIG,This is the motif recognized by those SH3 domains with a non-canonical class I recognition specificity,PF00018,SH3_1,SH3 domain,...[PV]..P,EGTPEQP,350,356,WASF1_MOUSE,Mus musculus,10970852,true positive,26,1,disordered
ELME000155,LIG_SH3_3,SH3 domain ligands,LIG,This is the motif recognized by those SH3 domains with a non-canonical class I recognition specificity,PF00018,SH3_1,SH3 domain,...[PV]..P,ARPVPAP,455,461,BIN1_HUMAN,Homo sapiens,15992821,true positive,26,1,inbetween
ELME000155,LIG_SH3_3,SH3 domain ligands,LIG,This is the motif recognized by those SH3 domains with a non-canonical class I recognition specificity,PF00018,SH3_1,SH3 domain,...[PV]..P,ARPVPAP,455,461,CD2_HUMAN,Homo sapiens,12426371,true positive,26,1,inbetween
ELME000155,LIG_SH3_3,SH3 domain ligands,LIG,This is the motif recognized by those SH3 domains with a non-canonical class I recognition specificity,PF00018,SH3_1,SH3 domain,...[PV]..P,ARPVPAP,455,461,CY24A_TURTR,Tursiops truncatus,9121467,true positive,26,1,inbetween
ELME000155,LIG_SH3_3,SH3 domain ligands,LIG,This is the motif recognized by those SH3 domains with a non-canonical class I recognition specificity,PF00018,SH3_1,SH3 domain,...[PV]..P,ARPVPAP,455,461,DAG1_HUMAN,Homo sapiens,10903901,true positive,26,1,inbetween
ELME000155,LIG_SH3_3,SH3 domain ligands,LIG,This is the motif recognized by those SH3 domains with a non-canonical class I recognition specificity,PF00018,SH3_1,SH3 domain,...[PV]..P,ARPVPAP,455,461,EPS8_HUMAN,Homo sapiens,21098279 22921828,true positive,26,1,inbetween
ELME000155,LIG_SH3_3,SH3 domain ligands,LIG,This is the motif recognized by those SH3 domains with a non-canonical class I recognition specificity,PF00018,SH3_1,SH3 domain,...[PV]..P,ARPVPAP,455,461,ESPFU_ECO5T,Escherichia coli O157:H7 str. TW14359,21098279,true positive,26,1,inbetween
ELME000155,LIG_SH3_3,SH3 domain ligands,LIG,This is the motif recognized by those SH3 domains with a non-canonical class I recognition specificity,PF00018,SH3_1,SH3 domain,...[PV]..P,ARPVPAP,455,461,LAS17_YEAST,Saccharomyces cerevisiae,10648568,true positive,26,1,inbetween
ELME000155,LIG_SH3_3,SH3 domain ligands,LIG,This is the motif recognized by those SH3 domains with a non-canonical class I recognition specificity,PF00018,SH3_1,SH3 domain,...[PV]..P,ARPVPAP,455,461,NS1_I72A2,Influenza A virus (A/Udorn/307/1972(H3N2)),17881440,true positive,26,1,inbetween
ELME000155,LIG_SH3_3,SH3 domain ligands,LIG,This is the motif recognized by those SH3 domains with a non-canonical class I recognition specificity,PF00018,SH3_1,SH3 domain,...[PV]..P,ARPVPAP,455,461,ORF3_HEVBU,Hepatitis E virus (strain Burma),11518702,true positive,26,1,inbetween
ELME000155,LIG_SH3_3,SH3 domain ligands,LIG,This is the motif recognized by those SH3 domains with a non-canonical class I recognition specificity,PF00018,SH3_1,SH3 domain,...[PV]..P,ARPVPAP,455,461,P73_HUMAN,Homo sapiens,10391251,true positive,26,1,inbetween
ELME000155,LIG_SH3_3,SH3 domain ligands,LIG,This is the motif recognized by those SH3 domains with a non-canonical class I recognition specificity,PF00018,SH3_1,SH3 domain,...[PV]..P,ARPVPAP,455,461,SOS1_MOUSE,Mus musculus,9135122,true positive,26,1,inbetween
ELME000155,LIG_SH3_3,SH3 domain ligands,LIG,This is the motif recognized by those SH3 domains with a non-canonical class I recognition specificity,PF00018,SH3_1,SH3 domain,...[PV]..P,ARPVPAP,455,461,TAU_HUMAN,Homo sapiens,18467332,true positive,26,1,inbetween
ELME000155,LIG_SH3_3,SH3 domain ligands,LIG,This is the motif recognized by those SH3 domains with a non-canonical class I recognition specificity,PF00018,SH3_1,SH3 domain,...[PV]..P,ARPVPAP,455,461,TIP_SHV24,Herpesvirus saimiri (strain 484-77),11040125,true positive,26,1,inbetween
ELME000155,LIG_SH3_3,SH3 domain ligands,LIG,This is the motif recognized by those SH3 domains with a non-canonical class I recognition specificity,PF00018,SH3_1,SH3 domain,...[PV]..P,ARPVPAP,455,461,WASF1_MOUSE,Mus musculus,10970852,true positive,26,1,inbetween
ELME000155,LIG_SH3_3,SH3 domain ligands,LIG,This is the motif recognized by those SH3 domains with a non-canonical class I recognition specificity,PF00018,SH3_1,SH3 domain,...[PV]..P,FRNPPQP,465,471,BIN1_HUMAN,Homo sapiens,15992821,true positive,26,1,disordered
ELME000155,LIG_SH3_3,SH3 domain ligands,LIG,This is the motif recognized by those SH3 domains with a non-canonical class I recognition specificity,PF00018,SH3_1,SH3 domain,...[PV]..P,FRNPPQP,465,471,CD2_HUMAN,Homo sapiens,12426371,true positive,26,1,disordered
ELME000155,LIG_SH3_3,SH3 domain ligands,LIG,This is the motif recognized by those SH3 domains with a non-canonical class I recognition specificity,PF00018,SH3_1,SH3 domain,...[PV]..P,FRNPPQP,465,471,CY24A_TURTR,Tursiops truncatus,9121467,true positive,26,1,disordered
ELME000155,LIG_SH3_3,SH3 domain ligands,LIG,This is the motif recognized by those SH3 domains with a non-canonical class I recognition specificity,PF00018,SH3_1,SH3 domain,...[PV]..P,FRNPPQP,465,471,DAG1_HUMAN,Homo sapiens,10903901,true positive,26,1,disordered
ELME000155,LIG_SH3_3,SH3 domain ligands,LIG,This is the motif recognized by those SH3 domains with a non-canonical class I recognition specificity,PF00018,SH3_1,SH3 domain,...[PV]..P,FRNPPQP,465,471,EPS8_HUMAN,Homo sapiens,21098279 22921828,true positive,26,1,disordered
ELME000155,LIG_SH3_3,SH3 domain ligands,LIG,This is the motif recognized by those SH3 domains with a non-canonical class I recognition specificity,PF00018,SH3_1,SH3 domain,...[PV]..P,FRNPPQP,465,471,ESPFU_ECO5T,Escherichia coli O157:H7 str. TW14359,21098279,true positive,26,1,disordered
ELME000155,LIG_SH3_3,SH3 domain ligands,LIG,This is the motif recognized by those SH3 domains with a non-canonical class I recognition specificity,PF00018,SH3_1,SH3 domain,...[PV]..P,FRNPPQP,465,471,LAS17_YEAST,Saccharomyces cerevisiae,10648568,true positive,26,1,disordered
ELME000155,LIG_SH3_3,SH3 domain ligands,LIG,This is the motif recognized by those SH3 domains with a non-canonical class I recognition specificity,PF00018,SH3_1,SH3 domain,...[PV]..P,FRNPPQP,465,471,NS1_I72A2,Influenza A virus (A/Udorn/307/1972(H3N2)),17881440,true positive,26,1,disordered
ELME000155,LIG_SH3_3,SH3 domain ligands,LIG,This is the motif recognized by those SH3 domains with a non-canonical class I recognition specificity,PF00018,SH3_1,SH3 domain,...[PV]..P,FRNPPQP,465,471,ORF3_HEVBU,Hepatitis E virus (strain Burma),11518702,true positive,26,1,disordered
ELME000155,LIG_SH3_3,SH3 domain ligands,LIG,This is the motif recognized by those SH3 domains with a non-canonical class I recognition specificity,PF00018,SH3_1,SH3 domain,...[PV]..P,FRNPPQP,465,471,P73_HUMAN,Homo sapiens,10391251,true positive,26,1,disordered
ELME000155,LIG_SH3_3,SH3 domain ligands,LIG,This is the motif recognized by those SH3 domains with a non-canonical class I recognition specificity,PF00018,SH3_1,SH3 domain,...[PV]..P,FRNPPQP,465,471,SOS1_MOUSE,Mus musculus,9135122,true positive,26,1,disordered
ELME000155,LIG_SH3_3,SH3 domain ligands,LIG,This is the motif recognized by those SH3 domains with a non-canonical class I recognition specificity,PF00018,SH3_1,SH3 domain,...[PV]..P,FRNPPQP,465,471,TAU_HUMAN,Homo sapiens,18467332,true positive,26,1,disordered
ELME000155,LIG_SH3_3,SH3 domain ligands,LIG,This is the motif recognized by those SH3 domains with a non-canonical class I recognition specificity,PF00018,SH3_1,SH3 domain,...[PV]..P,FRNPPQP,465,471,TIP_SHV24,Herpesvirus saimiri (strain 484-77),11040125,true positive,26,1,disordered
ELME000155,LIG_SH3_3,SH3 domain ligands,LIG,This is the motif recognized by those SH3 domains with a non-canonical class I recognition specificity,PF00018,SH3_1,SH3 domain,...[PV]..P,FRNPPQP,465,471,WASF1_MOUSE,Mus musculus,10970852,true positive,26,1,disordered
ELME000155,LIG_SH3_3,SH3 domain ligands,LIG,This is the motif recognized by those SH3 domains with a non-canonical class I recognition specificity,PF00018,SH3_1,SH3 domain,...[PV]..P,ISLVSNP,488,494,BIN1_HUMAN,Homo sapiens,15992821,true positive,26,1,disordered
ELME000155,LIG_SH3_3,SH3 domain ligands,LIG,This is the motif recognized by those SH3 domains with a non-canonical class I recognition specificity,PF00018,SH3_1,SH3 domain,...[PV]..P,ISLVSNP,488,494,CD2_HUMAN,Homo sapiens,12426371,true positive,26,1,disordered
ELME000155,LIG_SH3_3,SH3 domain ligands,LIG,This is the motif recognized by those SH3 domains with a non-canonical class I recognition specificity,PF00018,SH3_1,SH3 domain,...[PV]..P,ISLVSNP,488,494,CY24A_TURTR,Tursiops truncatus,9121467,true positive,26,1,disordered
ELME000155,LIG_SH3_3,SH3 domain ligands,LIG,This is the motif recognized by those SH3 domains with a non-canonical class I recognition specificity,PF00018,SH3_1,SH3 domain,...[PV]..P,ISLVSNP,488,494,DAG1_HUMAN,Homo sapiens,10903901,true positive,26,1,disordered
ELME000155,LIG_SH3_3,SH3 domain ligands,LIG,This is the motif recognized by those SH3 domains with a non-canonical class I recognition specificity,PF00018,SH3_1,SH3 domain,...[PV]..P,ISLVSNP,488,494,EPS8_HUMAN,Homo sapiens,21098279 22921828,true positive,26,1,disordered
ELME000155,LIG_SH3_3,SH3 domain ligands,LIG,This is the motif recognized by those SH3 domains with a non-canonical class I recognition specificity,PF00018,SH3_1,SH3 domain,...[PV]..P,ISLVSNP,488,494,ESPFU_ECO5T,Escherichia coli O157:H7 str. TW14359,21098279,true positive,26,1,disordered
ELME000155,LIG_SH3_3,SH3 domain ligands,LIG,This is the motif recognized by those SH3 domains with a non-canonical class I recognition specificity,PF00018,SH3_1,SH3 domain,...[PV]..P,ISLVSNP,488,494,LAS17_YEAST,Saccharomyces cerevisiae,10648568,true positive,26,1,disordered
ELME000155,LIG_SH3_3,SH3 domain ligands,LIG,This is the motif recognized by those SH3 domains with a non-canonical class I recognition specificity,PF00018,SH3_1,SH3 domain,...[PV]..P,ISLVSNP,488,494,NS1_I72A2,Influenza A virus (A/Udorn/307/1972(H3N2)),17881440,true positive,26,1,disordered
ELME000155,LIG_SH3_3,SH3 domain ligands,LIG,This is the motif recognized by those SH3 domains with a non-canonical class I recognition specificity,PF00018,SH3_1,SH3 domain,...[PV]..P,ISLVSNP,488,494,ORF3_HEVBU,Hepatitis E virus (strain Burma),11518702,true positive,26,1,disordered
ELME000155,LIG_SH3_3,SH3 domain ligands,LIG,This is the motif recognized by those SH3 domains with a non-canonical class I recognition specificity,PF00018,SH3_1,SH3 domain,...[PV]..P,ISLVSNP,488,494,P73_HUMAN,Homo sapiens,10391251,true positive,26,1,disordered
ELME000155,LIG_SH3_3,SH3 domain ligands,LIG,This is the motif recognized by those SH3 domains with a non-canonical class I recognition specificity,PF00018,SH3_1,SH3 domain,...[PV]..P,ISLVSNP,488,494,SOS1_MOUSE,Mus musculus,9135122,true positive,26,1,disordered
ELME000155,LIG_SH3_3,SH3 domain ligands,LIG,This is the motif recognized by those SH3 domains with a non-canonical class I recognition specificity,PF00018,SH3_1,SH3 domain,...[PV]..P,ISLVSNP,488,494,TAU_HUMAN,Homo sapiens,18467332,true positive,26,1,disordered
ELME000155,LIG_SH3_3,SH3 domain ligands,LIG,This is the motif recognized by those SH3 domains with a non-canonical class I recognition specificity,PF00018,SH3_1,SH3 domain,...[PV]..P,ISLVSNP,488,494,TIP_SHV24,Herpesvirus saimiri (strain 484-77),11040125,true positive,26,1,disordered
ELME000155,LIG_SH3_3,SH3 domain ligands,LIG,This is the motif recognized by those SH3 domains with a non-canonical class I recognition specificity,PF00018,SH3_1,SH3 domain,...[PV]..P,ISLVSNP,488,494,WASF1_MOUSE,Mus musculus,10970852,true positive,26,1,disordered
ELME000155,LIG_SH3_3,SH3 domain ligands,LIG,This is the motif recognized by those SH3 domains with a non-canonical class I recognition specificity,PF00018,SH3_1,SH3 domain,...[PV]..P,TSLVSNP,522,528,BIN1_HUMAN,Homo sapiens,15992821,true positive,26,1,disordered
ELME000155,LIG_SH3_3,SH3 domain ligands,LIG,This is the motif recognized by those SH3 domains with a non-canonical class I recognition specificity,PF00018,SH3_1,SH3 domain,...[PV]..P,TSLVSNP,522,528,CD2_HUMAN,Homo sapiens,12426371,true positive,26,1,disordered
ELME000155,LIG_SH3_3,SH3 domain ligands,LIG,This is the motif recognized by those SH3 domains with a non-canonical class I recognition specificity,PF00018,SH3_1,SH3 domain,...[PV]..P,TSLVSNP,522,528,CY24A_TURTR,Tursiops truncatus,9121467,true positive,26,1,disordered
ELME000155,LIG_SH3_3,SH3 domain ligands,LIG,This is the motif recognized by those SH3 domains with a non-canonical class I recognition specificity,PF00018,SH3_1,SH3 domain,...[PV]..P,TSLVSNP,522,528,DAG1_HUMAN,Homo sapiens,10903901,true positive,26,1,disordered
ELME000155,LIG_SH3_3,SH3 domain ligands,LIG,This is the motif recognized by those SH3 domains with a non-canonical class I recognition specificity,PF00018,SH3_1,SH3 domain,...[PV]..P,TSLVSNP,522,528,EPS8_HUMAN,Homo sapiens,21098279 22921828,true positive,26,1,disordered
ELME000155,LIG_SH3_3,SH3 domain ligands,LIG,This is the motif recognized by those SH3 domains with a non-canonical class I recognition specificity,PF00018,SH3_1,SH3 domain,...[PV]..P,TSLVSNP,522,528,ESPFU_ECO5T,Escherichia coli O157:H7 str. TW14359,21098279,true positive,26,1,disordered
ELME000155,LIG_SH3_3,SH3 domain ligands,LIG,This is the motif recognized by those SH3 domains with a non-canonical class I recognition specificity,PF00018,SH3_1,SH3 domain,...[PV]..P,TSLVSNP,522,528,LAS17_YEAST,Saccharomyces cerevisiae,10648568,true positive,26,1,disordered
ELME000155,LIG_SH3_3,SH3 domain ligands,LIG,This is the motif recognized by those SH3 domains with a non-canonical class I recognition specificity,PF00018,SH3_1,SH3 domain,...[PV]..P,TSLVSNP,522,528,NS1_I72A2,Influenza A virus (A/Udorn/307/1972(H3N2)),17881440,true positive,26,1,disordered
ELME000155,LIG_SH3_3,SH3 domain ligands,LIG,This is the motif recognized by those SH3 domains with a non-canonical class I recognition specificity,PF00018,SH3_1,SH3 domain,...[PV]..P,TSLVSNP,522,528,ORF3_HEVBU,Hepatitis E virus (strain Burma),11518702,true positive,26,1,disordered
ELME000155,LIG_SH3_3,SH3 domain ligands,LIG,This is the motif recognized by those SH3 domains with a non-canonical class I recognition specificity,PF00018,SH3_1,SH3 domain,...[PV]..P,TSLVSNP,522,528,P73_HUMAN,Homo sapiens,10391251,true positive,26,1,disordered
ELME000155,LIG_SH3_3,SH3 domain ligands,LIG,This is the motif recognized by those SH3 domains with a non-canonical class I recognition specificity,PF00018,SH3_1,SH3 domain,...[PV]..P,TSLVSNP,522,528,SOS1_MOUSE,Mus musculus,9135122,true positive,26,1,disordered
ELME000155,LIG_SH3_3,SH3 domain ligands,LIG,This is the motif recognized by those SH3 domains with a non-canonical class I recognition specificity,PF00018,SH3_1,SH3 domain,...[PV]..P,TSLVSNP,522,528,TAU_HUMAN,Homo sapiens,18467332,true positive,26,1,disordered
ELME000155,LIG_SH3_3,SH3 domain ligands,LIG,This is the motif recognized by those SH3 domains with a non-canonical class I recognition specificity,PF00018,SH3_1,SH3 domain,...[PV]..P,TSLVSNP,522,528,TIP_SHV24,Herpesvirus saimiri (strain 484-77),11040125,true positive,26,1,disordered
ELME000155,LIG_SH3_3,SH3 domain ligands,LIG,This is the motif recognized by those SH3 domains with a non-canonical class I recognition specificity,PF00018,SH3_1,SH3 domain,...[PV]..P,TSLVSNP,522,528,WASF1_MOUSE,Mus musculus,10970852,true positive,26,1,disordered
ELME000501,LIG_SH3_CIN85_PxpxPR_1,CIN85 and CD2AP SH3 domain binding motif ,LIG,"The non-canonical SH3-binding motif is recognized primarily by adaptor proteins CIN85 and CD2AP, which are involved in RTK regulation, endocytosis, lysosomal degradation, actin cytoskeleton dynamics regulation, and signal transduction",PF14604,SH3_9,Variant SH3 domain,P.[AP].PR,PVPAPR,457,462,3BP2_HUMAN,Homo sapiens,17306257,true positive,60,4,inbetween
ELME000501,LIG_SH3_CIN85_PxpxPR_1,CIN85 and CD2AP SH3 domain binding motif ,LIG,"The non-canonical SH3-binding motif is recognized primarily by adaptor proteins CIN85 and CD2AP, which are involved in RTK regulation, endocytosis, lysosomal degradation, actin cytoskeleton dynamics regulation, and signal transduction",PF14604,SH3_9,Variant SH3 domain,P.[AP].PR,PVPAPR,457,462,A0A1B0SZV8_ORENI,Oreochromis niloticus,32247045,true positive,60,4,inbetween
ELME000501,LIG_SH3_CIN85_PxpxPR_1,CIN85 and CD2AP SH3 domain binding motif ,LIG,"The non-canonical SH3-binding motif is recognized primarily by adaptor proteins CIN85 and CD2AP, which are involved in RTK regulation, endocytosis, lysosomal degradation, actin cytoskeleton dynamics regulation, and signal transduction",PF14604,SH3_9,Variant SH3 domain,P.[AP].PR,PVPAPR,457,462,ARAP3_HUMAN,Homo sapiens,15090612,true positive,60,4,inbetween
ELME000501,LIG_SH3_CIN85_PxpxPR_1,CIN85 and CD2AP SH3 domain binding motif ,LIG,"The non-canonical SH3-binding motif is recognized primarily by adaptor proteins CIN85 and CD2AP, which are involved in RTK regulation, endocytosis, lysosomal degradation, actin cytoskeleton dynamics regulation, and signal transduction",PF14604,SH3_9,Variant SH3 domain,P.[AP].PR,PVPAPR,457,462,ASAP1_HUMAN,Homo sapiens,15090612,true positive,60,4,inbetween
ELME000501,LIG_SH3_CIN85_PxpxPR_1,CIN85 and CD2AP SH3 domain binding motif ,LIG,"The non-canonical SH3-binding motif is recognized primarily by adaptor proteins CIN85 and CD2AP, which are involved in RTK regulation, endocytosis, lysosomal degradation, actin cytoskeleton dynamics regulation, and signal transduction",PF14604,SH3_9,Variant SH3 domain,P.[AP].PR,PVPAPR,457,462,ASAP1_MOUSE,Mus musculus,15632162,true positive,60,4,inbetween
ELME000501,LIG_SH3_CIN85_PxpxPR_1,CIN85 and CD2AP SH3 domain binding motif ,LIG,"The non-canonical SH3-binding motif is recognized primarily by adaptor proteins CIN85 and CD2AP, which are involved in RTK regulation, endocytosis, lysosomal degradation, actin cytoskeleton dynamics regulation, and signal transduction",PF14604,SH3_9,Variant SH3 domain,P.[AP].PR,PVPAPR,457,462,BLNK_HUMAN,Homo sapiens,11071869 32051419 27353366,true positive,60,4,inbetween
ELME000501,LIG_SH3_CIN85_PxpxPR_1,CIN85 and CD2AP SH3 domain binding motif ,LIG,"The non-canonical SH3-binding motif is recognized primarily by adaptor proteins CIN85 and CD2AP, which are involved in RTK regulation, endocytosis, lysosomal degradation, actin cytoskeleton dynamics regulation, and signal transduction",PF14604,SH3_9,Variant SH3 domain,P.[AP].PR,PVPAPR,457,462,BLNK_HUMAN,Homo sapiens,32051419 27353366,true positive,60,4,inbetween
ELME000501,LIG_SH3_CIN85_PxpxPR_1,CIN85 and CD2AP SH3 domain binding motif ,LIG,"The non-canonical SH3-binding motif is recognized primarily by adaptor proteins CIN85 and CD2AP, which are involved in RTK regulation, endocytosis, lysosomal degradation, actin cytoskeleton dynamics regulation, and signal transduction",PF14604,SH3_9,Variant SH3 domain,P.[AP].PR,PVPAPR,457,462,CBLB_HUMAN,Homo sapiens,12177062 16228008 23663663 12874286 19268472 17020880,true positive,60,4,inbetween
ELME000501,LIG_SH3_CIN85_PxpxPR_1,CIN85 and CD2AP SH3 domain binding motif ,LIG,"The non-canonical SH3-binding motif is recognized primarily by adaptor proteins CIN85 and CD2AP, which are involved in RTK regulation, endocytosis, lysosomal degradation, actin cytoskeleton dynamics regulation, and signal transduction",PF14604,SH3_9,Variant SH3 domain,P.[AP].PR,PVPAPR,457,462,CBL_HUMAN,Homo sapiens,11067845 16228008 11071869 10679202 12874286 19268472,true positive,60,4,inbetween
ELME000501,LIG_SH3_CIN85_PxpxPR_1,CIN85 and CD2AP SH3 domain binding motif ,LIG,"The non-canonical SH3-binding motif is recognized primarily by adaptor proteins CIN85 and CD2AP, which are involved in RTK regulation, endocytosis, lysosomal degradation, actin cytoskeleton dynamics regulation, and signal transduction",PF14604,SH3_9,Variant SH3 domain,P.[AP].PR,PVPAPR,457,462,CD2_HUMAN,Homo sapiens,23663663 17020880 12690097,true positive,60,4,inbetween
ELME000501,LIG_SH3_CIN85_PxpxPR_1,CIN85 and CD2AP SH3 domain binding motif ,LIG,"The non-canonical SH3-binding motif is recognized primarily by adaptor proteins CIN85 and CD2AP, which are involved in RTK regulation, endocytosis, lysosomal degradation, actin cytoskeleton dynamics regulation, and signal transduction",PF14604,SH3_9,Variant SH3 domain,P.[AP].PR,PVPAPR,457,462,CD2_MOUSE,Mus musculus,9741631,true positive,60,4,inbetween
ELME000501,LIG_SH3_CIN85_PxpxPR_1,CIN85 and CD2AP SH3 domain binding motif ,LIG,"The non-canonical SH3-binding motif is recognized primarily by adaptor proteins CIN85 and CD2AP, which are involved in RTK regulation, endocytosis, lysosomal degradation, actin cytoskeleton dynamics regulation, and signal transduction",PF14604,SH3_9,Variant SH3 domain,P.[AP].PR,PVPAPR,457,462,DAB1_HUMAN,Homo sapiens,14596919,true positive,60,4,inbetween
ELME000501,LIG_SH3_CIN85_PxpxPR_1,CIN85 and CD2AP SH3 domain binding motif ,LIG,"The non-canonical SH3-binding motif is recognized primarily by adaptor proteins CIN85 and CD2AP, which are involved in RTK regulation, endocytosis, lysosomal degradation, actin cytoskeleton dynamics regulation, and signal transduction",PF14604,SH3_9,Variant SH3 domain,P.[AP].PR,PVPAPR,457,462,DAB1_MOUSE,Mus musculus,18076569,true positive,60,4,inbetween
ELME000501,LIG_SH3_CIN85_PxpxPR_1,CIN85 and CD2AP SH3 domain binding motif ,LIG,"The non-canonical SH3-binding motif is recognized primarily by adaptor proteins CIN85 and CD2AP, which are involved in RTK regulation, endocytosis, lysosomal degradation, actin cytoskeleton dynamics regulation, and signal transduction",PF14604,SH3_9,Variant SH3 domain,P.[AP].PR,PVPAPR,457,462,DAB2_HUMAN,Homo sapiens,14596919,true positive,60,4,inbetween
ELME000501,LIG_SH3_CIN85_PxpxPR_1,CIN85 and CD2AP SH3 domain binding motif ,LIG,"The non-canonical SH3-binding motif is recognized primarily by adaptor proteins CIN85 and CD2AP, which are involved in RTK regulation, endocytosis, lysosomal degradation, actin cytoskeleton dynamics regulation, and signal transduction",PF14604,SH3_9,Variant SH3 domain,P.[AP].PR,PVPAPR,457,462,DEND_HUMAN,Homo sapiens,16751601,true positive,60,4,inbetween
ELME000501,LIG_SH3_CIN85_PxpxPR_1,CIN85 and CD2AP SH3 domain binding motif ,LIG,"The non-canonical SH3-binding motif is recognized primarily by adaptor proteins CIN85 and CD2AP, which are involved in RTK regulation, endocytosis, lysosomal degradation, actin cytoskeleton dynamics regulation, and signal transduction",PF14604,SH3_9,Variant SH3 domain,P.[AP].PR,PVPAPR,457,462,HIP1R_MOUSE,Mus musculus,15090612,true positive,60,4,inbetween
ELME000501,LIG_SH3_CIN85_PxpxPR_1,CIN85 and CD2AP SH3 domain binding motif ,LIG,"The non-canonical SH3-binding motif is recognized primarily by adaptor proteins CIN85 and CD2AP, which are involved in RTK regulation, endocytosis, lysosomal degradation, actin cytoskeleton dynamics regulation, and signal transduction",PF14604,SH3_9,Variant SH3 domain,P.[AP].PR,PVPAPR,457,462,ICP0_HHV11,Herpes simplex virus (type 1 / strain 17),15824310,true positive,60,4,inbetween
ELME000501,LIG_SH3_CIN85_PxpxPR_1,CIN85 and CD2AP SH3 domain binding motif ,LIG,"The non-canonical SH3-binding motif is recognized primarily by adaptor proteins CIN85 and CD2AP, which are involved in RTK regulation, endocytosis, lysosomal degradation, actin cytoskeleton dynamics regulation, and signal transduction",PF14604,SH3_9,Variant SH3 domain,P.[AP].PR,PVPAPR,457,462,ITCH_HUMAN,Homo sapiens,17652093,true positive,60,4,inbetween
ELME000501,LIG_SH3_CIN85_PxpxPR_1,CIN85 and CD2AP SH3 domain binding motif ,LIG,"The non-canonical SH3-binding motif is recognized primarily by adaptor proteins CIN85 and CD2AP, which are involved in RTK regulation, endocytosis, lysosomal degradation, actin cytoskeleton dynamics regulation, and signal transduction",PF14604,SH3_9,Variant SH3 domain,P.[AP].PR,PVPAPR,457,462,MB12A_HUMAN,Homo sapiens,16895919,true positive,60,4,inbetween
ELME000501,LIG_SH3_CIN85_PxpxPR_1,CIN85 and CD2AP SH3 domain binding motif ,LIG,"The non-canonical SH3-binding motif is recognized primarily by adaptor proteins CIN85 and CD2AP, which are involved in RTK regulation, endocytosis, lysosomal degradation, actin cytoskeleton dynamics regulation, and signal transduction",PF14604,SH3_9,Variant SH3 domain,P.[AP].PR,PVPAPR,457,462,P85A_HUMAN,Homo sapiens,31723006,true positive,60,4,inbetween
ELME000501,LIG_SH3_CIN85_PxpxPR_1,CIN85 and CD2AP SH3 domain binding motif ,LIG,"The non-canonical SH3-binding motif is recognized primarily by adaptor proteins CIN85 and CD2AP, which are involved in RTK regulation, endocytosis, lysosomal degradation, actin cytoskeleton dynamics regulation, and signal transduction",PF14604,SH3_9,Variant SH3 domain,P.[AP].PR,PVPAPR,457,462,PDC6I_HUMAN,Homo sapiens,26296892,true positive,60,4,inbetween
ELME000501,LIG_SH3_CIN85_PxpxPR_1,CIN85 and CD2AP SH3 domain binding motif ,LIG,"The non-canonical SH3-binding motif is recognized primarily by adaptor proteins CIN85 and CD2AP, which are involved in RTK regulation, endocytosis, lysosomal degradation, actin cytoskeleton dynamics regulation, and signal transduction",PF14604,SH3_9,Variant SH3 domain,P.[AP].PR,PVPAPR,457,462,PDC6I_RAT,Rattus norvegicus,10858458 11152963,true positive,60,4,inbetween
ELME000501,LIG_SH3_CIN85_PxpxPR_1,CIN85 and CD2AP SH3 domain binding motif ,LIG,"The non-canonical SH3-binding motif is recognized primarily by adaptor proteins CIN85 and CD2AP, which are involved in RTK regulation, endocytosis, lysosomal degradation, actin cytoskeleton dynamics regulation, and signal transduction",PF14604,SH3_9,Variant SH3 domain,P.[AP].PR,PVPAPR,457,462,POLG_HCVJF,Hepatitis C virus JFH-1,25872741,true positive,60,4,inbetween
ELME000501,LIG_SH3_CIN85_PxpxPR_1,CIN85 and CD2AP SH3 domain binding motif ,LIG,"The non-canonical SH3-binding motif is recognized primarily by adaptor proteins CIN85 and CD2AP, which are involved in RTK regulation, endocytosis, lysosomal degradation, actin cytoskeleton dynamics regulation, and signal transduction",PF14604,SH3_9,Variant SH3 domain,P.[AP].PR,PVPAPR,457,462,POLN_BFV,Barmah Forest virus,29702546,true positive,60,4,inbetween
ELME000501,LIG_SH3_CIN85_PxpxPR_1,CIN85 and CD2AP SH3 domain binding motif ,LIG,"The non-canonical SH3-binding motif is recognized primarily by adaptor proteins CIN85 and CD2AP, which are involved in RTK regulation, endocytosis, lysosomal degradation, actin cytoskeleton dynamics regulation, and signal transduction",PF14604,SH3_9,Variant SH3 domain,P.[AP].PR,PVPAPR,457,462,POLN_CHIKS,Chikungunya virus strain S27-African prototype,31493651,true positive,60,4,inbetween
ELME000501,LIG_SH3_CIN85_PxpxPR_1,CIN85 and CD2AP SH3 domain binding motif ,LIG,"The non-canonical SH3-binding motif is recognized primarily by adaptor proteins CIN85 and CD2AP, which are involved in RTK regulation, endocytosis, lysosomal degradation, actin cytoskeleton dynamics regulation, and signal transduction",PF14604,SH3_9,Variant SH3 domain,P.[AP].PR,PVPAPR,457,462,POLN_EEVVT,Venezuelan equine encephalitis virus (strain Trinidad donkey),31694937,true positive,60,4,inbetween
ELME000501,LIG_SH3_CIN85_PxpxPR_1,CIN85 and CD2AP SH3 domain binding motif ,LIG,"The non-canonical SH3-binding motif is recognized primarily by adaptor proteins CIN85 and CD2AP, which are involved in RTK regulation, endocytosis, lysosomal degradation, actin cytoskeleton dynamics regulation, and signal transduction",PF14604,SH3_9,Variant SH3 domain,P.[AP].PR,PVPAPR,457,462,POLN_SFV,Semliki forest virus,29702546,true positive,60,4,inbetween
ELME000501,LIG_SH3_CIN85_PxpxPR_1,CIN85 and CD2AP SH3 domain binding motif ,LIG,"The non-canonical SH3-binding motif is recognized primarily by adaptor proteins CIN85 and CD2AP, which are involved in RTK regulation, endocytosis, lysosomal degradation, actin cytoskeleton dynamics regulation, and signal transduction",PF14604,SH3_9,Variant SH3 domain,P.[AP].PR,PVPAPR,457,462,PTCRA_HUMAN,Homo sapiens,17823309,true positive,60,4,inbetween
ELME000501,LIG_SH3_CIN85_PxpxPR_1,CIN85 and CD2AP SH3 domain binding motif ,LIG,"The non-canonical SH3-binding motif is recognized primarily by adaptor proteins CIN85 and CD2AP, which are involved in RTK regulation, endocytosis, lysosomal degradation, actin cytoskeleton dynamics regulation, and signal transduction",PF14604,SH3_9,Variant SH3 domain,P.[AP].PR,PVPAPR,457,462,Q4UGW0_THEAN,Theileria annulata,29520916,unknown,60,4,inbetween
ELME000501,LIG_SH3_CIN85_PxpxPR_1,CIN85 and CD2AP SH3 domain binding motif ,LIG,"The non-canonical SH3-binding motif is recognized primarily by adaptor proteins CIN85 and CD2AP, which are involved in RTK regulation, endocytosis, lysosomal degradation, actin cytoskeleton dynamics regulation, and signal transduction",PF14604,SH3_9,Variant SH3 domain,P.[AP].PR,PVPAPR,457,462,Q64ET4_HCMV,Human herpesvirus 5,30089695,unknown,60,4,inbetween
ELME000501,LIG_SH3_CIN85_PxpxPR_1,CIN85 and CD2AP SH3 domain binding motif ,LIG,"The non-canonical SH3-binding motif is recognized primarily by adaptor proteins CIN85 and CD2AP, which are involved in RTK regulation, endocytosis, lysosomal degradation, actin cytoskeleton dynamics regulation, and signal transduction",PF14604,SH3_9,Variant SH3 domain,P.[AP].PR,PVPAPR,457,462,RHG27_RAT,Rattus norvegicus,15147912,true positive,60,4,inbetween
ELME000501,LIG_SH3_CIN85_PxpxPR_1,CIN85 and CD2AP SH3 domain binding motif ,LIG,"The non-canonical SH3-binding motif is recognized primarily by adaptor proteins CIN85 and CD2AP, which are involved in RTK regulation, endocytosis, lysosomal degradation, actin cytoskeleton dynamics regulation, and signal transduction",PF14604,SH3_9,Variant SH3 domain,P.[AP].PR,PVPAPR,457,462,RIN3_HUMAN,Homo sapiens,26296892,true positive,60,4,inbetween
ELME000501,LIG_SH3_CIN85_PxpxPR_1,CIN85 and CD2AP SH3 domain binding motif ,LIG,"The non-canonical SH3-binding motif is recognized primarily by adaptor proteins CIN85 and CD2AP, which are involved in RTK regulation, endocytosis, lysosomal degradation, actin cytoskeleton dynamics regulation, and signal transduction",PF14604,SH3_9,Variant SH3 domain,P.[AP].PR,PVPAPR,457,462,RON2_TOXGM,Toxoplasma gondii ME49,28848228,true positive,60,4,inbetween
ELME000501,LIG_SH3_CIN85_PxpxPR_1,CIN85 and CD2AP SH3 domain binding motif ,LIG,"The non-canonical SH3-binding motif is recognized primarily by adaptor proteins CIN85 and CD2AP, which are involved in RTK regulation, endocytosis, lysosomal degradation, actin cytoskeleton dynamics regulation, and signal transduction",PF14604,SH3_9,Variant SH3 domain,P.[AP].PR,PVPAPR,457,462,RON4_TOXGO,Toxoplasma gondii,28848228,true positive,60,4,inbetween
ELME000501,LIG_SH3_CIN85_PxpxPR_1,CIN85 and CD2AP SH3 domain binding motif ,LIG,"The non-canonical SH3-binding motif is recognized primarily by adaptor proteins CIN85 and CD2AP, which are involved in RTK regulation, endocytosis, lysosomal degradation, actin cytoskeleton dynamics regulation, and signal transduction",PF14604,SH3_9,Variant SH3 domain,P.[AP].PR,PVPAPR,457,462,S8ERS3_TOXGM,Toxoplasma gondii ME49,28848228,true positive,60,4,inbetween
ELME000501,LIG_SH3_CIN85_PxpxPR_1,CIN85 and CD2AP SH3 domain binding motif ,LIG,"The non-canonical SH3-binding motif is recognized primarily by adaptor proteins CIN85 and CD2AP, which are involved in RTK regulation, endocytosis, lysosomal degradation, actin cytoskeleton dynamics regulation, and signal transduction",PF14604,SH3_9,Variant SH3 domain,P.[AP].PR,PVPAPR,457,462,SEPT9_HUMAN,Homo sapiens,25472714,true positive,60,4,inbetween
ELME000501,LIG_SH3_CIN85_PxpxPR_1,CIN85 and CD2AP SH3 domain binding motif ,LIG,"The non-canonical SH3-binding motif is recognized primarily by adaptor proteins CIN85 and CD2AP, which are involved in RTK regulation, endocytosis, lysosomal degradation, actin cytoskeleton dynamics regulation, and signal transduction",PF14604,SH3_9,Variant SH3 domain,P.[AP].PR,PVPAPR,457,462,SHIP1_HUMAN,Homo sapiens,15090612,true positive,60,4,inbetween
ELME000501,LIG_SH3_CIN85_PxpxPR_1,CIN85 and CD2AP SH3 domain binding motif ,LIG,"The non-canonical SH3-binding motif is recognized primarily by adaptor proteins CIN85 and CD2AP, which are involved in RTK regulation, endocytosis, lysosomal degradation, actin cytoskeleton dynamics regulation, and signal transduction",PF14604,SH3_9,Variant SH3 domain,P.[AP].PR,PVPAPR,457,462,SHKB1_MOUSE,Mus musculus,21830225,true positive,60,4,inbetween
ELME000501,LIG_SH3_CIN85_PxpxPR_1,CIN85 and CD2AP SH3 domain binding motif ,LIG,"The non-canonical SH3-binding motif is recognized primarily by adaptor proteins CIN85 and CD2AP, which are involved in RTK regulation, endocytosis, lysosomal degradation, actin cytoskeleton dynamics regulation, and signal transduction",PF14604,SH3_9,Variant SH3 domain,P.[AP].PR,PVPAPR,457,462,SHKB1_RAT,Rattus norvegicus,11152963,true positive,60,4,inbetween
ELME000501,LIG_SH3_CIN85_PxpxPR_1,CIN85 and CD2AP SH3 domain binding motif ,LIG,"The non-canonical SH3-binding motif is recognized primarily by adaptor proteins CIN85 and CD2AP, which are involved in RTK regulation, endocytosis, lysosomal degradation, actin cytoskeleton dynamics regulation, and signal transduction",PF14604,SH3_9,Variant SH3 domain,P.[AP].PR,PVPAPR,457,462,STAP1_MOUSE,Mus musculus,15090612,true positive,60,4,inbetween
ELME000501,LIG_SH3_CIN85_PxpxPR_1,CIN85 and CD2AP SH3 domain binding motif ,LIG,"The non-canonical SH3-binding motif is recognized primarily by adaptor proteins CIN85 and CD2AP, which are involved in RTK regulation, endocytosis, lysosomal degradation, actin cytoskeleton dynamics regulation, and signal transduction",PF14604,SH3_9,Variant SH3 domain,P.[AP].PR,PVPAPR,457,462,SYNJ1_MOUSE,Mus musculus,12829691,true positive,60,4,inbetween
ELME000501,LIG_SH3_CIN85_PxpxPR_1,CIN85 and CD2AP SH3 domain binding motif ,LIG,"The non-canonical SH3-binding motif is recognized primarily by adaptor proteins CIN85 and CD2AP, which are involved in RTK regulation, endocytosis, lysosomal degradation, actin cytoskeleton dynamics regulation, and signal transduction",PF14604,SH3_9,Variant SH3 domain,P.[AP].PR,PVPAPR,457,462,SYNJ2_RAT,Rattus norvegicus,15090612,true positive,60,4,inbetween
ELME000501,LIG_SH3_CIN85_PxpxPR_1,CIN85 and CD2AP SH3 domain binding motif ,LIG,"The non-canonical SH3-binding motif is recognized primarily by adaptor proteins CIN85 and CD2AP, which are involved in RTK regulation, endocytosis, lysosomal degradation, actin cytoskeleton dynamics regulation, and signal transduction",PF14604,SH3_9,Variant SH3 domain,P.[AP].PR,PVPAPR,457,462,TTP_HUMAN,Homo sapiens,20221403,true positive,60,4,inbetween
ELME000501,LIG_SH3_CIN85_PxpxPR_1,CIN85 and CD2AP SH3 domain binding motif ,LIG,"The non-canonical SH3-binding motif is recognized primarily by adaptor proteins CIN85 and CD2AP, which are involved in RTK regulation, endocytosis, lysosomal degradation, actin cytoskeleton dynamics regulation, and signal transduction",PF14604,SH3_9,Variant SH3 domain,P.[AP].PR,PQPAPR,469,474,3BP2_HUMAN,Homo sapiens,17306257,true positive,60,4,disordered
ELME000501,LIG_SH3_CIN85_PxpxPR_1,CIN85 and CD2AP SH3 domain binding motif ,LIG,"The non-canonical SH3-binding motif is recognized primarily by adaptor proteins CIN85 and CD2AP, which are involved in RTK regulation, endocytosis, lysosomal degradation, actin cytoskeleton dynamics regulation, and signal transduction",PF14604,SH3_9,Variant SH3 domain,P.[AP].PR,PQPAPR,469,474,A0A1B0SZV8_ORENI,Oreochromis niloticus,32247045,true positive,60,4,disordered
ELME000501,LIG_SH3_CIN85_PxpxPR_1,CIN85 and CD2AP SH3 domain binding motif ,LIG,"The non-canonical SH3-binding motif is recognized primarily by adaptor proteins CIN85 and CD2AP, which are involved in RTK regulation, endocytosis, lysosomal degradation, actin cytoskeleton dynamics regulation, and signal transduction",PF14604,SH3_9,Variant SH3 domain,P.[AP].PR,PQPAPR,469,474,ARAP3_HUMAN,Homo sapiens,15090612,true positive,60,4,disordered
ELME000501,LIG_SH3_CIN85_PxpxPR_1,CIN85 and CD2AP SH3 domain binding motif ,LIG,"The non-canonical SH3-binding motif is recognized primarily by adaptor proteins CIN85 and CD2AP, which are involved in RTK regulation, endocytosis, lysosomal degradation, actin cytoskeleton dynamics regulation, and signal transduction",PF14604,SH3_9,Variant SH3 domain,P.[AP].PR,PQPAPR,469,474,ASAP1_HUMAN,Homo sapiens,15090612,true positive,60,4,disordered
ELME000501,LIG_SH3_CIN85_PxpxPR_1,CIN85 and CD2AP SH3 domain binding motif ,LIG,"The non-canonical SH3-binding motif is recognized primarily by adaptor proteins CIN85 and CD2AP, which are involved in RTK regulation, endocytosis, lysosomal degradation, actin cytoskeleton dynamics regulation, and signal transduction",PF14604,SH3_9,Variant SH3 domain,P.[AP].PR,PQPAPR,469,474,ASAP1_MOUSE,Mus musculus,15632162,true positive,60,4,disordered
ELME000501,LIG_SH3_CIN85_PxpxPR_1,CIN85 and CD2AP SH3 domain binding motif ,LIG,"The non-canonical SH3-binding motif is recognized primarily by adaptor proteins CIN85 and CD2AP, which are involved in RTK regulation, endocytosis, lysosomal degradation, actin cytoskeleton dynamics regulation, and signal transduction",PF14604,SH3_9,Variant SH3 domain,P.[AP].PR,PQPAPR,469,474,BLNK_HUMAN,Homo sapiens,11071869 32051419 27353366,true positive,60,4,disordered
ELME000501,LIG_SH3_CIN85_PxpxPR_1,CIN85 and CD2AP SH3 domain binding motif ,LIG,"The non-canonical SH3-binding motif is recognized primarily by adaptor proteins CIN85 and CD2AP, which are involved in RTK regulation, endocytosis, lysosomal degradation, actin cytoskeleton dynamics regulation, and signal transduction",PF14604,SH3_9,Variant SH3 domain,P.[AP].PR,PQPAPR,469,474,BLNK_HUMAN,Homo sapiens,32051419 27353366,true positive,60,4,disordered
ELME000501,LIG_SH3_CIN85_PxpxPR_1,CIN85 and CD2AP SH3 domain binding motif ,LIG,"The non-canonical SH3-binding motif is recognized primarily by adaptor proteins CIN85 and CD2AP, which are involved in RTK regulation, endocytosis, lysosomal degradation, actin cytoskeleton dynamics regulation, and signal transduction",PF14604,SH3_9,Variant SH3 domain,P.[AP].PR,PQPAPR,469,474,CBLB_HUMAN,Homo sapiens,12177062 16228008 23663663 12874286 19268472 17020880,true positive,60,4,disordered
ELME000501,LIG_SH3_CIN85_PxpxPR_1,CIN85 and CD2AP SH3 domain binding motif ,LIG,"The non-canonical SH3-binding motif is recognized primarily by adaptor proteins CIN85 and CD2AP, which are involved in RTK regulation, endocytosis, lysosomal degradation, actin cytoskeleton dynamics regulation, and signal transduction",PF14604,SH3_9,Variant SH3 domain,P.[AP].PR,PQPAPR,469,474,CBL_HUMAN,Homo sapiens,11067845 16228008 11071869 10679202 12874286 19268472,true positive,60,4,disordered
ELME000501,LIG_SH3_CIN85_PxpxPR_1,CIN85 and CD2AP SH3 domain binding motif ,LIG,"The non-canonical SH3-binding motif is recognized primarily by adaptor proteins CIN85 and CD2AP, which are involved in RTK regulation, endocytosis, lysosomal degradation, actin cytoskeleton dynamics regulation, and signal transduction",PF14604,SH3_9,Variant SH3 domain,P.[AP].PR,PQPAPR,469,474,CD2_HUMAN,Homo sapiens,23663663 17020880 12690097,true positive,60,4,disordered
ELME000501,LIG_SH3_CIN85_PxpxPR_1,CIN85 and CD2AP SH3 domain binding motif ,LIG,"The non-canonical SH3-binding motif is recognized primarily by adaptor proteins CIN85 and CD2AP, which are involved in RTK regulation, endocytosis, lysosomal degradation, actin cytoskeleton dynamics regulation, and signal transduction",PF14604,SH3_9,Variant SH3 domain,P.[AP].PR,PQPAPR,469,474,CD2_MOUSE,Mus musculus,9741631,true positive,60,4,disordered
ELME000501,LIG_SH3_CIN85_PxpxPR_1,CIN85 and CD2AP SH3 domain binding motif ,LIG,"The non-canonical SH3-binding motif is recognized primarily by adaptor proteins CIN85 and CD2AP, which are involved in RTK regulation, endocytosis, lysosomal degradation, actin cytoskeleton dynamics regulation, and signal transduction",PF14604,SH3_9,Variant SH3 domain,P.[AP].PR,PQPAPR,469,474,DAB1_HUMAN,Homo sapiens,14596919,true positive,60,4,disordered
ELME000501,LIG_SH3_CIN85_PxpxPR_1,CIN85 and CD2AP SH3 domain binding motif ,LIG,"The non-canonical SH3-binding motif is recognized primarily by adaptor proteins CIN85 and CD2AP, which are involved in RTK regulation, endocytosis, lysosomal degradation, actin cytoskeleton dynamics regulation, and signal transduction",PF14604,SH3_9,Variant SH3 domain,P.[AP].PR,PQPAPR,469,474,DAB1_MOUSE,Mus musculus,18076569,true positive,60,4,disordered
ELME000501,LIG_SH3_CIN85_PxpxPR_1,CIN85 and CD2AP SH3 domain binding motif ,LIG,"The non-canonical SH3-binding motif is recognized primarily by adaptor proteins CIN85 and CD2AP, which are involved in RTK regulation, endocytosis, lysosomal degradation, actin cytoskeleton dynamics regulation, and signal transduction",PF14604,SH3_9,Variant SH3 domain,P.[AP].PR,PQPAPR,469,474,DAB2_HUMAN,Homo sapiens,14596919,true positive,60,4,disordered
ELME000501,LIG_SH3_CIN85_PxpxPR_1,CIN85 and CD2AP SH3 domain binding motif ,LIG,"The non-canonical SH3-binding motif is recognized primarily by adaptor proteins CIN85 and CD2AP, which are involved in RTK regulation, endocytosis, lysosomal degradation, actin cytoskeleton dynamics regulation, and signal transduction",PF14604,SH3_9,Variant SH3 domain,P.[AP].PR,PQPAPR,469,474,DEND_HUMAN,Homo sapiens,16751601,true positive,60,4,disordered
ELME000501,LIG_SH3_CIN85_PxpxPR_1,CIN85 and CD2AP SH3 domain binding motif ,LIG,"The non-canonical SH3-binding motif is recognized primarily by adaptor proteins CIN85 and CD2AP, which are involved in RTK regulation, endocytosis, lysosomal degradation, actin cytoskeleton dynamics regulation, and signal transduction",PF14604,SH3_9,Variant SH3 domain,P.[AP].PR,PQPAPR,469,474,HIP1R_MOUSE,Mus musculus,15090612,true positive,60,4,disordered
ELME000501,LIG_SH3_CIN85_PxpxPR_1,CIN85 and CD2AP SH3 domain binding motif ,LIG,"The non-canonical SH3-binding motif is recognized primarily by adaptor proteins CIN85 and CD2AP, which are involved in RTK regulation, endocytosis, lysosomal degradation, actin cytoskeleton dynamics regulation, and signal transduction",PF14604,SH3_9,Variant SH3 domain,P.[AP].PR,PQPAPR,469,474,ICP0_HHV11,Herpes simplex virus (type 1 / strain 17),15824310,true positive,60,4,disordered
ELME000501,LIG_SH3_CIN85_PxpxPR_1,CIN85 and CD2AP SH3 domain binding motif ,LIG,"The non-canonical SH3-binding motif is recognized primarily by adaptor proteins CIN85 and CD2AP, which are involved in RTK regulation, endocytosis, lysosomal degradation, actin cytoskeleton dynamics regulation, and signal transduction",PF14604,SH3_9,Variant SH3 domain,P.[AP].PR,PQPAPR,469,474,ITCH_HUMAN,Homo sapiens,17652093,true positive,60,4,disordered
ELME000501,LIG_SH3_CIN85_PxpxPR_1,CIN85 and CD2AP SH3 domain binding motif ,LIG,"The non-canonical SH3-binding motif is recognized primarily by adaptor proteins CIN85 and CD2AP, which are involved in RTK regulation, endocytosis, lysosomal degradation, actin cytoskeleton dynamics regulation, and signal transduction",PF14604,SH3_9,Variant SH3 domain,P.[AP].PR,PQPAPR,469,474,MB12A_HUMAN,Homo sapiens,16895919,true positive,60,4,disordered
ELME000501,LIG_SH3_CIN85_PxpxPR_1,CIN85 and CD2AP SH3 domain binding motif ,LIG,"The non-canonical SH3-binding motif is recognized primarily by adaptor proteins CIN85 and CD2AP, which are involved in RTK regulation, endocytosis, lysosomal degradation, actin cytoskeleton dynamics regulation, and signal transduction",PF14604,SH3_9,Variant SH3 domain,P.[AP].PR,PQPAPR,469,474,P85A_HUMAN,Homo sapiens,31723006,true positive,60,4,disordered
ELME000501,LIG_SH3_CIN85_PxpxPR_1,CIN85 and CD2AP SH3 domain binding motif ,LIG,"The non-canonical SH3-binding motif is recognized primarily by adaptor proteins CIN85 and CD2AP, which are involved in RTK regulation, endocytosis, lysosomal degradation, actin cytoskeleton dynamics regulation, and signal transduction",PF14604,SH3_9,Variant SH3 domain,P.[AP].PR,PQPAPR,469,474,PDC6I_HUMAN,Homo sapiens,26296892,true positive,60,4,disordered
ELME000501,LIG_SH3_CIN85_PxpxPR_1,CIN85 and CD2AP SH3 domain binding motif ,LIG,"The non-canonical SH3-binding motif is recognized primarily by adaptor proteins CIN85 and CD2AP, which are involved in RTK regulation, endocytosis, lysosomal degradation, actin cytoskeleton dynamics regulation, and signal transduction",PF14604,SH3_9,Variant SH3 domain,P.[AP].PR,PQPAPR,469,474,PDC6I_RAT,Rattus norvegicus,10858458 11152963,true positive,60,4,disordered
ELME000501,LIG_SH3_CIN85_PxpxPR_1,CIN85 and CD2AP SH3 domain binding motif ,LIG,"The non-canonical SH3-binding motif is recognized primarily by adaptor proteins CIN85 and CD2AP, which are involved in RTK regulation, endocytosis, lysosomal degradation, actin cytoskeleton dynamics regulation, and signal transduction",PF14604,SH3_9,Variant SH3 domain,P.[AP].PR,PQPAPR,469,474,POLG_HCVJF,Hepatitis C virus JFH-1,25872741,true positive,60,4,disordered
ELME000501,LIG_SH3_CIN85_PxpxPR_1,CIN85 and CD2AP SH3 domain binding motif ,LIG,"The non-canonical SH3-binding motif is recognized primarily by adaptor proteins CIN85 and CD2AP, which are involved in RTK regulation, endocytosis, lysosomal degradation, actin cytoskeleton dynamics regulation, and signal transduction",PF14604,SH3_9,Variant SH3 domain,P.[AP].PR,PQPAPR,469,474,POLN_BFV,Barmah Forest virus,29702546,true positive,60,4,disordered
ELME000501,LIG_SH3_CIN85_PxpxPR_1,CIN85 and CD2AP SH3 domain binding motif ,LIG,"The non-canonical SH3-binding motif is recognized primarily by adaptor proteins CIN85 and CD2AP, which are involved in RTK regulation, endocytosis, lysosomal degradation, actin cytoskeleton dynamics regulation, and signal transduction",PF14604,SH3_9,Variant SH3 domain,P.[AP].PR,PQPAPR,469,474,POLN_CHIKS,Chikungunya virus strain S27-African prototype,31493651,true positive,60,4,disordered
ELME000501,LIG_SH3_CIN85_PxpxPR_1,CIN85 and CD2AP SH3 domain binding motif ,LIG,"The non-canonical SH3-binding motif is recognized primarily by adaptor proteins CIN85 and CD2AP, which are involved in RTK regulation, endocytosis, lysosomal degradation, actin cytoskeleton dynamics regulation, and signal transduction",PF14604,SH3_9,Variant SH3 domain,P.[AP].PR,PQPAPR,469,474,POLN_EEVVT,Venezuelan equine encephalitis virus (strain Trinidad donkey),31694937,true positive,60,4,disordered
ELME000501,LIG_SH3_CIN85_PxpxPR_1,CIN85 and CD2AP SH3 domain binding motif ,LIG,"The non-canonical SH3-binding motif is recognized primarily by adaptor proteins CIN85 and CD2AP, which are involved in RTK regulation, endocytosis, lysosomal degradation, actin cytoskeleton dynamics regulation, and signal transduction",PF14604,SH3_9,Variant SH3 domain,P.[AP].PR,PQPAPR,469,474,POLN_SFV,Semliki forest virus,29702546,true positive,60,4,disordered
ELME000501,LIG_SH3_CIN85_PxpxPR_1,CIN85 and CD2AP SH3 domain binding motif ,LIG,"The non-canonical SH3-binding motif is recognized primarily by adaptor proteins CIN85 and CD2AP, which are involved in RTK regulation, endocytosis, lysosomal degradation, actin cytoskeleton dynamics regulation, and signal transduction",PF14604,SH3_9,Variant SH3 domain,P.[AP].PR,PQPAPR,469,474,PTCRA_HUMAN,Homo sapiens,17823309,true positive,60,4,disordered
ELME000501,LIG_SH3_CIN85_PxpxPR_1,CIN85 and CD2AP SH3 domain binding motif ,LIG,"The non-canonical SH3-binding motif is recognized primarily by adaptor proteins CIN85 and CD2AP, which are involved in RTK regulation, endocytosis, lysosomal degradation, actin cytoskeleton dynamics regulation, and signal transduction",PF14604,SH3_9,Variant SH3 domain,P.[AP].PR,PQPAPR,469,474,Q4UGW0_THEAN,Theileria annulata,29520916,unknown,60,4,disordered
ELME000501,LIG_SH3_CIN85_PxpxPR_1,CIN85 and CD2AP SH3 domain binding motif ,LIG,"The non-canonical SH3-binding motif is recognized primarily by adaptor proteins CIN85 and CD2AP, which are involved in RTK regulation, endocytosis, lysosomal degradation, actin cytoskeleton dynamics regulation, and signal transduction",PF14604,SH3_9,Variant SH3 domain,P.[AP].PR,PQPAPR,469,474,Q64ET4_HCMV,Human herpesvirus 5,30089695,unknown,60,4,disordered
ELME000501,LIG_SH3_CIN85_PxpxPR_1,CIN85 and CD2AP SH3 domain binding motif ,LIG,"The non-canonical SH3-binding motif is recognized primarily by adaptor proteins CIN85 and CD2AP, which are involved in RTK regulation, endocytosis, lysosomal degradation, actin cytoskeleton dynamics regulation, and signal transduction",PF14604,SH3_9,Variant SH3 domain,P.[AP].PR,PQPAPR,469,474,RHG27_RAT,Rattus norvegicus,15147912,true positive,60,4,disordered
ELME000501,LIG_SH3_CIN85_PxpxPR_1,CIN85 and CD2AP SH3 domain binding motif ,LIG,"The non-canonical SH3-binding motif is recognized primarily by adaptor proteins CIN85 and CD2AP, which are involved in RTK regulation, endocytosis, lysosomal degradation, actin cytoskeleton dynamics regulation, and signal transduction",PF14604,SH3_9,Variant SH3 domain,P.[AP].PR,PQPAPR,469,474,RIN3_HUMAN,Homo sapiens,26296892,true positive,60,4,disordered
ELME000501,LIG_SH3_CIN85_PxpxPR_1,CIN85 and CD2AP SH3 domain binding motif ,LIG,"The non-canonical SH3-binding motif is recognized primarily by adaptor proteins CIN85 and CD2AP, which are involved in RTK regulation, endocytosis, lysosomal degradation, actin cytoskeleton dynamics regulation, and signal transduction",PF14604,SH3_9,Variant SH3 domain,P.[AP].PR,PQPAPR,469,474,RON2_TOXGM,Toxoplasma gondii ME49,28848228,true positive,60,4,disordered
ELME000501,LIG_SH3_CIN85_PxpxPR_1,CIN85 and CD2AP SH3 domain binding motif ,LIG,"The non-canonical SH3-binding motif is recognized primarily by adaptor proteins CIN85 and CD2AP, which are involved in RTK regulation, endocytosis, lysosomal degradation, actin cytoskeleton dynamics regulation, and signal transduction",PF14604,SH3_9,Variant SH3 domain,P.[AP].PR,PQPAPR,469,474,RON4_TOXGO,Toxoplasma gondii,28848228,true positive,60,4,disordered
ELME000501,LIG_SH3_CIN85_PxpxPR_1,CIN85 and CD2AP SH3 domain binding motif ,LIG,"The non-canonical SH3-binding motif is recognized primarily by adaptor proteins CIN85 and CD2AP, which are involved in RTK regulation, endocytosis, lysosomal degradation, actin cytoskeleton dynamics regulation, and signal transduction",PF14604,SH3_9,Variant SH3 domain,P.[AP].PR,PQPAPR,469,474,S8ERS3_TOXGM,Toxoplasma gondii ME49,28848228,true positive,60,4,disordered
ELME000501,LIG_SH3_CIN85_PxpxPR_1,CIN85 and CD2AP SH3 domain binding motif ,LIG,"The non-canonical SH3-binding motif is recognized primarily by adaptor proteins CIN85 and CD2AP, which are involved in RTK regulation, endocytosis, lysosomal degradation, actin cytoskeleton dynamics regulation, and signal transduction",PF14604,SH3_9,Variant SH3 domain,P.[AP].PR,PQPAPR,469,474,SEPT9_HUMAN,Homo sapiens,25472714,true positive,60,4,disordered
ELME000501,LIG_SH3_CIN85_PxpxPR_1,CIN85 and CD2AP SH3 domain binding motif ,LIG,"The non-canonical SH3-binding motif is recognized primarily by adaptor proteins CIN85 and CD2AP, which are involved in RTK regulation, endocytosis, lysosomal degradation, actin cytoskeleton dynamics regulation, and signal transduction",PF14604,SH3_9,Variant SH3 domain,P.[AP].PR,PQPAPR,469,474,SHIP1_HUMAN,Homo sapiens,15090612,true positive,60,4,disordered
ELME000501,LIG_SH3_CIN85_PxpxPR_1,CIN85 and CD2AP SH3 domain binding motif ,LIG,"The non-canonical SH3-binding motif is recognized primarily by adaptor proteins CIN85 and CD2AP, which are involved in RTK regulation, endocytosis, lysosomal degradation, actin cytoskeleton dynamics regulation, and signal transduction",PF14604,SH3_9,Variant SH3 domain,P.[AP].PR,PQPAPR,469,474,SHKB1_MOUSE,Mus musculus,21830225,true positive,60,4,disordered
ELME000501,LIG_SH3_CIN85_PxpxPR_1,CIN85 and CD2AP SH3 domain binding motif ,LIG,"The non-canonical SH3-binding motif is recognized primarily by adaptor proteins CIN85 and CD2AP, which are involved in RTK regulation, endocytosis, lysosomal degradation, actin cytoskeleton dynamics regulation, and signal transduction",PF14604,SH3_9,Variant SH3 domain,P.[AP].PR,PQPAPR,469,474,SHKB1_RAT,Rattus norvegicus,11152963,true positive,60,4,disordered
ELME000501,LIG_SH3_CIN85_PxpxPR_1,CIN85 and CD2AP SH3 domain binding motif ,LIG,"The non-canonical SH3-binding motif is recognized primarily by adaptor proteins CIN85 and CD2AP, which are involved in RTK regulation, endocytosis, lysosomal degradation, actin cytoskeleton dynamics regulation, and signal transduction",PF14604,SH3_9,Variant SH3 domain,P.[AP].PR,PQPAPR,469,474,STAP1_MOUSE,Mus musculus,15090612,true positive,60,4,disordered
ELME000501,LIG_SH3_CIN85_PxpxPR_1,CIN85 and CD2AP SH3 domain binding motif ,LIG,"The non-canonical SH3-binding motif is recognized primarily by adaptor proteins CIN85 and CD2AP, which are involved in RTK regulation, endocytosis, lysosomal degradation, actin cytoskeleton dynamics regulation, and signal transduction",PF14604,SH3_9,Variant SH3 domain,P.[AP].PR,PQPAPR,469,474,SYNJ1_MOUSE,Mus musculus,12829691,true positive,60,4,disordered
ELME000501,LIG_SH3_CIN85_PxpxPR_1,CIN85 and CD2AP SH3 domain binding motif ,LIG,"The non-canonical SH3-binding motif is recognized primarily by adaptor proteins CIN85 and CD2AP, which are involved in RTK regulation, endocytosis, lysosomal degradation, actin cytoskeleton dynamics regulation, and signal transduction",PF14604,SH3_9,Variant SH3 domain,P.[AP].PR,PQPAPR,469,474,SYNJ2_RAT,Rattus norvegicus,15090612,true positive,60,4,disordered
ELME000501,LIG_SH3_CIN85_PxpxPR_1,CIN85 and CD2AP SH3 domain binding motif ,LIG,"The non-canonical SH3-binding motif is recognized primarily by adaptor proteins CIN85 and CD2AP, which are involved in RTK regulation, endocytosis, lysosomal degradation, actin cytoskeleton dynamics regulation, and signal transduction",PF14604,SH3_9,Variant SH3 domain,P.[AP].PR,PQPAPR,469,474,TTP_HUMAN,Homo sapiens,20221403,true positive,60,4,disordered
ELME000335,LIG_SUMO_SIM_anti_2,SUMO interaction site,LIG,Motif for the antiparallel beta augmentation mode of non-covalent binding to SUMO protein.,PF11976,Rad60-SLD,Ubiquitin-2 like Rad60 SUMO-like,"[DEST]{1,10}.{0,1}[VIL][DESTVILMA][VIL][VILM].[DEST]{0,5}",EEEEEDSISLLSD,375,387,CBX4_HUMAN,Homo sapiens,20176810,true positive,17,2,disordered
ELME000335,LIG_SUMO_SIM_anti_2,SUMO interaction site,LIG,Motif for the antiparallel beta augmentation mode of non-covalent binding to SUMO protein.,PF11976,Rad60-SLD,Ubiquitin-2 like Rad60 SUMO-like,"[DEST]{1,10}.{0,1}[VIL][DESTVILMA][VIL][VILM].[DEST]{0,5}",EEEEEDSISLLSD,375,387,CR025_HUMAN,Homo sapiens,16524884,true positive,17,2,disordered
ELME000335,LIG_SUMO_SIM_anti_2,SUMO interaction site,LIG,Motif for the antiparallel beta augmentation mode of non-covalent binding to SUMO protein.,PF11976,Rad60-SLD,Ubiquitin-2 like Rad60 SUMO-like,"[DEST]{1,10}.{0,1}[VIL][DESTVILMA][VIL][VILM].[DEST]{0,5}",EEEEEDSISLLSD,375,387,DAXX_HUMAN,Homo sapiens,17081986 21474068,true positive,17,2,disordered
ELME000335,LIG_SUMO_SIM_anti_2,SUMO interaction site,LIG,Motif for the antiparallel beta augmentation mode of non-covalent binding to SUMO protein.,PF11976,Rad60-SLD,Ubiquitin-2 like Rad60 SUMO-like,"[DEST]{1,10}.{0,1}[VIL][DESTVILMA][VIL][VILM].[DEST]{0,5}",EEEEEDSISLLSD,375,387,FIR1_YEAST,Saccharomyces cerevisiae S288c,15590687,true positive,17,2,disordered
ELME000335,LIG_SUMO_SIM_anti_2,SUMO interaction site,LIG,Motif for the antiparallel beta augmentation mode of non-covalent binding to SUMO protein.,PF11976,Rad60-SLD,Ubiquitin-2 like Rad60 SUMO-like,"[DEST]{1,10}.{0,1}[VIL][DESTVILMA][VIL][VILM].[DEST]{0,5}",EEEEEDSISLLSD,375,387,HIPK2_HUMAN,Homo sapiens,12565818 21192925,true positive,17,2,disordered
ELME000335,LIG_SUMO_SIM_anti_2,SUMO interaction site,LIG,Motif for the antiparallel beta augmentation mode of non-covalent binding to SUMO protein.,PF11976,Rad60-SLD,Ubiquitin-2 like Rad60 SUMO-like,"[DEST]{1,10}.{0,1}[VIL][DESTVILMA][VIL][VILM].[DEST]{0,5}",EEEEEDSISLLSD,375,387,PML_HUMAN,Homo sapiens,17081985,true positive,17,2,disordered
ELME000335,LIG_SUMO_SIM_anti_2,SUMO interaction site,LIG,Motif for the antiparallel beta augmentation mode of non-covalent binding to SUMO protein.,PF11976,Rad60-SLD,Ubiquitin-2 like Rad60 SUMO-like,"[DEST]{1,10}.{0,1}[VIL][DESTVILMA][VIL][VILM].[DEST]{0,5}",EEEEEDSISLLSD,375,387,RBP2_HUMAN,Homo sapiens,15388847 15931224 16524884,true positive,17,2,disordered
ELME000335,LIG_SUMO_SIM_anti_2,SUMO interaction site,LIG,Motif for the antiparallel beta augmentation mode of non-covalent binding to SUMO protein.,PF11976,Rad60-SLD,Ubiquitin-2 like Rad60 SUMO-like,"[DEST]{1,10}.{0,1}[VIL][DESTVILMA][VIL][VILM].[DEST]{0,5}",EEEEEDSISLLSD,375,387,RNF4_HUMAN,Homo sapiens,18408734,true positive,17,2,disordered
ELME000335,LIG_SUMO_SIM_anti_2,SUMO interaction site,LIG,Motif for the antiparallel beta augmentation mode of non-covalent binding to SUMO protein.,PF11976,Rad60-SLD,Ubiquitin-2 like Rad60 SUMO-like,"[DEST]{1,10}.{0,1}[VIL][DESTVILMA][VIL][VILM].[DEST]{0,5}",EEEEEDSISLLSD,375,387,SAE2_HUMAN,Homo sapiens,15388847 10961991,true positive,17,2,disordered
ELME000335,LIG_SUMO_SIM_anti_2,SUMO interaction site,LIG,Motif for the antiparallel beta augmentation mode of non-covalent binding to SUMO protein.,PF11976,Rad60-SLD,Ubiquitin-2 like Rad60 SUMO-like,"[DEST]{1,10}.{0,1}[VIL][DESTVILMA][VIL][VILM].[DEST]{0,5}",EEEEEDSISLLSD,375,387,SP100_HUMAN,Homo sapiens,16524884 18691969,true positive,17,2,disordered
ELME000335,LIG_SUMO_SIM_anti_2,SUMO interaction site,LIG,Motif for the antiparallel beta augmentation mode of non-covalent binding to SUMO protein.,PF11976,Rad60-SLD,Ubiquitin-2 like Rad60 SUMO-like,"[DEST]{1,10}.{0,1}[VIL][DESTVILMA][VIL][VILM].[DEST]{0,5}",EEEEEDSISLLSD,375,387,ULS1_YEAST,Saccharomyces cerevisiae S288c,15590687,true positive,17,2,disordered
ELME000335,LIG_SUMO_SIM_anti_2,SUMO interaction site,LIG,Motif for the antiparallel beta augmentation mode of non-covalent binding to SUMO protein.,PF11976,Rad60-SLD,Ubiquitin-2 like Rad60 SUMO-like,"[DEST]{1,10}.{0,1}[VIL][DESTVILMA][VIL][VILM].[DEST]{0,5}",EEEEEDSISLLSD,375,387,ZCH12_HUMAN,Homo sapiens,19416967,true positive,17,2,disordered
ELME000335,LIG_SUMO_SIM_anti_2,SUMO interaction site,LIG,Motif for the antiparallel beta augmentation mode of non-covalent binding to SUMO protein.,PF11976,Rad60-SLD,Ubiquitin-2 like Rad60 SUMO-like,"[DEST]{1,10}.{0,1}[VIL][DESTVILMA][VIL][VILM].[DEST]{0,5}",EEEEEDSISLLSD,375,387,ZCHC7_HUMAN,Homo sapiens,16524884,true positive,17,2,disordered
ELME000335,LIG_SUMO_SIM_anti_2,SUMO interaction site,LIG,Motif for the antiparallel beta augmentation mode of non-covalent binding to SUMO protein.,PF11976,Rad60-SLD,Ubiquitin-2 like Rad60 SUMO-like,"[DEST]{1,10}.{0,1}[VIL][DESTVILMA][VIL][VILM].[DEST]{0,5}",EEEEEDSISLLSD,375,387,ZN451_HUMAN,Homo sapiens,18656483,true positive,17,2,disordered
ELME000335,LIG_SUMO_SIM_anti_2,SUMO interaction site,LIG,Motif for the antiparallel beta augmentation mode of non-covalent binding to SUMO protein.,PF11976,Rad60-SLD,Ubiquitin-2 like Rad60 SUMO-like,"[DEST]{1,10}.{0,1}[VIL][DESTVILMA][VIL][VILM].[DEST]{0,5}",EEEEDSISLLSD,376,387,CBX4_HUMAN,Homo sapiens,20176810,true positive,17,2,disordered
ELME000335,LIG_SUMO_SIM_anti_2,SUMO interaction site,LIG,Motif for the antiparallel beta augmentation mode of non-covalent binding to SUMO protein.,PF11976,Rad60-SLD,Ubiquitin-2 like Rad60 SUMO-like,"[DEST]{1,10}.{0,1}[VIL][DESTVILMA][VIL][VILM].[DEST]{0,5}",EEEEDSISLLSD,376,387,CR025_HUMAN,Homo sapiens,16524884,true positive,17,2,disordered
ELME000335,LIG_SUMO_SIM_anti_2,SUMO interaction site,LIG,Motif for the antiparallel beta augmentation mode of non-covalent binding to SUMO protein.,PF11976,Rad60-SLD,Ubiquitin-2 like Rad60 SUMO-like,"[DEST]{1,10}.{0,1}[VIL][DESTVILMA][VIL][VILM].[DEST]{0,5}",EEEEDSISLLSD,376,387,DAXX_HUMAN,Homo sapiens,17081986 21474068,true positive,17,2,disordered
ELME000335,LIG_SUMO_SIM_anti_2,SUMO interaction site,LIG,Motif for the antiparallel beta augmentation mode of non-covalent binding to SUMO protein.,PF11976,Rad60-SLD,Ubiquitin-2 like Rad60 SUMO-like,"[DEST]{1,10}.{0,1}[VIL][DESTVILMA][VIL][VILM].[DEST]{0,5}",EEEEDSISLLSD,376,387,FIR1_YEAST,Saccharomyces cerevisiae S288c,15590687,true positive,17,2,disordered
ELME000335,LIG_SUMO_SIM_anti_2,SUMO interaction site,LIG,Motif for the antiparallel beta augmentation mode of non-covalent binding to SUMO protein.,PF11976,Rad60-SLD,Ubiquitin-2 like Rad60 SUMO-like,"[DEST]{1,10}.{0,1}[VIL][DESTVILMA][VIL][VILM].[DEST]{0,5}",EEEEDSISLLSD,376,387,HIPK2_HUMAN,Homo sapiens,12565818 21192925,true positive,17,2,disordered
ELME000335,LIG_SUMO_SIM_anti_2,SUMO interaction site,LIG,Motif for the antiparallel beta augmentation mode of non-covalent binding to SUMO protein.,PF11976,Rad60-SLD,Ubiquitin-2 like Rad60 SUMO-like,"[DEST]{1,10}.{0,1}[VIL][DESTVILMA][VIL][VILM].[DEST]{0,5}",EEEEDSISLLSD,376,387,PML_HUMAN,Homo sapiens,17081985,true positive,17,2,disordered
ELME000335,LIG_SUMO_SIM_anti_2,SUMO interaction site,LIG,Motif for the antiparallel beta augmentation mode of non-covalent binding to SUMO protein.,PF11976,Rad60-SLD,Ubiquitin-2 like Rad60 SUMO-like,"[DEST]{1,10}.{0,1}[VIL][DESTVILMA][VIL][VILM].[DEST]{0,5}",EEEEDSISLLSD,376,387,RBP2_HUMAN,Homo sapiens,15388847 15931224 16524884,true positive,17,2,disordered
ELME000335,LIG_SUMO_SIM_anti_2,SUMO interaction site,LIG,Motif for the antiparallel beta augmentation mode of non-covalent binding to SUMO protein.,PF11976,Rad60-SLD,Ubiquitin-2 like Rad60 SUMO-like,"[DEST]{1,10}.{0,1}[VIL][DESTVILMA][VIL][VILM].[DEST]{0,5}",EEEEDSISLLSD,376,387,RNF4_HUMAN,Homo sapiens,18408734,true positive,17,2,disordered
ELME000335,LIG_SUMO_SIM_anti_2,SUMO interaction site,LIG,Motif for the antiparallel beta augmentation mode of non-covalent binding to SUMO protein.,PF11976,Rad60-SLD,Ubiquitin-2 like Rad60 SUMO-like,"[DEST]{1,10}.{0,1}[VIL][DESTVILMA][VIL][VILM].[DEST]{0,5}",EEEEDSISLLSD,376,387,SAE2_HUMAN,Homo sapiens,15388847 10961991,true positive,17,2,disordered
ELME000335,LIG_SUMO_SIM_anti_2,SUMO interaction site,LIG,Motif for the antiparallel beta augmentation mode of non-covalent binding to SUMO protein.,PF11976,Rad60-SLD,Ubiquitin-2 like Rad60 SUMO-like,"[DEST]{1,10}.{0,1}[VIL][DESTVILMA][VIL][VILM].[DEST]{0,5}",EEEEDSISLLSD,376,387,SP100_HUMAN,Homo sapiens,16524884 18691969,true positive,17,2,disordered
ELME000335,LIG_SUMO_SIM_anti_2,SUMO interaction site,LIG,Motif for the antiparallel beta augmentation mode of non-covalent binding to SUMO protein.,PF11976,Rad60-SLD,Ubiquitin-2 like Rad60 SUMO-like,"[DEST]{1,10}.{0,1}[VIL][DESTVILMA][VIL][VILM].[DEST]{0,5}",EEEEDSISLLSD,376,387,ULS1_YEAST,Saccharomyces cerevisiae S288c,15590687,true positive,17,2,disordered
ELME000335,LIG_SUMO_SIM_anti_2,SUMO interaction site,LIG,Motif for the antiparallel beta augmentation mode of non-covalent binding to SUMO protein.,PF11976,Rad60-SLD,Ubiquitin-2 like Rad60 SUMO-like,"[DEST]{1,10}.{0,1}[VIL][DESTVILMA][VIL][VILM].[DEST]{0,5}",EEEEDSISLLSD,376,387,ZCH12_HUMAN,Homo sapiens,19416967,true positive,17,2,disordered
ELME000335,LIG_SUMO_SIM_anti_2,SUMO interaction site,LIG,Motif for the antiparallel beta augmentation mode of non-covalent binding to SUMO protein.,PF11976,Rad60-SLD,Ubiquitin-2 like Rad60 SUMO-like,"[DEST]{1,10}.{0,1}[VIL][DESTVILMA][VIL][VILM].[DEST]{0,5}",EEEEDSISLLSD,376,387,ZCHC7_HUMAN,Homo sapiens,16524884,true positive,17,2,disordered
ELME000335,LIG_SUMO_SIM_anti_2,SUMO interaction site,LIG,Motif for the antiparallel beta augmentation mode of non-covalent binding to SUMO protein.,PF11976,Rad60-SLD,Ubiquitin-2 like Rad60 SUMO-like,"[DEST]{1,10}.{0,1}[VIL][DESTVILMA][VIL][VILM].[DEST]{0,5}",EEEEDSISLLSD,376,387,ZN451_HUMAN,Homo sapiens,18656483,true positive,17,2,disordered
ELME000335,LIG_SUMO_SIM_anti_2,SUMO interaction site,LIG,Motif for the antiparallel beta augmentation mode of non-covalent binding to SUMO protein.,PF11976,Rad60-SLD,Ubiquitin-2 like Rad60 SUMO-like,"[DEST]{1,10}.{0,1}[VIL][DESTVILMA][VIL][VILM].[DEST]{0,5}",EEEDSISLLSD,377,387,CBX4_HUMAN,Homo sapiens,20176810,true positive,17,2,disordered
ELME000335,LIG_SUMO_SIM_anti_2,SUMO interaction site,LIG,Motif for the antiparallel beta augmentation mode of non-covalent binding to SUMO protein.,PF11976,Rad60-SLD,Ubiquitin-2 like Rad60 SUMO-like,"[DEST]{1,10}.{0,1}[VIL][DESTVILMA][VIL][VILM].[DEST]{0,5}",EEEDSISLLSD,377,387,CR025_HUMAN,Homo sapiens,16524884,true positive,17,2,disordered
ELME000335,LIG_SUMO_SIM_anti_2,SUMO interaction site,LIG,Motif for the antiparallel beta augmentation mode of non-covalent binding to SUMO protein.,PF11976,Rad60-SLD,Ubiquitin-2 like Rad60 SUMO-like,"[DEST]{1,10}.{0,1}[VIL][DESTVILMA][VIL][VILM].[DEST]{0,5}",EEEDSISLLSD,377,387,DAXX_HUMAN,Homo sapiens,17081986 21474068,true positive,17,2,disordered
ELME000335,LIG_SUMO_SIM_anti_2,SUMO interaction site,LIG,Motif for the antiparallel beta augmentation mode of non-covalent binding to SUMO protein.,PF11976,Rad60-SLD,Ubiquitin-2 like Rad60 SUMO-like,"[DEST]{1,10}.{0,1}[VIL][DESTVILMA][VIL][VILM].[DEST]{0,5}",EEEDSISLLSD,377,387,FIR1_YEAST,Saccharomyces cerevisiae S288c,15590687,true positive,17,2,disordered
ELME000335,LIG_SUMO_SIM_anti_2,SUMO interaction site,LIG,Motif for the antiparallel beta augmentation mode of non-covalent binding to SUMO protein.,PF11976,Rad60-SLD,Ubiquitin-2 like Rad60 SUMO-like,"[DEST]{1,10}.{0,1}[VIL][DESTVILMA][VIL][VILM].[DEST]{0,5}",EEEDSISLLSD,377,387,HIPK2_HUMAN,Homo sapiens,12565818 21192925,true positive,17,2,disordered
ELME000335,LIG_SUMO_SIM_anti_2,SUMO interaction site,LIG,Motif for the antiparallel beta augmentation mode of non-covalent binding to SUMO protein.,PF11976,Rad60-SLD,Ubiquitin-2 like Rad60 SUMO-like,"[DEST]{1,10}.{0,1}[VIL][DESTVILMA][VIL][VILM].[DEST]{0,5}",EEEDSISLLSD,377,387,PML_HUMAN,Homo sapiens,17081985,true positive,17,2,disordered
ELME000335,LIG_SUMO_SIM_anti_2,SUMO interaction site,LIG,Motif for the antiparallel beta augmentation mode of non-covalent binding to SUMO protein.,PF11976,Rad60-SLD,Ubiquitin-2 like Rad60 SUMO-like,"[DEST]{1,10}.{0,1}[VIL][DESTVILMA][VIL][VILM].[DEST]{0,5}",EEEDSISLLSD,377,387,RBP2_HUMAN,Homo sapiens,15388847 15931224 16524884,true positive,17,2,disordered
ELME000335,LIG_SUMO_SIM_anti_2,SUMO interaction site,LIG,Motif for the antiparallel beta augmentation mode of non-covalent binding to SUMO protein.,PF11976,Rad60-SLD,Ubiquitin-2 like Rad60 SUMO-like,"[DEST]{1,10}.{0,1}[VIL][DESTVILMA][VIL][VILM].[DEST]{0,5}",EEEDSISLLSD,377,387,RNF4_HUMAN,Homo sapiens,18408734,true positive,17,2,disordered
ELME000335,LIG_SUMO_SIM_anti_2,SUMO interaction site,LIG,Motif for the antiparallel beta augmentation mode of non-covalent binding to SUMO protein.,PF11976,Rad60-SLD,Ubiquitin-2 like Rad60 SUMO-like,"[DEST]{1,10}.{0,1}[VIL][DESTVILMA][VIL][VILM].[DEST]{0,5}",EEEDSISLLSD,377,387,SAE2_HUMAN,Homo sapiens,15388847 10961991,true positive,17,2,disordered
ELME000335,LIG_SUMO_SIM_anti_2,SUMO interaction site,LIG,Motif for the antiparallel beta augmentation mode of non-covalent binding to SUMO protein.,PF11976,Rad60-SLD,Ubiquitin-2 like Rad60 SUMO-like,"[DEST]{1,10}.{0,1}[VIL][DESTVILMA][VIL][VILM].[DEST]{0,5}",EEEDSISLLSD,377,387,SP100_HUMAN,Homo sapiens,16524884 18691969,true positive,17,2,disordered
ELME000335,LIG_SUMO_SIM_anti_2,SUMO interaction site,LIG,Motif for the antiparallel beta augmentation mode of non-covalent binding to SUMO protein.,PF11976,Rad60-SLD,Ubiquitin-2 like Rad60 SUMO-like,"[DEST]{1,10}.{0,1}[VIL][DESTVILMA][VIL][VILM].[DEST]{0,5}",EEEDSISLLSD,377,387,ULS1_YEAST,Saccharomyces cerevisiae S288c,15590687,true positive,17,2,disordered
ELME000335,LIG_SUMO_SIM_anti_2,SUMO interaction site,LIG,Motif for the antiparallel beta augmentation mode of non-covalent binding to SUMO protein.,PF11976,Rad60-SLD,Ubiquitin-2 like Rad60 SUMO-like,"[DEST]{1,10}.{0,1}[VIL][DESTVILMA][VIL][VILM].[DEST]{0,5}",EEEDSISLLSD,377,387,ZCH12_HUMAN,Homo sapiens,19416967,true positive,17,2,disordered
ELME000335,LIG_SUMO_SIM_anti_2,SUMO interaction site,LIG,Motif for the antiparallel beta augmentation mode of non-covalent binding to SUMO protein.,PF11976,Rad60-SLD,Ubiquitin-2 like Rad60 SUMO-like,"[DEST]{1,10}.{0,1}[VIL][DESTVILMA][VIL][VILM].[DEST]{0,5}",EEEDSISLLSD,377,387,ZCHC7_HUMAN,Homo sapiens,16524884,true positive,17,2,disordered
ELME000335,LIG_SUMO_SIM_anti_2,SUMO interaction site,LIG,Motif for the antiparallel beta augmentation mode of non-covalent binding to SUMO protein.,PF11976,Rad60-SLD,Ubiquitin-2 like Rad60 SUMO-like,"[DEST]{1,10}.{0,1}[VIL][DESTVILMA][VIL][VILM].[DEST]{0,5}",EEEDSISLLSD,377,387,ZN451_HUMAN,Homo sapiens,18656483,true positive,17,2,disordered
ELME000335,LIG_SUMO_SIM_anti_2,SUMO interaction site,LIG,Motif for the antiparallel beta augmentation mode of non-covalent binding to SUMO protein.,PF11976,Rad60-SLD,Ubiquitin-2 like Rad60 SUMO-like,"[DEST]{1,10}.{0,1}[VIL][DESTVILMA][VIL][VILM].[DEST]{0,5}",EEDSISLLSD,378,387,CBX4_HUMAN,Homo sapiens,20176810,true positive,17,2,disordered
ELME000335,LIG_SUMO_SIM_anti_2,SUMO interaction site,LIG,Motif for the antiparallel beta augmentation mode of non-covalent binding to SUMO protein.,PF11976,Rad60-SLD,Ubiquitin-2 like Rad60 SUMO-like,"[DEST]{1,10}.{0,1}[VIL][DESTVILMA][VIL][VILM].[DEST]{0,5}",EEDSISLLSD,378,387,CR025_HUMAN,Homo sapiens,16524884,true positive,17,2,disordered
ELME000335,LIG_SUMO_SIM_anti_2,SUMO interaction site,LIG,Motif for the antiparallel beta augmentation mode of non-covalent binding to SUMO protein.,PF11976,Rad60-SLD,Ubiquitin-2 like Rad60 SUMO-like,"[DEST]{1,10}.{0,1}[VIL][DESTVILMA][VIL][VILM].[DEST]{0,5}",EEDSISLLSD,378,387,DAXX_HUMAN,Homo sapiens,17081986 21474068,true positive,17,2,disordered
ELME000335,LIG_SUMO_SIM_anti_2,SUMO interaction site,LIG,Motif for the antiparallel beta augmentation mode of non-covalent binding to SUMO protein.,PF11976,Rad60-SLD,Ubiquitin-2 like Rad60 SUMO-like,"[DEST]{1,10}.{0,1}[VIL][DESTVILMA][VIL][VILM].[DEST]{0,5}",EEDSISLLSD,378,387,FIR1_YEAST,Saccharomyces cerevisiae S288c,15590687,true positive,17,2,disordered
ELME000335,LIG_SUMO_SIM_anti_2,SUMO interaction site,LIG,Motif for the antiparallel beta augmentation mode of non-covalent binding to SUMO protein.,PF11976,Rad60-SLD,Ubiquitin-2 like Rad60 SUMO-like,"[DEST]{1,10}.{0,1}[VIL][DESTVILMA][VIL][VILM].[DEST]{0,5}",EEDSISLLSD,378,387,HIPK2_HUMAN,Homo sapiens,12565818 21192925,true positive,17,2,disordered
ELME000335,LIG_SUMO_SIM_anti_2,SUMO interaction site,LIG,Motif for the antiparallel beta augmentation mode of non-covalent binding to SUMO protein.,PF11976,Rad60-SLD,Ubiquitin-2 like Rad60 SUMO-like,"[DEST]{1,10}.{0,1}[VIL][DESTVILMA][VIL][VILM].[DEST]{0,5}",EEDSISLLSD,378,387,PML_HUMAN,Homo sapiens,17081985,true positive,17,2,disordered
ELME000335,LIG_SUMO_SIM_anti_2,SUMO interaction site,LIG,Motif for the antiparallel beta augmentation mode of non-covalent binding to SUMO protein.,PF11976,Rad60-SLD,Ubiquitin-2 like Rad60 SUMO-like,"[DEST]{1,10}.{0,1}[VIL][DESTVILMA][VIL][VILM].[DEST]{0,5}",EEDSISLLSD,378,387,RBP2_HUMAN,Homo sapiens,15388847 15931224 16524884,true positive,17,2,disordered
ELME000335,LIG_SUMO_SIM_anti_2,SUMO interaction site,LIG,Motif for the antiparallel beta augmentation mode of non-covalent binding to SUMO protein.,PF11976,Rad60-SLD,Ubiquitin-2 like Rad60 SUMO-like,"[DEST]{1,10}.{0,1}[VIL][DESTVILMA][VIL][VILM].[DEST]{0,5}",EEDSISLLSD,378,387,RNF4_HUMAN,Homo sapiens,18408734,true positive,17,2,disordered
ELME000335,LIG_SUMO_SIM_anti_2,SUMO interaction site,LIG,Motif for the antiparallel beta augmentation mode of non-covalent binding to SUMO protein.,PF11976,Rad60-SLD,Ubiquitin-2 like Rad60 SUMO-like,"[DEST]{1,10}.{0,1}[VIL][DESTVILMA][VIL][VILM].[DEST]{0,5}",EEDSISLLSD,378,387,SAE2_HUMAN,Homo sapiens,15388847 10961991,true positive,17,2,disordered
ELME000335,LIG_SUMO_SIM_anti_2,SUMO interaction site,LIG,Motif for the antiparallel beta augmentation mode of non-covalent binding to SUMO protein.,PF11976,Rad60-SLD,Ubiquitin-2 like Rad60 SUMO-like,"[DEST]{1,10}.{0,1}[VIL][DESTVILMA][VIL][VILM].[DEST]{0,5}",EEDSISLLSD,378,387,SP100_HUMAN,Homo sapiens,16524884 18691969,true positive,17,2,disordered
ELME000335,LIG_SUMO_SIM_anti_2,SUMO interaction site,LIG,Motif for the antiparallel beta augmentation mode of non-covalent binding to SUMO protein.,PF11976,Rad60-SLD,Ubiquitin-2 like Rad60 SUMO-like,"[DEST]{1,10}.{0,1}[VIL][DESTVILMA][VIL][VILM].[DEST]{0,5}",EEDSISLLSD,378,387,ULS1_YEAST,Saccharomyces cerevisiae S288c,15590687,true positive,17,2,disordered
ELME000335,LIG_SUMO_SIM_anti_2,SUMO interaction site,LIG,Motif for the antiparallel beta augmentation mode of non-covalent binding to SUMO protein.,PF11976,Rad60-SLD,Ubiquitin-2 like Rad60 SUMO-like,"[DEST]{1,10}.{0,1}[VIL][DESTVILMA][VIL][VILM].[DEST]{0,5}",EEDSISLLSD,378,387,ZCH12_HUMAN,Homo sapiens,19416967,true positive,17,2,disordered
ELME000335,LIG_SUMO_SIM_anti_2,SUMO interaction site,LIG,Motif for the antiparallel beta augmentation mode of non-covalent binding to SUMO protein.,PF11976,Rad60-SLD,Ubiquitin-2 like Rad60 SUMO-like,"[DEST]{1,10}.{0,1}[VIL][DESTVILMA][VIL][VILM].[DEST]{0,5}",EEDSISLLSD,378,387,ZCHC7_HUMAN,Homo sapiens,16524884,true positive,17,2,disordered
ELME000335,LIG_SUMO_SIM_anti_2,SUMO interaction site,LIG,Motif for the antiparallel beta augmentation mode of non-covalent binding to SUMO protein.,PF11976,Rad60-SLD,Ubiquitin-2 like Rad60 SUMO-like,"[DEST]{1,10}.{0,1}[VIL][DESTVILMA][VIL][VILM].[DEST]{0,5}",EEDSISLLSD,378,387,ZN451_HUMAN,Homo sapiens,18656483,true positive,17,2,disordered
ELME000335,LIG_SUMO_SIM_anti_2,SUMO interaction site,LIG,Motif for the antiparallel beta augmentation mode of non-covalent binding to SUMO protein.,PF11976,Rad60-SLD,Ubiquitin-2 like Rad60 SUMO-like,"[DEST]{1,10}.{0,1}[VIL][DESTVILMA][VIL][VILM].[DEST]{0,5}",EDSISLLSD,379,387,CBX4_HUMAN,Homo sapiens,20176810,true positive,17,2,disordered
ELME000335,LIG_SUMO_SIM_anti_2,SUMO interaction site,LIG,Motif for the antiparallel beta augmentation mode of non-covalent binding to SUMO protein.,PF11976,Rad60-SLD,Ubiquitin-2 like Rad60 SUMO-like,"[DEST]{1,10}.{0,1}[VIL][DESTVILMA][VIL][VILM].[DEST]{0,5}",EDSISLLSD,379,387,CR025_HUMAN,Homo sapiens,16524884,true positive,17,2,disordered
ELME000335,LIG_SUMO_SIM_anti_2,SUMO interaction site,LIG,Motif for the antiparallel beta augmentation mode of non-covalent binding to SUMO protein.,PF11976,Rad60-SLD,Ubiquitin-2 like Rad60 SUMO-like,"[DEST]{1,10}.{0,1}[VIL][DESTVILMA][VIL][VILM].[DEST]{0,5}",EDSISLLSD,379,387,DAXX_HUMAN,Homo sapiens,17081986 21474068,true positive,17,2,disordered
ELME000335,LIG_SUMO_SIM_anti_2,SUMO interaction site,LIG,Motif for the antiparallel beta augmentation mode of non-covalent binding to SUMO protein.,PF11976,Rad60-SLD,Ubiquitin-2 like Rad60 SUMO-like,"[DEST]{1,10}.{0,1}[VIL][DESTVILMA][VIL][VILM].[DEST]{0,5}",EDSISLLSD,379,387,FIR1_YEAST,Saccharomyces cerevisiae S288c,15590687,true positive,17,2,disordered
ELME000335,LIG_SUMO_SIM_anti_2,SUMO interaction site,LIG,Motif for the antiparallel beta augmentation mode of non-covalent binding to SUMO protein.,PF11976,Rad60-SLD,Ubiquitin-2 like Rad60 SUMO-like,"[DEST]{1,10}.{0,1}[VIL][DESTVILMA][VIL][VILM].[DEST]{0,5}",EDSISLLSD,379,387,HIPK2_HUMAN,Homo sapiens,12565818 21192925,true positive,17,2,disordered
ELME000335,LIG_SUMO_SIM_anti_2,SUMO interaction site,LIG,Motif for the antiparallel beta augmentation mode of non-covalent binding to SUMO protein.,PF11976,Rad60-SLD,Ubiquitin-2 like Rad60 SUMO-like,"[DEST]{1,10}.{0,1}[VIL][DESTVILMA][VIL][VILM].[DEST]{0,5}",EDSISLLSD,379,387,PML_HUMAN,Homo sapiens,17081985,true positive,17,2,disordered
ELME000335,LIG_SUMO_SIM_anti_2,SUMO interaction site,LIG,Motif for the antiparallel beta augmentation mode of non-covalent binding to SUMO protein.,PF11976,Rad60-SLD,Ubiquitin-2 like Rad60 SUMO-like,"[DEST]{1,10}.{0,1}[VIL][DESTVILMA][VIL][VILM].[DEST]{0,5}",EDSISLLSD,379,387,RBP2_HUMAN,Homo sapiens,15388847 15931224 16524884,true positive,17,2,disordered
ELME000335,LIG_SUMO_SIM_anti_2,SUMO interaction site,LIG,Motif for the antiparallel beta augmentation mode of non-covalent binding to SUMO protein.,PF11976,Rad60-SLD,Ubiquitin-2 like Rad60 SUMO-like,"[DEST]{1,10}.{0,1}[VIL][DESTVILMA][VIL][VILM].[DEST]{0,5}",EDSISLLSD,379,387,RNF4_HUMAN,Homo sapiens,18408734,true positive,17,2,disordered
ELME000335,LIG_SUMO_SIM_anti_2,SUMO interaction site,LIG,Motif for the antiparallel beta augmentation mode of non-covalent binding to SUMO protein.,PF11976,Rad60-SLD,Ubiquitin-2 like Rad60 SUMO-like,"[DEST]{1,10}.{0,1}[VIL][DESTVILMA][VIL][VILM].[DEST]{0,5}",EDSISLLSD,379,387,SAE2_HUMAN,Homo sapiens,15388847 10961991,true positive,17,2,disordered
ELME000335,LIG_SUMO_SIM_anti_2,SUMO interaction site,LIG,Motif for the antiparallel beta augmentation mode of non-covalent binding to SUMO protein.,PF11976,Rad60-SLD,Ubiquitin-2 like Rad60 SUMO-like,"[DEST]{1,10}.{0,1}[VIL][DESTVILMA][VIL][VILM].[DEST]{0,5}",EDSISLLSD,379,387,SP100_HUMAN,Homo sapiens,16524884 18691969,true positive,17,2,disordered
ELME000335,LIG_SUMO_SIM_anti_2,SUMO interaction site,LIG,Motif for the antiparallel beta augmentation mode of non-covalent binding to SUMO protein.,PF11976,Rad60-SLD,Ubiquitin-2 like Rad60 SUMO-like,"[DEST]{1,10}.{0,1}[VIL][DESTVILMA][VIL][VILM].[DEST]{0,5}",EDSISLLSD,379,387,ULS1_YEAST,Saccharomyces cerevisiae S288c,15590687,true positive,17,2,disordered
ELME000335,LIG_SUMO_SIM_anti_2,SUMO interaction site,LIG,Motif for the antiparallel beta augmentation mode of non-covalent binding to SUMO protein.,PF11976,Rad60-SLD,Ubiquitin-2 like Rad60 SUMO-like,"[DEST]{1,10}.{0,1}[VIL][DESTVILMA][VIL][VILM].[DEST]{0,5}",EDSISLLSD,379,387,ZCH12_HUMAN,Homo sapiens,19416967,true positive,17,2,disordered
ELME000335,LIG_SUMO_SIM_anti_2,SUMO interaction site,LIG,Motif for the antiparallel beta augmentation mode of non-covalent binding to SUMO protein.,PF11976,Rad60-SLD,Ubiquitin-2 like Rad60 SUMO-like,"[DEST]{1,10}.{0,1}[VIL][DESTVILMA][VIL][VILM].[DEST]{0,5}",EDSISLLSD,379,387,ZCHC7_HUMAN,Homo sapiens,16524884,true positive,17,2,disordered
ELME000335,LIG_SUMO_SIM_anti_2,SUMO interaction site,LIG,Motif for the antiparallel beta augmentation mode of non-covalent binding to SUMO protein.,PF11976,Rad60-SLD,Ubiquitin-2 like Rad60 SUMO-like,"[DEST]{1,10}.{0,1}[VIL][DESTVILMA][VIL][VILM].[DEST]{0,5}",EDSISLLSD,379,387,ZN451_HUMAN,Homo sapiens,18656483,true positive,17,2,disordered
ELME000335,LIG_SUMO_SIM_anti_2,SUMO interaction site,LIG,Motif for the antiparallel beta augmentation mode of non-covalent binding to SUMO protein.,PF11976,Rad60-SLD,Ubiquitin-2 like Rad60 SUMO-like,"[DEST]{1,10}.{0,1}[VIL][DESTVILMA][VIL][VILM].[DEST]{0,5}",DSISLLSD,380,387,CBX4_HUMAN,Homo sapiens,20176810,true positive,17,2,disordered
ELME000335,LIG_SUMO_SIM_anti_2,SUMO interaction site,LIG,Motif for the antiparallel beta augmentation mode of non-covalent binding to SUMO protein.,PF11976,Rad60-SLD,Ubiquitin-2 like Rad60 SUMO-like,"[DEST]{1,10}.{0,1}[VIL][DESTVILMA][VIL][VILM].[DEST]{0,5}",DSISLLSD,380,387,CR025_HUMAN,Homo sapiens,16524884,true positive,17,2,disordered
ELME000335,LIG_SUMO_SIM_anti_2,SUMO interaction site,LIG,Motif for the antiparallel beta augmentation mode of non-covalent binding to SUMO protein.,PF11976,Rad60-SLD,Ubiquitin-2 like Rad60 SUMO-like,"[DEST]{1,10}.{0,1}[VIL][DESTVILMA][VIL][VILM].[DEST]{0,5}",DSISLLSD,380,387,DAXX_HUMAN,Homo sapiens,17081986 21474068,true positive,17,2,disordered
ELME000335,LIG_SUMO_SIM_anti_2,SUMO interaction site,LIG,Motif for the antiparallel beta augmentation mode of non-covalent binding to SUMO protein.,PF11976,Rad60-SLD,Ubiquitin-2 like Rad60 SUMO-like,"[DEST]{1,10}.{0,1}[VIL][DESTVILMA][VIL][VILM].[DEST]{0,5}",DSISLLSD,380,387,FIR1_YEAST,Saccharomyces cerevisiae S288c,15590687,true positive,17,2,disordered
ELME000335,LIG_SUMO_SIM_anti_2,SUMO interaction site,LIG,Motif for the antiparallel beta augmentation mode of non-covalent binding to SUMO protein.,PF11976,Rad60-SLD,Ubiquitin-2 like Rad60 SUMO-like,"[DEST]{1,10}.{0,1}[VIL][DESTVILMA][VIL][VILM].[DEST]{0,5}",DSISLLSD,380,387,HIPK2_HUMAN,Homo sapiens,12565818 21192925,true positive,17,2,disordered
ELME000335,LIG_SUMO_SIM_anti_2,SUMO interaction site,LIG,Motif for the antiparallel beta augmentation mode of non-covalent binding to SUMO protein.,PF11976,Rad60-SLD,Ubiquitin-2 like Rad60 SUMO-like,"[DEST]{1,10}.{0,1}[VIL][DESTVILMA][VIL][VILM].[DEST]{0,5}",DSISLLSD,380,387,PML_HUMAN,Homo sapiens,17081985,true positive,17,2,disordered
ELME000335,LIG_SUMO_SIM_anti_2,SUMO interaction site,LIG,Motif for the antiparallel beta augmentation mode of non-covalent binding to SUMO protein.,PF11976,Rad60-SLD,Ubiquitin-2 like Rad60 SUMO-like,"[DEST]{1,10}.{0,1}[VIL][DESTVILMA][VIL][VILM].[DEST]{0,5}",DSISLLSD,380,387,RBP2_HUMAN,Homo sapiens,15388847 15931224 16524884,true positive,17,2,disordered
ELME000335,LIG_SUMO_SIM_anti_2,SUMO interaction site,LIG,Motif for the antiparallel beta augmentation mode of non-covalent binding to SUMO protein.,PF11976,Rad60-SLD,Ubiquitin-2 like Rad60 SUMO-like,"[DEST]{1,10}.{0,1}[VIL][DESTVILMA][VIL][VILM].[DEST]{0,5}",DSISLLSD,380,387,RNF4_HUMAN,Homo sapiens,18408734,true positive,17,2,disordered
ELME000335,LIG_SUMO_SIM_anti_2,SUMO interaction site,LIG,Motif for the antiparallel beta augmentation mode of non-covalent binding to SUMO protein.,PF11976,Rad60-SLD,Ubiquitin-2 like Rad60 SUMO-like,"[DEST]{1,10}.{0,1}[VIL][DESTVILMA][VIL][VILM].[DEST]{0,5}",DSISLLSD,380,387,SAE2_HUMAN,Homo sapiens,15388847 10961991,true positive,17,2,disordered
ELME000335,LIG_SUMO_SIM_anti_2,SUMO interaction site,LIG,Motif for the antiparallel beta augmentation mode of non-covalent binding to SUMO protein.,PF11976,Rad60-SLD,Ubiquitin-2 like Rad60 SUMO-like,"[DEST]{1,10}.{0,1}[VIL][DESTVILMA][VIL][VILM].[DEST]{0,5}",DSISLLSD,380,387,SP100_HUMAN,Homo sapiens,16524884 18691969,true positive,17,2,disordered
ELME000335,LIG_SUMO_SIM_anti_2,SUMO interaction site,LIG,Motif for the antiparallel beta augmentation mode of non-covalent binding to SUMO protein.,PF11976,Rad60-SLD,Ubiquitin-2 like Rad60 SUMO-like,"[DEST]{1,10}.{0,1}[VIL][DESTVILMA][VIL][VILM].[DEST]{0,5}",DSISLLSD,380,387,ULS1_YEAST,Saccharomyces cerevisiae S288c,15590687,true positive,17,2,disordered
ELME000335,LIG_SUMO_SIM_anti_2,SUMO interaction site,LIG,Motif for the antiparallel beta augmentation mode of non-covalent binding to SUMO protein.,PF11976,Rad60-SLD,Ubiquitin-2 like Rad60 SUMO-like,"[DEST]{1,10}.{0,1}[VIL][DESTVILMA][VIL][VILM].[DEST]{0,5}",DSISLLSD,380,387,ZCH12_HUMAN,Homo sapiens,19416967,true positive,17,2,disordered
ELME000335,LIG_SUMO_SIM_anti_2,SUMO interaction site,LIG,Motif for the antiparallel beta augmentation mode of non-covalent binding to SUMO protein.,PF11976,Rad60-SLD,Ubiquitin-2 like Rad60 SUMO-like,"[DEST]{1,10}.{0,1}[VIL][DESTVILMA][VIL][VILM].[DEST]{0,5}",DSISLLSD,380,387,ZCHC7_HUMAN,Homo sapiens,16524884,true positive,17,2,disordered
ELME000335,LIG_SUMO_SIM_anti_2,SUMO interaction site,LIG,Motif for the antiparallel beta augmentation mode of non-covalent binding to SUMO protein.,PF11976,Rad60-SLD,Ubiquitin-2 like Rad60 SUMO-like,"[DEST]{1,10}.{0,1}[VIL][DESTVILMA][VIL][VILM].[DEST]{0,5}",DSISLLSD,380,387,ZN451_HUMAN,Homo sapiens,18656483,true positive,17,2,disordered
ELME000335,LIG_SUMO_SIM_anti_2,SUMO interaction site,LIG,Motif for the antiparallel beta augmentation mode of non-covalent binding to SUMO protein.,PF11976,Rad60-SLD,Ubiquitin-2 like Rad60 SUMO-like,"[DEST]{1,10}.{0,1}[VIL][DESTVILMA][VIL][VILM].[DEST]{0,5}",SISLLSD,381,387,CBX4_HUMAN,Homo sapiens,20176810,true positive,17,2,disordered
ELME000335,LIG_SUMO_SIM_anti_2,SUMO interaction site,LIG,Motif for the antiparallel beta augmentation mode of non-covalent binding to SUMO protein.,PF11976,Rad60-SLD,Ubiquitin-2 like Rad60 SUMO-like,"[DEST]{1,10}.{0,1}[VIL][DESTVILMA][VIL][VILM].[DEST]{0,5}",SISLLSD,381,387,CR025_HUMAN,Homo sapiens,16524884,true positive,17,2,disordered
ELME000335,LIG_SUMO_SIM_anti_2,SUMO interaction site,LIG,Motif for the antiparallel beta augmentation mode of non-covalent binding to SUMO protein.,PF11976,Rad60-SLD,Ubiquitin-2 like Rad60 SUMO-like,"[DEST]{1,10}.{0,1}[VIL][DESTVILMA][VIL][VILM].[DEST]{0,5}",SISLLSD,381,387,DAXX_HUMAN,Homo sapiens,17081986 21474068,true positive,17,2,disordered
ELME000335,LIG_SUMO_SIM_anti_2,SUMO interaction site,LIG,Motif for the antiparallel beta augmentation mode of non-covalent binding to SUMO protein.,PF11976,Rad60-SLD,Ubiquitin-2 like Rad60 SUMO-like,"[DEST]{1,10}.{0,1}[VIL][DESTVILMA][VIL][VILM].[DEST]{0,5}",SISLLSD,381,387,FIR1_YEAST,Saccharomyces cerevisiae S288c,15590687,true positive,17,2,disordered
ELME000335,LIG_SUMO_SIM_anti_2,SUMO interaction site,LIG,Motif for the antiparallel beta augmentation mode of non-covalent binding to SUMO protein.,PF11976,Rad60-SLD,Ubiquitin-2 like Rad60 SUMO-like,"[DEST]{1,10}.{0,1}[VIL][DESTVILMA][VIL][VILM].[DEST]{0,5}",SISLLSD,381,387,HIPK2_HUMAN,Homo sapiens,12565818 21192925,true positive,17,2,disordered
ELME000335,LIG_SUMO_SIM_anti_2,SUMO interaction site,LIG,Motif for the antiparallel beta augmentation mode of non-covalent binding to SUMO protein.,PF11976,Rad60-SLD,Ubiquitin-2 like Rad60 SUMO-like,"[DEST]{1,10}.{0,1}[VIL][DESTVILMA][VIL][VILM].[DEST]{0,5}",SISLLSD,381,387,PML_HUMAN,Homo sapiens,17081985,true positive,17,2,disordered
ELME000335,LIG_SUMO_SIM_anti_2,SUMO interaction site,LIG,Motif for the antiparallel beta augmentation mode of non-covalent binding to SUMO protein.,PF11976,Rad60-SLD,Ubiquitin-2 like Rad60 SUMO-like,"[DEST]{1,10}.{0,1}[VIL][DESTVILMA][VIL][VILM].[DEST]{0,5}",SISLLSD,381,387,RBP2_HUMAN,Homo sapiens,15388847 15931224 16524884,true positive,17,2,disordered
ELME000335,LIG_SUMO_SIM_anti_2,SUMO interaction site,LIG,Motif for the antiparallel beta augmentation mode of non-covalent binding to SUMO protein.,PF11976,Rad60-SLD,Ubiquitin-2 like Rad60 SUMO-like,"[DEST]{1,10}.{0,1}[VIL][DESTVILMA][VIL][VILM].[DEST]{0,5}",SISLLSD,381,387,RNF4_HUMAN,Homo sapiens,18408734,true positive,17,2,disordered
ELME000335,LIG_SUMO_SIM_anti_2,SUMO interaction site,LIG,Motif for the antiparallel beta augmentation mode of non-covalent binding to SUMO protein.,PF11976,Rad60-SLD,Ubiquitin-2 like Rad60 SUMO-like,"[DEST]{1,10}.{0,1}[VIL][DESTVILMA][VIL][VILM].[DEST]{0,5}",SISLLSD,381,387,SAE2_HUMAN,Homo sapiens,15388847 10961991,true positive,17,2,disordered
ELME000335,LIG_SUMO_SIM_anti_2,SUMO interaction site,LIG,Motif for the antiparallel beta augmentation mode of non-covalent binding to SUMO protein.,PF11976,Rad60-SLD,Ubiquitin-2 like Rad60 SUMO-like,"[DEST]{1,10}.{0,1}[VIL][DESTVILMA][VIL][VILM].[DEST]{0,5}",SISLLSD,381,387,SP100_HUMAN,Homo sapiens,16524884 18691969,true positive,17,2,disordered
ELME000335,LIG_SUMO_SIM_anti_2,SUMO interaction site,LIG,Motif for the antiparallel beta augmentation mode of non-covalent binding to SUMO protein.,PF11976,Rad60-SLD,Ubiquitin-2 like Rad60 SUMO-like,"[DEST]{1,10}.{0,1}[VIL][DESTVILMA][VIL][VILM].[DEST]{0,5}",SISLLSD,381,387,ULS1_YEAST,Saccharomyces cerevisiae S288c,15590687,true positive,17,2,disordered
ELME000335,LIG_SUMO_SIM_anti_2,SUMO interaction site,LIG,Motif for the antiparallel beta augmentation mode of non-covalent binding to SUMO protein.,PF11976,Rad60-SLD,Ubiquitin-2 like Rad60 SUMO-like,"[DEST]{1,10}.{0,1}[VIL][DESTVILMA][VIL][VILM].[DEST]{0,5}",SISLLSD,381,387,ZCH12_HUMAN,Homo sapiens,19416967,true positive,17,2,disordered
ELME000335,LIG_SUMO_SIM_anti_2,SUMO interaction site,LIG,Motif for the antiparallel beta augmentation mode of non-covalent binding to SUMO protein.,PF11976,Rad60-SLD,Ubiquitin-2 like Rad60 SUMO-like,"[DEST]{1,10}.{0,1}[VIL][DESTVILMA][VIL][VILM].[DEST]{0,5}",SISLLSD,381,387,ZCHC7_HUMAN,Homo sapiens,16524884,true positive,17,2,disordered
ELME000335,LIG_SUMO_SIM_anti_2,SUMO interaction site,LIG,Motif for the antiparallel beta augmentation mode of non-covalent binding to SUMO protein.,PF11976,Rad60-SLD,Ubiquitin-2 like Rad60 SUMO-like,"[DEST]{1,10}.{0,1}[VIL][DESTVILMA][VIL][VILM].[DEST]{0,5}",SISLLSD,381,387,ZN451_HUMAN,Homo sapiens,18656483,true positive,17,2,disordered
ELME000335,LIG_SUMO_SIM_anti_2,SUMO interaction site,LIG,Motif for the antiparallel beta augmentation mode of non-covalent binding to SUMO protein.,PF11976,Rad60-SLD,Ubiquitin-2 like Rad60 SUMO-like,"[DEST]{1,10}.{0,1}[VIL][DESTVILMA][VIL][VILM].[DEST]{0,5}",DSLSILDT,421,428,CBX4_HUMAN,Homo sapiens,20176810,true positive,17,2,inbetween
ELME000335,LIG_SUMO_SIM_anti_2,SUMO interaction site,LIG,Motif for the antiparallel beta augmentation mode of non-covalent binding to SUMO protein.,PF11976,Rad60-SLD,Ubiquitin-2 like Rad60 SUMO-like,"[DEST]{1,10}.{0,1}[VIL][DESTVILMA][VIL][VILM].[DEST]{0,5}",DSLSILDT,421,428,CR025_HUMAN,Homo sapiens,16524884,true positive,17,2,inbetween
ELME000335,LIG_SUMO_SIM_anti_2,SUMO interaction site,LIG,Motif for the antiparallel beta augmentation mode of non-covalent binding to SUMO protein.,PF11976,Rad60-SLD,Ubiquitin-2 like Rad60 SUMO-like,"[DEST]{1,10}.{0,1}[VIL][DESTVILMA][VIL][VILM].[DEST]{0,5}",DSLSILDT,421,428,DAXX_HUMAN,Homo sapiens,17081986 21474068,true positive,17,2,inbetween
ELME000335,LIG_SUMO_SIM_anti_2,SUMO interaction site,LIG,Motif for the antiparallel beta augmentation mode of non-covalent binding to SUMO protein.,PF11976,Rad60-SLD,Ubiquitin-2 like Rad60 SUMO-like,"[DEST]{1,10}.{0,1}[VIL][DESTVILMA][VIL][VILM].[DEST]{0,5}",DSLSILDT,421,428,FIR1_YEAST,Saccharomyces cerevisiae S288c,15590687,true positive,17,2,inbetween
ELME000335,LIG_SUMO_SIM_anti_2,SUMO interaction site,LIG,Motif for the antiparallel beta augmentation mode of non-covalent binding to SUMO protein.,PF11976,Rad60-SLD,Ubiquitin-2 like Rad60 SUMO-like,"[DEST]{1,10}.{0,1}[VIL][DESTVILMA][VIL][VILM].[DEST]{0,5}",DSLSILDT,421,428,HIPK2_HUMAN,Homo sapiens,12565818 21192925,true positive,17,2,inbetween
ELME000335,LIG_SUMO_SIM_anti_2,SUMO interaction site,LIG,Motif for the antiparallel beta augmentation mode of non-covalent binding to SUMO protein.,PF11976,Rad60-SLD,Ubiquitin-2 like Rad60 SUMO-like,"[DEST]{1,10}.{0,1}[VIL][DESTVILMA][VIL][VILM].[DEST]{0,5}",DSLSILDT,421,428,PML_HUMAN,Homo sapiens,17081985,true positive,17,2,inbetween
ELME000335,LIG_SUMO_SIM_anti_2,SUMO interaction site,LIG,Motif for the antiparallel beta augmentation mode of non-covalent binding to SUMO protein.,PF11976,Rad60-SLD,Ubiquitin-2 like Rad60 SUMO-like,"[DEST]{1,10}.{0,1}[VIL][DESTVILMA][VIL][VILM].[DEST]{0,5}",DSLSILDT,421,428,RBP2_HUMAN,Homo sapiens,15388847 15931224 16524884,true positive,17,2,inbetween
ELME000335,LIG_SUMO_SIM_anti_2,SUMO interaction site,LIG,Motif for the antiparallel beta augmentation mode of non-covalent binding to SUMO protein.,PF11976,Rad60-SLD,Ubiquitin-2 like Rad60 SUMO-like,"[DEST]{1,10}.{0,1}[VIL][DESTVILMA][VIL][VILM].[DEST]{0,5}",DSLSILDT,421,428,RNF4_HUMAN,Homo sapiens,18408734,true positive,17,2,inbetween
ELME000335,LIG_SUMO_SIM_anti_2,SUMO interaction site,LIG,Motif for the antiparallel beta augmentation mode of non-covalent binding to SUMO protein.,PF11976,Rad60-SLD,Ubiquitin-2 like Rad60 SUMO-like,"[DEST]{1,10}.{0,1}[VIL][DESTVILMA][VIL][VILM].[DEST]{0,5}",DSLSILDT,421,428,SAE2_HUMAN,Homo sapiens,15388847 10961991,true positive,17,2,inbetween
ELME000335,LIG_SUMO_SIM_anti_2,SUMO interaction site,LIG,Motif for the antiparallel beta augmentation mode of non-covalent binding to SUMO protein.,PF11976,Rad60-SLD,Ubiquitin-2 like Rad60 SUMO-like,"[DEST]{1,10}.{0,1}[VIL][DESTVILMA][VIL][VILM].[DEST]{0,5}",DSLSILDT,421,428,SP100_HUMAN,Homo sapiens,16524884 18691969,true positive,17,2,inbetween
ELME000335,LIG_SUMO_SIM_anti_2,SUMO interaction site,LIG,Motif for the antiparallel beta augmentation mode of non-covalent binding to SUMO protein.,PF11976,Rad60-SLD,Ubiquitin-2 like Rad60 SUMO-like,"[DEST]{1,10}.{0,1}[VIL][DESTVILMA][VIL][VILM].[DEST]{0,5}",DSLSILDT,421,428,ULS1_YEAST,Saccharomyces cerevisiae S288c,15590687,true positive,17,2,inbetween
ELME000335,LIG_SUMO_SIM_anti_2,SUMO interaction site,LIG,Motif for the antiparallel beta augmentation mode of non-covalent binding to SUMO protein.,PF11976,Rad60-SLD,Ubiquitin-2 like Rad60 SUMO-like,"[DEST]{1,10}.{0,1}[VIL][DESTVILMA][VIL][VILM].[DEST]{0,5}",DSLSILDT,421,428,ZCH12_HUMAN,Homo sapiens,19416967,true positive,17,2,inbetween
ELME000335,LIG_SUMO_SIM_anti_2,SUMO interaction site,LIG,Motif for the antiparallel beta augmentation mode of non-covalent binding to SUMO protein.,PF11976,Rad60-SLD,Ubiquitin-2 like Rad60 SUMO-like,"[DEST]{1,10}.{0,1}[VIL][DESTVILMA][VIL][VILM].[DEST]{0,5}",DSLSILDT,421,428,ZCHC7_HUMAN,Homo sapiens,16524884,true positive,17,2,inbetween
ELME000335,LIG_SUMO_SIM_anti_2,SUMO interaction site,LIG,Motif for the antiparallel beta augmentation mode of non-covalent binding to SUMO protein.,PF11976,Rad60-SLD,Ubiquitin-2 like Rad60 SUMO-like,"[DEST]{1,10}.{0,1}[VIL][DESTVILMA][VIL][VILM].[DEST]{0,5}",DSLSILDT,421,428,ZN451_HUMAN,Homo sapiens,18656483,true positive,17,2,inbetween
ELME000335,LIG_SUMO_SIM_anti_2,SUMO interaction site,LIG,Motif for the antiparallel beta augmentation mode of non-covalent binding to SUMO protein.,PF11976,Rad60-SLD,Ubiquitin-2 like Rad60 SUMO-like,"[DEST]{1,10}.{0,1}[VIL][DESTVILMA][VIL][VILM].[DEST]{0,5}",SLSILDT,422,428,CBX4_HUMAN,Homo sapiens,20176810,true positive,17,2,disordered
ELME000335,LIG_SUMO_SIM_anti_2,SUMO interaction site,LIG,Motif for the antiparallel beta augmentation mode of non-covalent binding to SUMO protein.,PF11976,Rad60-SLD,Ubiquitin-2 like Rad60 SUMO-like,"[DEST]{1,10}.{0,1}[VIL][DESTVILMA][VIL][VILM].[DEST]{0,5}",SLSILDT,422,428,CR025_HUMAN,Homo sapiens,16524884,true positive,17,2,disordered
ELME000335,LIG_SUMO_SIM_anti_2,SUMO interaction site,LIG,Motif for the antiparallel beta augmentation mode of non-covalent binding to SUMO protein.,PF11976,Rad60-SLD,Ubiquitin-2 like Rad60 SUMO-like,"[DEST]{1,10}.{0,1}[VIL][DESTVILMA][VIL][VILM].[DEST]{0,5}",SLSILDT,422,428,DAXX_HUMAN,Homo sapiens,17081986 21474068,true positive,17,2,disordered
ELME000335,LIG_SUMO_SIM_anti_2,SUMO interaction site,LIG,Motif for the antiparallel beta augmentation mode of non-covalent binding to SUMO protein.,PF11976,Rad60-SLD,Ubiquitin-2 like Rad60 SUMO-like,"[DEST]{1,10}.{0,1}[VIL][DESTVILMA][VIL][VILM].[DEST]{0,5}",SLSILDT,422,428,FIR1_YEAST,Saccharomyces cerevisiae S288c,15590687,true positive,17,2,disordered
ELME000335,LIG_SUMO_SIM_anti_2,SUMO interaction site,LIG,Motif for the antiparallel beta augmentation mode of non-covalent binding to SUMO protein.,PF11976,Rad60-SLD,Ubiquitin-2 like Rad60 SUMO-like,"[DEST]{1,10}.{0,1}[VIL][DESTVILMA][VIL][VILM].[DEST]{0,5}",SLSILDT,422,428,HIPK2_HUMAN,Homo sapiens,12565818 21192925,true positive,17,2,disordered
ELME000335,LIG_SUMO_SIM_anti_2,SUMO interaction site,LIG,Motif for the antiparallel beta augmentation mode of non-covalent binding to SUMO protein.,PF11976,Rad60-SLD,Ubiquitin-2 like Rad60 SUMO-like,"[DEST]{1,10}.{0,1}[VIL][DESTVILMA][VIL][VILM].[DEST]{0,5}",SLSILDT,422,428,PML_HUMAN,Homo sapiens,17081985,true positive,17,2,disordered
ELME000335,LIG_SUMO_SIM_anti_2,SUMO interaction site,LIG,Motif for the antiparallel beta augmentation mode of non-covalent binding to SUMO protein.,PF11976,Rad60-SLD,Ubiquitin-2 like Rad60 SUMO-like,"[DEST]{1,10}.{0,1}[VIL][DESTVILMA][VIL][VILM].[DEST]{0,5}",SLSILDT,422,428,RBP2_HUMAN,Homo sapiens,15388847 15931224 16524884,true positive,17,2,disordered
ELME000335,LIG_SUMO_SIM_anti_2,SUMO interaction site,LIG,Motif for the antiparallel beta augmentation mode of non-covalent binding to SUMO protein.,PF11976,Rad60-SLD,Ubiquitin-2 like Rad60 SUMO-like,"[DEST]{1,10}.{0,1}[VIL][DESTVILMA][VIL][VILM].[DEST]{0,5}",SLSILDT,422,428,RNF4_HUMAN,Homo sapiens,18408734,true positive,17,2,disordered
ELME000335,LIG_SUMO_SIM_anti_2,SUMO interaction site,LIG,Motif for the antiparallel beta augmentation mode of non-covalent binding to SUMO protein.,PF11976,Rad60-SLD,Ubiquitin-2 like Rad60 SUMO-like,"[DEST]{1,10}.{0,1}[VIL][DESTVILMA][VIL][VILM].[DEST]{0,5}",SLSILDT,422,428,SAE2_HUMAN,Homo sapiens,15388847 10961991,true positive,17,2,disordered
ELME000335,LIG_SUMO_SIM_anti_2,SUMO interaction site,LIG,Motif for the antiparallel beta augmentation mode of non-covalent binding to SUMO protein.,PF11976,Rad60-SLD,Ubiquitin-2 like Rad60 SUMO-like,"[DEST]{1,10}.{0,1}[VIL][DESTVILMA][VIL][VILM].[DEST]{0,5}",SLSILDT,422,428,SP100_HUMAN,Homo sapiens,16524884 18691969,true positive,17,2,disordered
ELME000335,LIG_SUMO_SIM_anti_2,SUMO interaction site,LIG,Motif for the antiparallel beta augmentation mode of non-covalent binding to SUMO protein.,PF11976,Rad60-SLD,Ubiquitin-2 like Rad60 SUMO-like,"[DEST]{1,10}.{0,1}[VIL][DESTVILMA][VIL][VILM].[DEST]{0,5}",SLSILDT,422,428,ULS1_YEAST,Saccharomyces cerevisiae S288c,15590687,true positive,17,2,disordered
ELME000335,LIG_SUMO_SIM_anti_2,SUMO interaction site,LIG,Motif for the antiparallel beta augmentation mode of non-covalent binding to SUMO protein.,PF11976,Rad60-SLD,Ubiquitin-2 like Rad60 SUMO-like,"[DEST]{1,10}.{0,1}[VIL][DESTVILMA][VIL][VILM].[DEST]{0,5}",SLSILDT,422,428,ZCH12_HUMAN,Homo sapiens,19416967,true positive,17,2,disordered
ELME000335,LIG_SUMO_SIM_anti_2,SUMO interaction site,LIG,Motif for the antiparallel beta augmentation mode of non-covalent binding to SUMO protein.,PF11976,Rad60-SLD,Ubiquitin-2 like Rad60 SUMO-like,"[DEST]{1,10}.{0,1}[VIL][DESTVILMA][VIL][VILM].[DEST]{0,5}",SLSILDT,422,428,ZCHC7_HUMAN,Homo sapiens,16524884,true positive,17,2,disordered
ELME000335,LIG_SUMO_SIM_anti_2,SUMO interaction site,LIG,Motif for the antiparallel beta augmentation mode of non-covalent binding to SUMO protein.,PF11976,Rad60-SLD,Ubiquitin-2 like Rad60 SUMO-like,"[DEST]{1,10}.{0,1}[VIL][DESTVILMA][VIL][VILM].[DEST]{0,5}",SLSILDT,422,428,ZN451_HUMAN,Homo sapiens,18656483,true positive,17,2,disordered
ELME000335,LIG_SUMO_SIM_anti_2,SUMO interaction site,LIG,Motif for the antiparallel beta augmentation mode of non-covalent binding to SUMO protein.,PF11976,Rad60-SLD,Ubiquitin-2 like Rad60 SUMO-like,"[DEST]{1,10}.{0,1}[VIL][DESTVILMA][VIL][VILM].[DEST]{0,5}",SSRISLVS,485,492,CBX4_HUMAN,Homo sapiens,20176810,true positive,17,2,disordered
ELME000335,LIG_SUMO_SIM_anti_2,SUMO interaction site,LIG,Motif for the antiparallel beta augmentation mode of non-covalent binding to SUMO protein.,PF11976,Rad60-SLD,Ubiquitin-2 like Rad60 SUMO-like,"[DEST]{1,10}.{0,1}[VIL][DESTVILMA][VIL][VILM].[DEST]{0,5}",SSRISLVS,485,492,CR025_HUMAN,Homo sapiens,16524884,true positive,17,2,disordered
ELME000335,LIG_SUMO_SIM_anti_2,SUMO interaction site,LIG,Motif for the antiparallel beta augmentation mode of non-covalent binding to SUMO protein.,PF11976,Rad60-SLD,Ubiquitin-2 like Rad60 SUMO-like,"[DEST]{1,10}.{0,1}[VIL][DESTVILMA][VIL][VILM].[DEST]{0,5}",SSRISLVS,485,492,DAXX_HUMAN,Homo sapiens,17081986 21474068,true positive,17,2,disordered
ELME000335,LIG_SUMO_SIM_anti_2,SUMO interaction site,LIG,Motif for the antiparallel beta augmentation mode of non-covalent binding to SUMO protein.,PF11976,Rad60-SLD,Ubiquitin-2 like Rad60 SUMO-like,"[DEST]{1,10}.{0,1}[VIL][DESTVILMA][VIL][VILM].[DEST]{0,5}",SSRISLVS,485,492,FIR1_YEAST,Saccharomyces cerevisiae S288c,15590687,true positive,17,2,disordered
ELME000335,LIG_SUMO_SIM_anti_2,SUMO interaction site,LIG,Motif for the antiparallel beta augmentation mode of non-covalent binding to SUMO protein.,PF11976,Rad60-SLD,Ubiquitin-2 like Rad60 SUMO-like,"[DEST]{1,10}.{0,1}[VIL][DESTVILMA][VIL][VILM].[DEST]{0,5}",SSRISLVS,485,492,HIPK2_HUMAN,Homo sapiens,12565818 21192925,true positive,17,2,disordered
ELME000335,LIG_SUMO_SIM_anti_2,SUMO interaction site,LIG,Motif for the antiparallel beta augmentation mode of non-covalent binding to SUMO protein.,PF11976,Rad60-SLD,Ubiquitin-2 like Rad60 SUMO-like,"[DEST]{1,10}.{0,1}[VIL][DESTVILMA][VIL][VILM].[DEST]{0,5}",SSRISLVS,485,492,PML_HUMAN,Homo sapiens,17081985,true positive,17,2,disordered
ELME000335,LIG_SUMO_SIM_anti_2,SUMO interaction site,LIG,Motif for the antiparallel beta augmentation mode of non-covalent binding to SUMO protein.,PF11976,Rad60-SLD,Ubiquitin-2 like Rad60 SUMO-like,"[DEST]{1,10}.{0,1}[VIL][DESTVILMA][VIL][VILM].[DEST]{0,5}",SSRISLVS,485,492,RBP2_HUMAN,Homo sapiens,15388847 15931224 16524884,true positive,17,2,disordered
ELME000335,LIG_SUMO_SIM_anti_2,SUMO interaction site,LIG,Motif for the antiparallel beta augmentation mode of non-covalent binding to SUMO protein.,PF11976,Rad60-SLD,Ubiquitin-2 like Rad60 SUMO-like,"[DEST]{1,10}.{0,1}[VIL][DESTVILMA][VIL][VILM].[DEST]{0,5}",SSRISLVS,485,492,RNF4_HUMAN,Homo sapiens,18408734,true positive,17,2,disordered
ELME000335,LIG_SUMO_SIM_anti_2,SUMO interaction site,LIG,Motif for the antiparallel beta augmentation mode of non-covalent binding to SUMO protein.,PF11976,Rad60-SLD,Ubiquitin-2 like Rad60 SUMO-like,"[DEST]{1,10}.{0,1}[VIL][DESTVILMA][VIL][VILM].[DEST]{0,5}",SSRISLVS,485,492,SAE2_HUMAN,Homo sapiens,15388847 10961991,true positive,17,2,disordered
ELME000335,LIG_SUMO_SIM_anti_2,SUMO interaction site,LIG,Motif for the antiparallel beta augmentation mode of non-covalent binding to SUMO protein.,PF11976,Rad60-SLD,Ubiquitin-2 like Rad60 SUMO-like,"[DEST]{1,10}.{0,1}[VIL][DESTVILMA][VIL][VILM].[DEST]{0,5}",SSRISLVS,485,492,SP100_HUMAN,Homo sapiens,16524884 18691969,true positive,17,2,disordered
ELME000335,LIG_SUMO_SIM_anti_2,SUMO interaction site,LIG,Motif for the antiparallel beta augmentation mode of non-covalent binding to SUMO protein.,PF11976,Rad60-SLD,Ubiquitin-2 like Rad60 SUMO-like,"[DEST]{1,10}.{0,1}[VIL][DESTVILMA][VIL][VILM].[DEST]{0,5}",SSRISLVS,485,492,ULS1_YEAST,Saccharomyces cerevisiae S288c,15590687,true positive,17,2,disordered
ELME000335,LIG_SUMO_SIM_anti_2,SUMO interaction site,LIG,Motif for the antiparallel beta augmentation mode of non-covalent binding to SUMO protein.,PF11976,Rad60-SLD,Ubiquitin-2 like Rad60 SUMO-like,"[DEST]{1,10}.{0,1}[VIL][DESTVILMA][VIL][VILM].[DEST]{0,5}",SSRISLVS,485,492,ZCH12_HUMAN,Homo sapiens,19416967,true positive,17,2,disordered
ELME000335,LIG_SUMO_SIM_anti_2,SUMO interaction site,LIG,Motif for the antiparallel beta augmentation mode of non-covalent binding to SUMO protein.,PF11976,Rad60-SLD,Ubiquitin-2 like Rad60 SUMO-like,"[DEST]{1,10}.{0,1}[VIL][DESTVILMA][VIL][VILM].[DEST]{0,5}",SSRISLVS,485,492,ZCHC7_HUMAN,Homo sapiens,16524884,true positive,17,2,disordered
ELME000335,LIG_SUMO_SIM_anti_2,SUMO interaction site,LIG,Motif for the antiparallel beta augmentation mode of non-covalent binding to SUMO protein.,PF11976,Rad60-SLD,Ubiquitin-2 like Rad60 SUMO-like,"[DEST]{1,10}.{0,1}[VIL][DESTVILMA][VIL][VILM].[DEST]{0,5}",SSRISLVS,485,492,ZN451_HUMAN,Homo sapiens,18656483,true positive,17,2,disordered
ELME000335,LIG_SUMO_SIM_anti_2,SUMO interaction site,LIG,Motif for the antiparallel beta augmentation mode of non-covalent binding to SUMO protein.,PF11976,Rad60-SLD,Ubiquitin-2 like Rad60 SUMO-like,"[DEST]{1,10}.{0,1}[VIL][DESTVILMA][VIL][VILM].[DEST]{0,5}",SRISLVS,486,492,CBX4_HUMAN,Homo sapiens,20176810,true positive,17,2,disordered
ELME000335,LIG_SUMO_SIM_anti_2,SUMO interaction site,LIG,Motif for the antiparallel beta augmentation mode of non-covalent binding to SUMO protein.,PF11976,Rad60-SLD,Ubiquitin-2 like Rad60 SUMO-like,"[DEST]{1,10}.{0,1}[VIL][DESTVILMA][VIL][VILM].[DEST]{0,5}",SRISLVS,486,492,CR025_HUMAN,Homo sapiens,16524884,true positive,17,2,disordered
ELME000335,LIG_SUMO_SIM_anti_2,SUMO interaction site,LIG,Motif for the antiparallel beta augmentation mode of non-covalent binding to SUMO protein.,PF11976,Rad60-SLD,Ubiquitin-2 like Rad60 SUMO-like,"[DEST]{1,10}.{0,1}[VIL][DESTVILMA][VIL][VILM].[DEST]{0,5}",SRISLVS,486,492,DAXX_HUMAN,Homo sapiens,17081986 21474068,true positive,17,2,disordered
ELME000335,LIG_SUMO_SIM_anti_2,SUMO interaction site,LIG,Motif for the antiparallel beta augmentation mode of non-covalent binding to SUMO protein.,PF11976,Rad60-SLD,Ubiquitin-2 like Rad60 SUMO-like,"[DEST]{1,10}.{0,1}[VIL][DESTVILMA][VIL][VILM].[DEST]{0,5}",SRISLVS,486,492,FIR1_YEAST,Saccharomyces cerevisiae S288c,15590687,true positive,17,2,disordered
ELME000335,LIG_SUMO_SIM_anti_2,SUMO interaction site,LIG,Motif for the antiparallel beta augmentation mode of non-covalent binding to SUMO protein.,PF11976,Rad60-SLD,Ubiquitin-2 like Rad60 SUMO-like,"[DEST]{1,10}.{0,1}[VIL][DESTVILMA][VIL][VILM].[DEST]{0,5}",SRISLVS,486,492,HIPK2_HUMAN,Homo sapiens,12565818 21192925,true positive,17,2,disordered
ELME000335,LIG_SUMO_SIM_anti_2,SUMO interaction site,LIG,Motif for the antiparallel beta augmentation mode of non-covalent binding to SUMO protein.,PF11976,Rad60-SLD,Ubiquitin-2 like Rad60 SUMO-like,"[DEST]{1,10}.{0,1}[VIL][DESTVILMA][VIL][VILM].[DEST]{0,5}",SRISLVS,486,492,PML_HUMAN,Homo sapiens,17081985,true positive,17,2,disordered
ELME000335,LIG_SUMO_SIM_anti_2,SUMO interaction site,LIG,Motif for the antiparallel beta augmentation mode of non-covalent binding to SUMO protein.,PF11976,Rad60-SLD,Ubiquitin-2 like Rad60 SUMO-like,"[DEST]{1,10}.{0,1}[VIL][DESTVILMA][VIL][VILM].[DEST]{0,5}",SRISLVS,486,492,RBP2_HUMAN,Homo sapiens,15388847 15931224 16524884,true positive,17,2,disordered
ELME000335,LIG_SUMO_SIM_anti_2,SUMO interaction site,LIG,Motif for the antiparallel beta augmentation mode of non-covalent binding to SUMO protein.,PF11976,Rad60-SLD,Ubiquitin-2 like Rad60 SUMO-like,"[DEST]{1,10}.{0,1}[VIL][DESTVILMA][VIL][VILM].[DEST]{0,5}",SRISLVS,486,492,RNF4_HUMAN,Homo sapiens,18408734,true positive,17,2,disordered
ELME000335,LIG_SUMO_SIM_anti_2,SUMO interaction site,LIG,Motif for the antiparallel beta augmentation mode of non-covalent binding to SUMO protein.,PF11976,Rad60-SLD,Ubiquitin-2 like Rad60 SUMO-like,"[DEST]{1,10}.{0,1}[VIL][DESTVILMA][VIL][VILM].[DEST]{0,5}",SRISLVS,486,492,SAE2_HUMAN,Homo sapiens,15388847 10961991,true positive,17,2,disordered
ELME000335,LIG_SUMO_SIM_anti_2,SUMO interaction site,LIG,Motif for the antiparallel beta augmentation mode of non-covalent binding to SUMO protein.,PF11976,Rad60-SLD,Ubiquitin-2 like Rad60 SUMO-like,"[DEST]{1,10}.{0,1}[VIL][DESTVILMA][VIL][VILM].[DEST]{0,5}",SRISLVS,486,492,SP100_HUMAN,Homo sapiens,16524884 18691969,true positive,17,2,disordered
ELME000335,LIG_SUMO_SIM_anti_2,SUMO interaction site,LIG,Motif for the antiparallel beta augmentation mode of non-covalent binding to SUMO protein.,PF11976,Rad60-SLD,Ubiquitin-2 like Rad60 SUMO-like,"[DEST]{1,10}.{0,1}[VIL][DESTVILMA][VIL][VILM].[DEST]{0,5}",SRISLVS,486,492,ULS1_YEAST,Saccharomyces cerevisiae S288c,15590687,true positive,17,2,disordered
ELME000335,LIG_SUMO_SIM_anti_2,SUMO interaction site,LIG,Motif for the antiparallel beta augmentation mode of non-covalent binding to SUMO protein.,PF11976,Rad60-SLD,Ubiquitin-2 like Rad60 SUMO-like,"[DEST]{1,10}.{0,1}[VIL][DESTVILMA][VIL][VILM].[DEST]{0,5}",SRISLVS,486,492,ZCH12_HUMAN,Homo sapiens,19416967,true positive,17,2,disordered
ELME000335,LIG_SUMO_SIM_anti_2,SUMO interaction site,LIG,Motif for the antiparallel beta augmentation mode of non-covalent binding to SUMO protein.,PF11976,Rad60-SLD,Ubiquitin-2 like Rad60 SUMO-like,"[DEST]{1,10}.{0,1}[VIL][DESTVILMA][VIL][VILM].[DEST]{0,5}",SRISLVS,486,492,ZCHC7_HUMAN,Homo sapiens,16524884,true positive,17,2,disordered
ELME000335,LIG_SUMO_SIM_anti_2,SUMO interaction site,LIG,Motif for the antiparallel beta augmentation mode of non-covalent binding to SUMO protein.,PF11976,Rad60-SLD,Ubiquitin-2 like Rad60 SUMO-like,"[DEST]{1,10}.{0,1}[VIL][DESTVILMA][VIL][VILM].[DEST]{0,5}",SRISLVS,486,492,ZN451_HUMAN,Homo sapiens,18656483,true positive,17,2,disordered
ELME000333,LIG_SUMO_SIM_par_1,SUMO interaction site,LIG,Motif for the parallel beta augmentation mode of non-covalent binding to SUMO protein.,PF11976,Rad60-SLD,Ubiquitin-2 like Rad60 SUMO-like,"[DEST]{0,5}.[VILPTM][VIL][DESTVILMA][VIL].{0,1}[DEST]{1,10}",TLITVDET,357,364,CBX4_HUMAN,Homo sapiens,20176810,true positive,33,4,disordered
ELME000333,LIG_SUMO_SIM_par_1,SUMO interaction site,LIG,Motif for the parallel beta augmentation mode of non-covalent binding to SUMO protein.,PF11976,Rad60-SLD,Ubiquitin-2 like Rad60 SUMO-like,"[DEST]{0,5}.[VILPTM][VIL][DESTVILMA][VIL].{0,1}[DEST]{1,10}",TLITVDET,357,364,DAXX_HUMAN,Homo sapiens,17081986 21474068,true positive,33,4,disordered
ELME000333,LIG_SUMO_SIM_par_1,SUMO interaction site,LIG,Motif for the parallel beta augmentation mode of non-covalent binding to SUMO protein.,PF11976,Rad60-SLD,Ubiquitin-2 like Rad60 SUMO-like,"[DEST]{0,5}.[VILPTM][VIL][DESTVILMA][VIL].{0,1}[DEST]{1,10}",TLITVDET,357,364,EXOS9_HUMAN,Homo sapiens,10961991,true positive,33,4,disordered
ELME000333,LIG_SUMO_SIM_par_1,SUMO interaction site,LIG,Motif for the parallel beta augmentation mode of non-covalent binding to SUMO protein.,PF11976,Rad60-SLD,Ubiquitin-2 like Rad60 SUMO-like,"[DEST]{0,5}.[VILPTM][VIL][DESTVILMA][VIL].{0,1}[DEST]{1,10}",TLITVDET,357,364,FIR1_YEAST,Saccharomyces cerevisiae S288c,15590687,true positive,33,4,disordered
ELME000333,LIG_SUMO_SIM_par_1,SUMO interaction site,LIG,Motif for the parallel beta augmentation mode of non-covalent binding to SUMO protein.,PF11976,Rad60-SLD,Ubiquitin-2 like Rad60 SUMO-like,"[DEST]{0,5}.[VILPTM][VIL][DESTVILMA][VIL].{0,1}[DEST]{1,10}",TLITVDET,357,364,KLF4_MOUSE,Mus musculus,20584900,true positive,33,4,disordered
ELME000333,LIG_SUMO_SIM_par_1,SUMO interaction site,LIG,Motif for the parallel beta augmentation mode of non-covalent binding to SUMO protein.,PF11976,Rad60-SLD,Ubiquitin-2 like Rad60 SUMO-like,"[DEST]{0,5}.[VILPTM][VIL][DESTVILMA][VIL].{0,1}[DEST]{1,10}",TLITVDET,357,364,MCAF1_HUMAN,Homo sapiens,16524884 18842587,true positive,33,4,disordered
ELME000333,LIG_SUMO_SIM_par_1,SUMO interaction site,LIG,Motif for the parallel beta augmentation mode of non-covalent binding to SUMO protein.,PF11976,Rad60-SLD,Ubiquitin-2 like Rad60 SUMO-like,"[DEST]{0,5}.[VILPTM][VIL][DESTVILMA][VIL].{0,1}[DEST]{1,10}",TLITVDET,357,364,MTA1_HUMAN,Homo sapiens,21965678,true positive,33,4,disordered
ELME000333,LIG_SUMO_SIM_par_1,SUMO interaction site,LIG,Motif for the parallel beta augmentation mode of non-covalent binding to SUMO protein.,PF11976,Rad60-SLD,Ubiquitin-2 like Rad60 SUMO-like,"[DEST]{0,5}.[VILPTM][VIL][DESTVILMA][VIL].{0,1}[DEST]{1,10}",TLITVDET,357,364,PIAS1_HUMAN,Homo sapiens,16524884,true positive,33,4,disordered
ELME000333,LIG_SUMO_SIM_par_1,SUMO interaction site,LIG,Motif for the parallel beta augmentation mode of non-covalent binding to SUMO protein.,PF11976,Rad60-SLD,Ubiquitin-2 like Rad60 SUMO-like,"[DEST]{0,5}.[VILPTM][VIL][DESTVILMA][VIL].{0,1}[DEST]{1,10}",TLITVDET,357,364,PIAS2_HUMAN,Homo sapiens,15388847 16524884 16204249,true positive,33,4,disordered
ELME000333,LIG_SUMO_SIM_par_1,SUMO interaction site,LIG,Motif for the parallel beta augmentation mode of non-covalent binding to SUMO protein.,PF11976,Rad60-SLD,Ubiquitin-2 like Rad60 SUMO-like,"[DEST]{0,5}.[VILPTM][VIL][DESTVILMA][VIL].{0,1}[DEST]{1,10}",TLITVDET,357,364,PIAS3_HUMAN,Homo sapiens,16524884,true positive,33,4,disordered
ELME000333,LIG_SUMO_SIM_par_1,SUMO interaction site,LIG,Motif for the parallel beta augmentation mode of non-covalent binding to SUMO protein.,PF11976,Rad60-SLD,Ubiquitin-2 like Rad60 SUMO-like,"[DEST]{0,5}.[VILPTM][VIL][DESTVILMA][VIL].{0,1}[DEST]{1,10}",TLITVDET,357,364,PIAS4_HUMAN,Homo sapiens,21199872 16524884,true positive,33,4,disordered
ELME000333,LIG_SUMO_SIM_par_1,SUMO interaction site,LIG,Motif for the parallel beta augmentation mode of non-covalent binding to SUMO protein.,PF11976,Rad60-SLD,Ubiquitin-2 like Rad60 SUMO-like,"[DEST]{0,5}.[VILPTM][VIL][DESTVILMA][VIL].{0,1}[DEST]{1,10}",TLITVDET,357,364,PML_HUMAN,Homo sapiens,25497731 17081985,true positive,33,4,disordered
ELME000333,LIG_SUMO_SIM_par_1,SUMO interaction site,LIG,Motif for the parallel beta augmentation mode of non-covalent binding to SUMO protein.,PF11976,Rad60-SLD,Ubiquitin-2 like Rad60 SUMO-like,"[DEST]{0,5}.[VILPTM][VIL][DESTVILMA][VIL].{0,1}[DEST]{1,10}",TLITVDET,357,364,RBP2_HUMAN,Homo sapiens,15388847 15931224 16524884,true positive,33,4,disordered
ELME000333,LIG_SUMO_SIM_par_1,SUMO interaction site,LIG,Motif for the parallel beta augmentation mode of non-covalent binding to SUMO protein.,PF11976,Rad60-SLD,Ubiquitin-2 like Rad60 SUMO-like,"[DEST]{0,5}.[VILPTM][VIL][DESTVILMA][VIL].{0,1}[DEST]{1,10}",TLITVDET,357,364,RFP1_SCHPO,Schizosaccharomyces pombe 972h-,17762865 17762864,true positive,33,4,disordered
ELME000333,LIG_SUMO_SIM_par_1,SUMO interaction site,LIG,Motif for the parallel beta augmentation mode of non-covalent binding to SUMO protein.,PF11976,Rad60-SLD,Ubiquitin-2 like Rad60 SUMO-like,"[DEST]{0,5}.[VILPTM][VIL][DESTVILMA][VIL].{0,1}[DEST]{1,10}",TLITVDET,357,364,RFP2_SCHPO,Schizosaccharomyces pombe 972h-,17762865 17762864,true positive,33,4,disordered
ELME000333,LIG_SUMO_SIM_par_1,SUMO interaction site,LIG,Motif for the parallel beta augmentation mode of non-covalent binding to SUMO protein.,PF11976,Rad60-SLD,Ubiquitin-2 like Rad60 SUMO-like,"[DEST]{0,5}.[VILPTM][VIL][DESTVILMA][VIL].{0,1}[DEST]{1,10}",TLITVDET,357,364,RNF4_HUMAN,Homo sapiens,18408734,true positive,33,4,disordered
ELME000333,LIG_SUMO_SIM_par_1,SUMO interaction site,LIG,Motif for the parallel beta augmentation mode of non-covalent binding to SUMO protein.,PF11976,Rad60-SLD,Ubiquitin-2 like Rad60 SUMO-like,"[DEST]{0,5}.[VILPTM][VIL][DESTVILMA][VIL].{0,1}[DEST]{1,10}",TLITVDET,357,364,SAE2_HUMAN,Homo sapiens,15388847 10961991,true positive,33,4,disordered
ELME000333,LIG_SUMO_SIM_par_1,SUMO interaction site,LIG,Motif for the parallel beta augmentation mode of non-covalent binding to SUMO protein.,PF11976,Rad60-SLD,Ubiquitin-2 like Rad60 SUMO-like,"[DEST]{0,5}.[VILPTM][VIL][DESTVILMA][VIL].{0,1}[DEST]{1,10}",TLITVDET,357,364,SAP1_YEAST,Saccharomyces cerevisiae S288c,15590687,true positive,33,4,disordered
ELME000333,LIG_SUMO_SIM_par_1,SUMO interaction site,LIG,Motif for the parallel beta augmentation mode of non-covalent binding to SUMO protein.,PF11976,Rad60-SLD,Ubiquitin-2 like Rad60 SUMO-like,"[DEST]{0,5}.[VILPTM][VIL][DESTVILMA][VIL].{0,1}[DEST]{1,10}",TLITVDET,357,364,SETX_HUMAN,Homo sapiens,16524884,true positive,33,4,disordered
ELME000333,LIG_SUMO_SIM_par_1,SUMO interaction site,LIG,Motif for the parallel beta augmentation mode of non-covalent binding to SUMO protein.,PF11976,Rad60-SLD,Ubiquitin-2 like Rad60 SUMO-like,"[DEST]{0,5}.[VILPTM][VIL][DESTVILMA][VIL].{0,1}[DEST]{1,10}",TLITVDET,357,364,SP100_HUMAN,Homo sapiens,16524884 18691969,true positive,33,4,disordered
ELME000333,LIG_SUMO_SIM_par_1,SUMO interaction site,LIG,Motif for the parallel beta augmentation mode of non-covalent binding to SUMO protein.,PF11976,Rad60-SLD,Ubiquitin-2 like Rad60 SUMO-like,"[DEST]{0,5}.[VILPTM][VIL][DESTVILMA][VIL].{0,1}[DEST]{1,10}",TLITVDET,357,364,UBP25_HUMAN,Homo sapiens,18538659,true positive,33,4,disordered
ELME000333,LIG_SUMO_SIM_par_1,SUMO interaction site,LIG,Motif for the parallel beta augmentation mode of non-covalent binding to SUMO protein.,PF11976,Rad60-SLD,Ubiquitin-2 like Rad60 SUMO-like,"[DEST]{0,5}.[VILPTM][VIL][DESTVILMA][VIL].{0,1}[DEST]{1,10}",TLITVDET,357,364,ULS1_YEAST,Saccharomyces cerevisiae S288c,15590687,true positive,33,4,disordered
ELME000333,LIG_SUMO_SIM_par_1,SUMO interaction site,LIG,Motif for the parallel beta augmentation mode of non-covalent binding to SUMO protein.,PF11976,Rad60-SLD,Ubiquitin-2 like Rad60 SUMO-like,"[DEST]{0,5}.[VILPTM][VIL][DESTVILMA][VIL].{0,1}[DEST]{1,10}",TLITVDET,357,364,ZCH12_HUMAN,Homo sapiens,19416967,true positive,33,4,disordered
ELME000333,LIG_SUMO_SIM_par_1,SUMO interaction site,LIG,Motif for the parallel beta augmentation mode of non-covalent binding to SUMO protein.,PF11976,Rad60-SLD,Ubiquitin-2 like Rad60 SUMO-like,"[DEST]{0,5}.[VILPTM][VIL][DESTVILMA][VIL].{0,1}[DEST]{1,10}",TLITVDET,357,364,ZCHC7_HUMAN,Homo sapiens,16524884,true positive,33,4,disordered
ELME000333,LIG_SUMO_SIM_par_1,SUMO interaction site,LIG,Motif for the parallel beta augmentation mode of non-covalent binding to SUMO protein.,PF11976,Rad60-SLD,Ubiquitin-2 like Rad60 SUMO-like,"[DEST]{0,5}.[VILPTM][VIL][DESTVILMA][VIL].{0,1}[DEST]{1,10}",TLITVDET,357,364,ZHX1_HUMAN,Homo sapiens,16524884,true positive,33,4,disordered
ELME000333,LIG_SUMO_SIM_par_1,SUMO interaction site,LIG,Motif for the parallel beta augmentation mode of non-covalent binding to SUMO protein.,PF11976,Rad60-SLD,Ubiquitin-2 like Rad60 SUMO-like,"[DEST]{0,5}.[VILPTM][VIL][DESTVILMA][VIL].{0,1}[DEST]{1,10}",TLITVDET,357,364,ZMYM5_HUMAN,Homo sapiens,16524884,true positive,33,4,disordered
ELME000333,LIG_SUMO_SIM_par_1,SUMO interaction site,LIG,Motif for the parallel beta augmentation mode of non-covalent binding to SUMO protein.,PF11976,Rad60-SLD,Ubiquitin-2 like Rad60 SUMO-like,"[DEST]{0,5}.[VILPTM][VIL][DESTVILMA][VIL].{0,1}[DEST]{1,10}",EPIIIEEEEEDS,370,381,CBX4_HUMAN,Homo sapiens,20176810,true positive,33,4,disordered
ELME000333,LIG_SUMO_SIM_par_1,SUMO interaction site,LIG,Motif for the parallel beta augmentation mode of non-covalent binding to SUMO protein.,PF11976,Rad60-SLD,Ubiquitin-2 like Rad60 SUMO-like,"[DEST]{0,5}.[VILPTM][VIL][DESTVILMA][VIL].{0,1}[DEST]{1,10}",EPIIIEEEEEDS,370,381,DAXX_HUMAN,Homo sapiens,17081986 21474068,true positive,33,4,disordered
ELME000333,LIG_SUMO_SIM_par_1,SUMO interaction site,LIG,Motif for the parallel beta augmentation mode of non-covalent binding to SUMO protein.,PF11976,Rad60-SLD,Ubiquitin-2 like Rad60 SUMO-like,"[DEST]{0,5}.[VILPTM][VIL][DESTVILMA][VIL].{0,1}[DEST]{1,10}",EPIIIEEEEEDS,370,381,EXOS9_HUMAN,Homo sapiens,10961991,true positive,33,4,disordered
ELME000333,LIG_SUMO_SIM_par_1,SUMO interaction site,LIG,Motif for the parallel beta augmentation mode of non-covalent binding to SUMO protein.,PF11976,Rad60-SLD,Ubiquitin-2 like Rad60 SUMO-like,"[DEST]{0,5}.[VILPTM][VIL][DESTVILMA][VIL].{0,1}[DEST]{1,10}",EPIIIEEEEEDS,370,381,FIR1_YEAST,Saccharomyces cerevisiae S288c,15590687,true positive,33,4,disordered
ELME000333,LIG_SUMO_SIM_par_1,SUMO interaction site,LIG,Motif for the parallel beta augmentation mode of non-covalent binding to SUMO protein.,PF11976,Rad60-SLD,Ubiquitin-2 like Rad60 SUMO-like,"[DEST]{0,5}.[VILPTM][VIL][DESTVILMA][VIL].{0,1}[DEST]{1,10}",EPIIIEEEEEDS,370,381,KLF4_MOUSE,Mus musculus,20584900,true positive,33,4,disordered
ELME000333,LIG_SUMO_SIM_par_1,SUMO interaction site,LIG,Motif for the parallel beta augmentation mode of non-covalent binding to SUMO protein.,PF11976,Rad60-SLD,Ubiquitin-2 like Rad60 SUMO-like,"[DEST]{0,5}.[VILPTM][VIL][DESTVILMA][VIL].{0,1}[DEST]{1,10}",EPIIIEEEEEDS,370,381,MCAF1_HUMAN,Homo sapiens,16524884 18842587,true positive,33,4,disordered
ELME000333,LIG_SUMO_SIM_par_1,SUMO interaction site,LIG,Motif for the parallel beta augmentation mode of non-covalent binding to SUMO protein.,PF11976,Rad60-SLD,Ubiquitin-2 like Rad60 SUMO-like,"[DEST]{0,5}.[VILPTM][VIL][DESTVILMA][VIL].{0,1}[DEST]{1,10}",EPIIIEEEEEDS,370,381,MTA1_HUMAN,Homo sapiens,21965678,true positive,33,4,disordered
ELME000333,LIG_SUMO_SIM_par_1,SUMO interaction site,LIG,Motif for the parallel beta augmentation mode of non-covalent binding to SUMO protein.,PF11976,Rad60-SLD,Ubiquitin-2 like Rad60 SUMO-like,"[DEST]{0,5}.[VILPTM][VIL][DESTVILMA][VIL].{0,1}[DEST]{1,10}",EPIIIEEEEEDS,370,381,PIAS1_HUMAN,Homo sapiens,16524884,true positive,33,4,disordered
ELME000333,LIG_SUMO_SIM_par_1,SUMO interaction site,LIG,Motif for the parallel beta augmentation mode of non-covalent binding to SUMO protein.,PF11976,Rad60-SLD,Ubiquitin-2 like Rad60 SUMO-like,"[DEST]{0,5}.[VILPTM][VIL][DESTVILMA][VIL].{0,1}[DEST]{1,10}",EPIIIEEEEEDS,370,381,PIAS2_HUMAN,Homo sapiens,15388847 16524884 16204249,true positive,33,4,disordered
ELME000333,LIG_SUMO_SIM_par_1,SUMO interaction site,LIG,Motif for the parallel beta augmentation mode of non-covalent binding to SUMO protein.,PF11976,Rad60-SLD,Ubiquitin-2 like Rad60 SUMO-like,"[DEST]{0,5}.[VILPTM][VIL][DESTVILMA][VIL].{0,1}[DEST]{1,10}",EPIIIEEEEEDS,370,381,PIAS3_HUMAN,Homo sapiens,16524884,true positive,33,4,disordered
ELME000333,LIG_SUMO_SIM_par_1,SUMO interaction site,LIG,Motif for the parallel beta augmentation mode of non-covalent binding to SUMO protein.,PF11976,Rad60-SLD,Ubiquitin-2 like Rad60 SUMO-like,"[DEST]{0,5}.[VILPTM][VIL][DESTVILMA][VIL].{0,1}[DEST]{1,10}",EPIIIEEEEEDS,370,381,PIAS4_HUMAN,Homo sapiens,21199872 16524884,true positive,33,4,disordered
ELME000333,LIG_SUMO_SIM_par_1,SUMO interaction site,LIG,Motif for the parallel beta augmentation mode of non-covalent binding to SUMO protein.,PF11976,Rad60-SLD,Ubiquitin-2 like Rad60 SUMO-like,"[DEST]{0,5}.[VILPTM][VIL][DESTVILMA][VIL].{0,1}[DEST]{1,10}",EPIIIEEEEEDS,370,381,PML_HUMAN,Homo sapiens,25497731 17081985,true positive,33,4,disordered
ELME000333,LIG_SUMO_SIM_par_1,SUMO interaction site,LIG,Motif for the parallel beta augmentation mode of non-covalent binding to SUMO protein.,PF11976,Rad60-SLD,Ubiquitin-2 like Rad60 SUMO-like,"[DEST]{0,5}.[VILPTM][VIL][DESTVILMA][VIL].{0,1}[DEST]{1,10}",EPIIIEEEEEDS,370,381,RBP2_HUMAN,Homo sapiens,15388847 15931224 16524884,true positive,33,4,disordered
ELME000333,LIG_SUMO_SIM_par_1,SUMO interaction site,LIG,Motif for the parallel beta augmentation mode of non-covalent binding to SUMO protein.,PF11976,Rad60-SLD,Ubiquitin-2 like Rad60 SUMO-like,"[DEST]{0,5}.[VILPTM][VIL][DESTVILMA][VIL].{0,1}[DEST]{1,10}",EPIIIEEEEEDS,370,381,RFP1_SCHPO,Schizosaccharomyces pombe 972h-,17762865 17762864,true positive,33,4,disordered
ELME000333,LIG_SUMO_SIM_par_1,SUMO interaction site,LIG,Motif for the parallel beta augmentation mode of non-covalent binding to SUMO protein.,PF11976,Rad60-SLD,Ubiquitin-2 like Rad60 SUMO-like,"[DEST]{0,5}.[VILPTM][VIL][DESTVILMA][VIL].{0,1}[DEST]{1,10}",EPIIIEEEEEDS,370,381,RFP2_SCHPO,Schizosaccharomyces pombe 972h-,17762865 17762864,true positive,33,4,disordered
ELME000333,LIG_SUMO_SIM_par_1,SUMO interaction site,LIG,Motif for the parallel beta augmentation mode of non-covalent binding to SUMO protein.,PF11976,Rad60-SLD,Ubiquitin-2 like Rad60 SUMO-like,"[DEST]{0,5}.[VILPTM][VIL][DESTVILMA][VIL].{0,1}[DEST]{1,10}",EPIIIEEEEEDS,370,381,RNF4_HUMAN,Homo sapiens,18408734,true positive,33,4,disordered
ELME000333,LIG_SUMO_SIM_par_1,SUMO interaction site,LIG,Motif for the parallel beta augmentation mode of non-covalent binding to SUMO protein.,PF11976,Rad60-SLD,Ubiquitin-2 like Rad60 SUMO-like,"[DEST]{0,5}.[VILPTM][VIL][DESTVILMA][VIL].{0,1}[DEST]{1,10}",EPIIIEEEEEDS,370,381,SAE2_HUMAN,Homo sapiens,15388847 10961991,true positive,33,4,disordered
ELME000333,LIG_SUMO_SIM_par_1,SUMO interaction site,LIG,Motif for the parallel beta augmentation mode of non-covalent binding to SUMO protein.,PF11976,Rad60-SLD,Ubiquitin-2 like Rad60 SUMO-like,"[DEST]{0,5}.[VILPTM][VIL][DESTVILMA][VIL].{0,1}[DEST]{1,10}",EPIIIEEEEEDS,370,381,SAP1_YEAST,Saccharomyces cerevisiae S288c,15590687,true positive,33,4,disordered
ELME000333,LIG_SUMO_SIM_par_1,SUMO interaction site,LIG,Motif for the parallel beta augmentation mode of non-covalent binding to SUMO protein.,PF11976,Rad60-SLD,Ubiquitin-2 like Rad60 SUMO-like,"[DEST]{0,5}.[VILPTM][VIL][DESTVILMA][VIL].{0,1}[DEST]{1,10}",EPIIIEEEEEDS,370,381,SETX_HUMAN,Homo sapiens,16524884,true positive,33,4,disordered
ELME000333,LIG_SUMO_SIM_par_1,SUMO interaction site,LIG,Motif for the parallel beta augmentation mode of non-covalent binding to SUMO protein.,PF11976,Rad60-SLD,Ubiquitin-2 like Rad60 SUMO-like,"[DEST]{0,5}.[VILPTM][VIL][DESTVILMA][VIL].{0,1}[DEST]{1,10}",EPIIIEEEEEDS,370,381,SP100_HUMAN,Homo sapiens,16524884 18691969,true positive,33,4,disordered
ELME000333,LIG_SUMO_SIM_par_1,SUMO interaction site,LIG,Motif for the parallel beta augmentation mode of non-covalent binding to SUMO protein.,PF11976,Rad60-SLD,Ubiquitin-2 like Rad60 SUMO-like,"[DEST]{0,5}.[VILPTM][VIL][DESTVILMA][VIL].{0,1}[DEST]{1,10}",EPIIIEEEEEDS,370,381,UBP25_HUMAN,Homo sapiens,18538659,true positive,33,4,disordered
ELME000333,LIG_SUMO_SIM_par_1,SUMO interaction site,LIG,Motif for the parallel beta augmentation mode of non-covalent binding to SUMO protein.,PF11976,Rad60-SLD,Ubiquitin-2 like Rad60 SUMO-like,"[DEST]{0,5}.[VILPTM][VIL][DESTVILMA][VIL].{0,1}[DEST]{1,10}",EPIIIEEEEEDS,370,381,ULS1_YEAST,Saccharomyces cerevisiae S288c,15590687,true positive,33,4,disordered
ELME000333,LIG_SUMO_SIM_par_1,SUMO interaction site,LIG,Motif for the parallel beta augmentation mode of non-covalent binding to SUMO protein.,PF11976,Rad60-SLD,Ubiquitin-2 like Rad60 SUMO-like,"[DEST]{0,5}.[VILPTM][VIL][DESTVILMA][VIL].{0,1}[DEST]{1,10}",EPIIIEEEEEDS,370,381,ZCH12_HUMAN,Homo sapiens,19416967,true positive,33,4,disordered
ELME000333,LIG_SUMO_SIM_par_1,SUMO interaction site,LIG,Motif for the parallel beta augmentation mode of non-covalent binding to SUMO protein.,PF11976,Rad60-SLD,Ubiquitin-2 like Rad60 SUMO-like,"[DEST]{0,5}.[VILPTM][VIL][DESTVILMA][VIL].{0,1}[DEST]{1,10}",EPIIIEEEEEDS,370,381,ZCHC7_HUMAN,Homo sapiens,16524884,true positive,33,4,disordered
ELME000333,LIG_SUMO_SIM_par_1,SUMO interaction site,LIG,Motif for the parallel beta augmentation mode of non-covalent binding to SUMO protein.,PF11976,Rad60-SLD,Ubiquitin-2 like Rad60 SUMO-like,"[DEST]{0,5}.[VILPTM][VIL][DESTVILMA][VIL].{0,1}[DEST]{1,10}",EPIIIEEEEEDS,370,381,ZHX1_HUMAN,Homo sapiens,16524884,true positive,33,4,disordered
ELME000333,LIG_SUMO_SIM_par_1,SUMO interaction site,LIG,Motif for the parallel beta augmentation mode of non-covalent binding to SUMO protein.,PF11976,Rad60-SLD,Ubiquitin-2 like Rad60 SUMO-like,"[DEST]{0,5}.[VILPTM][VIL][DESTVILMA][VIL].{0,1}[DEST]{1,10}",EPIIIEEEEEDS,370,381,ZMYM5_HUMAN,Homo sapiens,16524884,true positive,33,4,disordered
ELME000118,LIG_TRAF2like_MATH_loPxQ_2,"TRAF2 group (TRAF1,2,3,5) MATH domain binding motifs",LIG,Long (or minor) TRAF2 binding motif. Members of the tumour necrosis factor receptor (TNFR) superfamily initiate intracellular signaling by recruiting the C-domain of the TNFR-associated factors (TRAFs) to their cytoplasmic tails.,PF00917,MATH,MATH domain,[PM][LIVTFYHQE][QS].(([DE].)|(.[DE])),PESFDL,42,47,LMP1_EBVB9,Human herpesvirus 4 (strain B95-8),10518213,true positive,5,5,ordered
ELME000118,LIG_TRAF2like_MATH_loPxQ_2,"TRAF2 group (TRAF1,2,3,5) MATH domain binding motifs",LIG,Long (or minor) TRAF2 binding motif. Members of the tumour necrosis factor receptor (TNFR) superfamily initiate intracellular signaling by recruiting the C-domain of the TNFR-associated factors (TRAFs) to their cytoplasmic tails.,IPR037304,"TRAF3, MATH domain"," Tumor necrosis factor (TNF) receptor associated factor 3 (TRAF3) is a highly versatile regulator that positively controls type I interferon production, but negatively regulates mitogen-activated protein (MAP) kinase activation and non-canonical nuclear factor-kB signalling ",[PM][LIVTFYHQE][QS].(([DE].)|(.[DE])),PESFDL,42,47,LMP1_EBVB9,Human herpesvirus 4 (strain B95-8),10518213,true positive,5,5,ordered
ELME000118,LIG_TRAF2like_MATH_loPxQ_2,"TRAF2 group (TRAF1,2,3,5) MATH domain binding motifs",LIG,Long (or minor) TRAF2 binding motif. Members of the tumour necrosis factor receptor (TNFR) superfamily initiate intracellular signaling by recruiting the C-domain of the TNFR-associated factors (TRAFs) to their cytoplasmic tails.,IPR037305,"TNF receptor-associated factor 2, MATH domain", TNF receptor-associated factor 2 (TRAF2) regulates activation of NF-kappa-B and JNK and plays a central role in the regulation of cell survival and apoptosis ,[PM][LIVTFYHQE][QS].(([DE].)|(.[DE])),PESFDL,42,47,LMP1_EBVB9,Human herpesvirus 4 (strain B95-8),10518213,true positive,5,5,ordered
ELME000118,LIG_TRAF2like_MATH_loPxQ_2,"TRAF2 group (TRAF1,2,3,5) MATH domain binding motifs",LIG,Long (or minor) TRAF2 binding motif. Members of the tumour necrosis factor receptor (TNFR) superfamily initiate intracellular signaling by recruiting the C-domain of the TNFR-associated factors (TRAFs) to their cytoplasmic tails.,IPR037306,"TNF receptor-associated factor 1, MATH domain", TNF receptor-associated factor 1 (TRAF1) plays a role in the regulation of cell survival and apoptosis ,[PM][LIVTFYHQE][QS].(([DE].)|(.[DE])),PESFDL,42,47,LMP1_EBVB9,Human herpesvirus 4 (strain B95-8),10518213,true positive,5,5,ordered
ELME000118,LIG_TRAF2like_MATH_loPxQ_2,"TRAF2 group (TRAF1,2,3,5) MATH domain binding motifs",LIG,Long (or minor) TRAF2 binding motif. Members of the tumour necrosis factor receptor (TNFR) superfamily initiate intracellular signaling by recruiting the C-domain of the TNFR-associated factors (TRAFs) to their cytoplasmic tails.,PF00917,MATH,MATH domain,[PM][LIVTFYHQE][QS].(([DE].)|(.[DE])),PESFDL,42,47,LMP1_EBVR,Human herpesvirus 4 (strain RAJI),16009714,true positive,5,5,ordered
ELME000118,LIG_TRAF2like_MATH_loPxQ_2,"TRAF2 group (TRAF1,2,3,5) MATH domain binding motifs",LIG,Long (or minor) TRAF2 binding motif. Members of the tumour necrosis factor receptor (TNFR) superfamily initiate intracellular signaling by recruiting the C-domain of the TNFR-associated factors (TRAFs) to their cytoplasmic tails.,IPR037304,"TRAF3, MATH domain"," Tumor necrosis factor (TNF) receptor associated factor 3 (TRAF3) is a highly versatile regulator that positively controls type I interferon production, but negatively regulates mitogen-activated protein (MAP) kinase activation and non-canonical nuclear factor-kB signalling ",[PM][LIVTFYHQE][QS].(([DE].)|(.[DE])),PESFDL,42,47,LMP1_EBVR,Human herpesvirus 4 (strain RAJI),16009714,true positive,5,5,ordered
ELME000118,LIG_TRAF2like_MATH_loPxQ_2,"TRAF2 group (TRAF1,2,3,5) MATH domain binding motifs",LIG,Long (or minor) TRAF2 binding motif. Members of the tumour necrosis factor receptor (TNFR) superfamily initiate intracellular signaling by recruiting the C-domain of the TNFR-associated factors (TRAFs) to their cytoplasmic tails.,IPR037305,"TNF receptor-associated factor 2, MATH domain", TNF receptor-associated factor 2 (TRAF2) regulates activation of NF-kappa-B and JNK and plays a central role in the regulation of cell survival and apoptosis ,[PM][LIVTFYHQE][QS].(([DE].)|(.[DE])),PESFDL,42,47,LMP1_EBVR,Human herpesvirus 4 (strain RAJI),16009714,true positive,5,5,ordered
ELME000118,LIG_TRAF2like_MATH_loPxQ_2,"TRAF2 group (TRAF1,2,3,5) MATH domain binding motifs",LIG,Long (or minor) TRAF2 binding motif. Members of the tumour necrosis factor receptor (TNFR) superfamily initiate intracellular signaling by recruiting the C-domain of the TNFR-associated factors (TRAFs) to their cytoplasmic tails.,IPR037306,"TNF receptor-associated factor 1, MATH domain", TNF receptor-associated factor 1 (TRAF1) plays a role in the regulation of cell survival and apoptosis ,[PM][LIVTFYHQE][QS].(([DE].)|(.[DE])),PESFDL,42,47,LMP1_EBVR,Human herpesvirus 4 (strain RAJI),16009714,true positive,5,5,ordered
ELME000118,LIG_TRAF2like_MATH_loPxQ_2,"TRAF2 group (TRAF1,2,3,5) MATH domain binding motifs",LIG,Long (or minor) TRAF2 binding motif. Members of the tumour necrosis factor receptor (TNFR) superfamily initiate intracellular signaling by recruiting the C-domain of the TNFR-associated factors (TRAFs) to their cytoplasmic tails.,PF00917,MATH,MATH domain,[PM][LIVTFYHQE][QS].(([DE].)|(.[DE])),PESFDL,42,47,TANK_HUMAN,Homo sapiens,28155233 12005438,true positive,5,5,ordered
ELME000118,LIG_TRAF2like_MATH_loPxQ_2,"TRAF2 group (TRAF1,2,3,5) MATH domain binding motifs",LIG,Long (or minor) TRAF2 binding motif. Members of the tumour necrosis factor receptor (TNFR) superfamily initiate intracellular signaling by recruiting the C-domain of the TNFR-associated factors (TRAFs) to their cytoplasmic tails.,IPR037304,"TRAF3, MATH domain"," Tumor necrosis factor (TNF) receptor associated factor 3 (TRAF3) is a highly versatile regulator that positively controls type I interferon production, but negatively regulates mitogen-activated protein (MAP) kinase activation and non-canonical nuclear factor-kB signalling ",[PM][LIVTFYHQE][QS].(([DE].)|(.[DE])),PESFDL,42,47,TANK_HUMAN,Homo sapiens,28155233 12005438,true positive,5,5,ordered
ELME000118,LIG_TRAF2like_MATH_loPxQ_2,"TRAF2 group (TRAF1,2,3,5) MATH domain binding motifs",LIG,Long (or minor) TRAF2 binding motif. Members of the tumour necrosis factor receptor (TNFR) superfamily initiate intracellular signaling by recruiting the C-domain of the TNFR-associated factors (TRAFs) to their cytoplasmic tails.,IPR037305,"TNF receptor-associated factor 2, MATH domain", TNF receptor-associated factor 2 (TRAF2) regulates activation of NF-kappa-B and JNK and plays a central role in the regulation of cell survival and apoptosis ,[PM][LIVTFYHQE][QS].(([DE].)|(.[DE])),PESFDL,42,47,TANK_HUMAN,Homo sapiens,28155233 12005438,true positive,5,5,ordered
ELME000118,LIG_TRAF2like_MATH_loPxQ_2,"TRAF2 group (TRAF1,2,3,5) MATH domain binding motifs",LIG,Long (or minor) TRAF2 binding motif. Members of the tumour necrosis factor receptor (TNFR) superfamily initiate intracellular signaling by recruiting the C-domain of the TNFR-associated factors (TRAFs) to their cytoplasmic tails.,IPR037306,"TNF receptor-associated factor 1, MATH domain", TNF receptor-associated factor 1 (TRAF1) plays a role in the regulation of cell survival and apoptosis ,[PM][LIVTFYHQE][QS].(([DE].)|(.[DE])),PESFDL,42,47,TANK_HUMAN,Homo sapiens,28155233 12005438,true positive,5,5,ordered
ELME000118,LIG_TRAF2like_MATH_loPxQ_2,"TRAF2 group (TRAF1,2,3,5) MATH domain binding motifs",LIG,Long (or minor) TRAF2 binding motif. Members of the tumour necrosis factor receptor (TNFR) superfamily initiate intracellular signaling by recruiting the C-domain of the TNFR-associated factors (TRAFs) to their cytoplasmic tails.,PF00917,MATH,MATH domain,[PM][LIVTFYHQE][QS].(([DE].)|(.[DE])),PESFDL,42,47,TNR1B_HUMAN,Homo sapiens,10206649 10518213,true positive,5,5,ordered
ELME000118,LIG_TRAF2like_MATH_loPxQ_2,"TRAF2 group (TRAF1,2,3,5) MATH domain binding motifs",LIG,Long (or minor) TRAF2 binding motif. Members of the tumour necrosis factor receptor (TNFR) superfamily initiate intracellular signaling by recruiting the C-domain of the TNFR-associated factors (TRAFs) to their cytoplasmic tails.,IPR037304,"TRAF3, MATH domain"," Tumor necrosis factor (TNF) receptor associated factor 3 (TRAF3) is a highly versatile regulator that positively controls type I interferon production, but negatively regulates mitogen-activated protein (MAP) kinase activation and non-canonical nuclear factor-kB signalling ",[PM][LIVTFYHQE][QS].(([DE].)|(.[DE])),PESFDL,42,47,TNR1B_HUMAN,Homo sapiens,10206649 10518213,true positive,5,5,ordered
ELME000118,LIG_TRAF2like_MATH_loPxQ_2,"TRAF2 group (TRAF1,2,3,5) MATH domain binding motifs",LIG,Long (or minor) TRAF2 binding motif. Members of the tumour necrosis factor receptor (TNFR) superfamily initiate intracellular signaling by recruiting the C-domain of the TNFR-associated factors (TRAFs) to their cytoplasmic tails.,IPR037305,"TNF receptor-associated factor 2, MATH domain", TNF receptor-associated factor 2 (TRAF2) regulates activation of NF-kappa-B and JNK and plays a central role in the regulation of cell survival and apoptosis ,[PM][LIVTFYHQE][QS].(([DE].)|(.[DE])),PESFDL,42,47,TNR1B_HUMAN,Homo sapiens,10206649 10518213,true positive,5,5,ordered
ELME000118,LIG_TRAF2like_MATH_loPxQ_2,"TRAF2 group (TRAF1,2,3,5) MATH domain binding motifs",LIG,Long (or minor) TRAF2 binding motif. Members of the tumour necrosis factor receptor (TNFR) superfamily initiate intracellular signaling by recruiting the C-domain of the TNFR-associated factors (TRAFs) to their cytoplasmic tails.,IPR037306,"TNF receptor-associated factor 1, MATH domain", TNF receptor-associated factor 1 (TRAF1) plays a role in the regulation of cell survival and apoptosis ,[PM][LIVTFYHQE][QS].(([DE].)|(.[DE])),PESFDL,42,47,TNR1B_HUMAN,Homo sapiens,10206649 10518213,true positive,5,5,ordered
ELME000118,LIG_TRAF2like_MATH_loPxQ_2,"TRAF2 group (TRAF1,2,3,5) MATH domain binding motifs",LIG,Long (or minor) TRAF2 binding motif. Members of the tumour necrosis factor receptor (TNFR) superfamily initiate intracellular signaling by recruiting the C-domain of the TNFR-associated factors (TRAFs) to their cytoplasmic tails.,PF00917,MATH,MATH domain,[PM][LIVTFYHQE][QS].(([DE].)|(.[DE])),PESFDL,42,47,TNR8_HUMAN,Homo sapiens,9168896 8662842 10518213,true positive,5,5,ordered
ELME000118,LIG_TRAF2like_MATH_loPxQ_2,"TRAF2 group (TRAF1,2,3,5) MATH domain binding motifs",LIG,Long (or minor) TRAF2 binding motif. Members of the tumour necrosis factor receptor (TNFR) superfamily initiate intracellular signaling by recruiting the C-domain of the TNFR-associated factors (TRAFs) to their cytoplasmic tails.,IPR037304,"TRAF3, MATH domain"," Tumor necrosis factor (TNF) receptor associated factor 3 (TRAF3) is a highly versatile regulator that positively controls type I interferon production, but negatively regulates mitogen-activated protein (MAP) kinase activation and non-canonical nuclear factor-kB signalling ",[PM][LIVTFYHQE][QS].(([DE].)|(.[DE])),PESFDL,42,47,TNR8_HUMAN,Homo sapiens,9168896 8662842 10518213,true positive,5,5,ordered
ELME000118,LIG_TRAF2like_MATH_loPxQ_2,"TRAF2 group (TRAF1,2,3,5) MATH domain binding motifs",LIG,Long (or minor) TRAF2 binding motif. Members of the tumour necrosis factor receptor (TNFR) superfamily initiate intracellular signaling by recruiting the C-domain of the TNFR-associated factors (TRAFs) to their cytoplasmic tails.,IPR037305,"TNF receptor-associated factor 2, MATH domain", TNF receptor-associated factor 2 (TRAF2) regulates activation of NF-kappa-B and JNK and plays a central role in the regulation of cell survival and apoptosis ,[PM][LIVTFYHQE][QS].(([DE].)|(.[DE])),PESFDL,42,47,TNR8_HUMAN,Homo sapiens,9168896 8662842 10518213,true positive,5,5,ordered
ELME000118,LIG_TRAF2like_MATH_loPxQ_2,"TRAF2 group (TRAF1,2,3,5) MATH domain binding motifs",LIG,Long (or minor) TRAF2 binding motif. Members of the tumour necrosis factor receptor (TNFR) superfamily initiate intracellular signaling by recruiting the C-domain of the TNFR-associated factors (TRAFs) to their cytoplasmic tails.,IPR037306,"TNF receptor-associated factor 1, MATH domain", TNF receptor-associated factor 1 (TRAF1) plays a role in the regulation of cell survival and apoptosis ,[PM][LIVTFYHQE][QS].(([DE].)|(.[DE])),PESFDL,42,47,TNR8_HUMAN,Homo sapiens,9168896 8662842 10518213,true positive,5,5,ordered
ELME000133,LIG_TRAF6_MATH_1,Motif which binds to the MATH domain of the TRAF6 K63 E3 ligase,LIG,TRAF6 binding site. Members of the tumour necrosis factor receptor (TNFR) superfamily initiate intracellular signalling by recruiting the C-domains of the TNFR-associated factors (TRAFs) using motifs in their cytoplasmic tails.,PF00917,MATH,MATH domain,..P[^P]E[^P].[FYWHDE].,KCPVEESEA,250,258,CIKS_MOUSE,Mus musculus,12459498,true positive,34,5,inbetween
ELME000133,LIG_TRAF6_MATH_1,Motif which binds to the MATH domain of the TRAF6 K63 E3 ligase,LIG,TRAF6 binding site. Members of the tumour necrosis factor receptor (TNFR) superfamily initiate intracellular signalling by recruiting the C-domains of the TNFR-associated factors (TRAFs) using motifs in their cytoplasmic tails.,IPR037309,"TNF receptor-associated factor 6, MATH domain"," TNF receptor-associated factor 6 (TRAF6) regulates a diverse array of processes, including adaptive immunity, innate immunity, bone metabolism and tissue development",..P[^P]E[^P].[FYWHDE].,KCPVEESEA,250,258,CIKS_MOUSE,Mus musculus,12459498,true positive,34,5,inbetween
ELME000133,LIG_TRAF6_MATH_1,Motif which binds to the MATH domain of the TRAF6 K63 E3 ligase,LIG,TRAF6 binding site. Members of the tumour necrosis factor receptor (TNFR) superfamily initiate intracellular signalling by recruiting the C-domains of the TNFR-associated factors (TRAFs) using motifs in their cytoplasmic tails.,PF00917,MATH,MATH domain,..P[^P]E[^P].[FYWHDE].,KCPVEESEA,250,258,ICP0_BHV1J,Bovine herpesvirus type 1.1 (strain Jura),31969874,true positive,34,5,inbetween
ELME000133,LIG_TRAF6_MATH_1,Motif which binds to the MATH domain of the TRAF6 K63 E3 ligase,LIG,TRAF6 binding site. Members of the tumour necrosis factor receptor (TNFR) superfamily initiate intracellular signalling by recruiting the C-domains of the TNFR-associated factors (TRAFs) using motifs in their cytoplasmic tails.,IPR037309,"TNF receptor-associated factor 6, MATH domain"," TNF receptor-associated factor 6 (TRAF6) regulates a diverse array of processes, including adaptive immunity, innate immunity, bone metabolism and tissue development",..P[^P]E[^P].[FYWHDE].,KCPVEESEA,250,258,ICP0_BHV1J,Bovine herpesvirus type 1.1 (strain Jura),31969874,true positive,34,5,inbetween
ELME000133,LIG_TRAF6_MATH_1,Motif which binds to the MATH domain of the TRAF6 K63 E3 ligase,LIG,TRAF6 binding site. Members of the tumour necrosis factor receptor (TNFR) superfamily initiate intracellular signalling by recruiting the C-domains of the TNFR-associated factors (TRAFs) using motifs in their cytoplasmic tails.,PF00917,MATH,MATH domain,..P[^P]E[^P].[FYWHDE].,KCPVEESEA,250,258,INLR1_HUMAN,Homo sapiens,22644879,true positive,34,5,inbetween
ELME000133,LIG_TRAF6_MATH_1,Motif which binds to the MATH domain of the TRAF6 K63 E3 ligase,LIG,TRAF6 binding site. Members of the tumour necrosis factor receptor (TNFR) superfamily initiate intracellular signalling by recruiting the C-domains of the TNFR-associated factors (TRAFs) using motifs in their cytoplasmic tails.,IPR037309,"TNF receptor-associated factor 6, MATH domain"," TNF receptor-associated factor 6 (TRAF6) regulates a diverse array of processes, including adaptive immunity, innate immunity, bone metabolism and tissue development",..P[^P]E[^P].[FYWHDE].,KCPVEESEA,250,258,INLR1_HUMAN,Homo sapiens,22644879,true positive,34,5,inbetween
ELME000133,LIG_TRAF6_MATH_1,Motif which binds to the MATH domain of the TRAF6 K63 E3 ligase,LIG,TRAF6 binding site. Members of the tumour necrosis factor receptor (TNFR) superfamily initiate intracellular signalling by recruiting the C-domains of the TNFR-associated factors (TRAFs) using motifs in their cytoplasmic tails.,PF00917,MATH,MATH domain,..P[^P]E[^P].[FYWHDE].,KCPVEESEA,250,258,IRAK1_HUMAN,Homo sapiens,12140561,true positive,34,5,inbetween
ELME000133,LIG_TRAF6_MATH_1,Motif which binds to the MATH domain of the TRAF6 K63 E3 ligase,LIG,TRAF6 binding site. Members of the tumour necrosis factor receptor (TNFR) superfamily initiate intracellular signalling by recruiting the C-domains of the TNFR-associated factors (TRAFs) using motifs in their cytoplasmic tails.,IPR037309,"TNF receptor-associated factor 6, MATH domain"," TNF receptor-associated factor 6 (TRAF6) regulates a diverse array of processes, including adaptive immunity, innate immunity, bone metabolism and tissue development",..P[^P]E[^P].[FYWHDE].,KCPVEESEA,250,258,IRAK1_HUMAN,Homo sapiens,12140561,true positive,34,5,inbetween
ELME000133,LIG_TRAF6_MATH_1,Motif which binds to the MATH domain of the TRAF6 K63 E3 ligase,LIG,TRAF6 binding site. Members of the tumour necrosis factor receptor (TNFR) superfamily initiate intracellular signalling by recruiting the C-domains of the TNFR-associated factors (TRAFs) using motifs in their cytoplasmic tails.,PF00917,MATH,MATH domain,..P[^P]E[^P].[FYWHDE].,KCPVEESEA,250,258,IRAK1_MOUSE,Mus musculus,12140561,true positive,34,5,inbetween
ELME000133,LIG_TRAF6_MATH_1,Motif which binds to the MATH domain of the TRAF6 K63 E3 ligase,LIG,TRAF6 binding site. Members of the tumour necrosis factor receptor (TNFR) superfamily initiate intracellular signalling by recruiting the C-domains of the TNFR-associated factors (TRAFs) using motifs in their cytoplasmic tails.,IPR037309,"TNF receptor-associated factor 6, MATH domain"," TNF receptor-associated factor 6 (TRAF6) regulates a diverse array of processes, including adaptive immunity, innate immunity, bone metabolism and tissue development",..P[^P]E[^P].[FYWHDE].,KCPVEESEA,250,258,IRAK1_MOUSE,Mus musculus,12140561,true positive,34,5,inbetween
ELME000133,LIG_TRAF6_MATH_1,Motif which binds to the MATH domain of the TRAF6 K63 E3 ligase,LIG,TRAF6 binding site. Members of the tumour necrosis factor receptor (TNFR) superfamily initiate intracellular signalling by recruiting the C-domains of the TNFR-associated factors (TRAFs) using motifs in their cytoplasmic tails.,PF00917,MATH,MATH domain,..P[^P]E[^P].[FYWHDE].,KCPVEESEA,250,258,IRAK2_HUMAN,Homo sapiens,12140561,true positive,34,5,inbetween
ELME000133,LIG_TRAF6_MATH_1,Motif which binds to the MATH domain of the TRAF6 K63 E3 ligase,LIG,TRAF6 binding site. Members of the tumour necrosis factor receptor (TNFR) superfamily initiate intracellular signalling by recruiting the C-domains of the TNFR-associated factors (TRAFs) using motifs in their cytoplasmic tails.,IPR037309,"TNF receptor-associated factor 6, MATH domain"," TNF receptor-associated factor 6 (TRAF6) regulates a diverse array of processes, including adaptive immunity, innate immunity, bone metabolism and tissue development",..P[^P]E[^P].[FYWHDE].,KCPVEESEA,250,258,IRAK2_HUMAN,Homo sapiens,12140561,true positive,34,5,inbetween
ELME000133,LIG_TRAF6_MATH_1,Motif which binds to the MATH domain of the TRAF6 K63 E3 ligase,LIG,TRAF6 binding site. Members of the tumour necrosis factor receptor (TNFR) superfamily initiate intracellular signalling by recruiting the C-domains of the TNFR-associated factors (TRAFs) using motifs in their cytoplasmic tails.,PF00917,MATH,MATH domain,..P[^P]E[^P].[FYWHDE].,KCPVEESEA,250,258,MALT1_HUMAN,Homo sapiens,15125833,true positive,34,5,inbetween
ELME000133,LIG_TRAF6_MATH_1,Motif which binds to the MATH domain of the TRAF6 K63 E3 ligase,LIG,TRAF6 binding site. Members of the tumour necrosis factor receptor (TNFR) superfamily initiate intracellular signalling by recruiting the C-domains of the TNFR-associated factors (TRAFs) using motifs in their cytoplasmic tails.,IPR037309,"TNF receptor-associated factor 6, MATH domain"," TNF receptor-associated factor 6 (TRAF6) regulates a diverse array of processes, including adaptive immunity, innate immunity, bone metabolism and tissue development",..P[^P]E[^P].[FYWHDE].,KCPVEESEA,250,258,MALT1_HUMAN,Homo sapiens,15125833,true positive,34,5,inbetween
ELME000133,LIG_TRAF6_MATH_1,Motif which binds to the MATH domain of the TRAF6 K63 E3 ligase,LIG,TRAF6 binding site. Members of the tumour necrosis factor receptor (TNFR) superfamily initiate intracellular signalling by recruiting the C-domains of the TNFR-associated factors (TRAFs) using motifs in their cytoplasmic tails.,PF00917,MATH,MATH domain,..P[^P]E[^P].[FYWHDE].,KCPVEESEA,250,258,MAVS_HUMAN,Homo sapiens,16153868,true positive,34,5,inbetween
ELME000133,LIG_TRAF6_MATH_1,Motif which binds to the MATH domain of the TRAF6 K63 E3 ligase,LIG,TRAF6 binding site. Members of the tumour necrosis factor receptor (TNFR) superfamily initiate intracellular signalling by recruiting the C-domains of the TNFR-associated factors (TRAFs) using motifs in their cytoplasmic tails.,IPR037309,"TNF receptor-associated factor 6, MATH domain"," TNF receptor-associated factor 6 (TRAF6) regulates a diverse array of processes, including adaptive immunity, innate immunity, bone metabolism and tissue development",..P[^P]E[^P].[FYWHDE].,KCPVEESEA,250,258,MAVS_HUMAN,Homo sapiens,16153868,true positive,34,5,inbetween
ELME000133,LIG_TRAF6_MATH_1,Motif which binds to the MATH domain of the TRAF6 K63 E3 ligase,LIG,TRAF6 binding site. Members of the tumour necrosis factor receptor (TNFR) superfamily initiate intracellular signalling by recruiting the C-domains of the TNFR-associated factors (TRAFs) using motifs in their cytoplasmic tails.,PF00917,MATH,MATH domain,..P[^P]E[^P].[FYWHDE].,KCPVEESEA,250,258,MAVS_HUMAN,Homo sapiens,16153868 26385923,true positive,34,5,inbetween
ELME000133,LIG_TRAF6_MATH_1,Motif which binds to the MATH domain of the TRAF6 K63 E3 ligase,LIG,TRAF6 binding site. Members of the tumour necrosis factor receptor (TNFR) superfamily initiate intracellular signalling by recruiting the C-domains of the TNFR-associated factors (TRAFs) using motifs in their cytoplasmic tails.,IPR037309,"TNF receptor-associated factor 6, MATH domain"," TNF receptor-associated factor 6 (TRAF6) regulates a diverse array of processes, including adaptive immunity, innate immunity, bone metabolism and tissue development",..P[^P]E[^P].[FYWHDE].,KCPVEESEA,250,258,MAVS_HUMAN,Homo sapiens,16153868 26385923,true positive,34,5,inbetween
ELME000133,LIG_TRAF6_MATH_1,Motif which binds to the MATH domain of the TRAF6 K63 E3 ligase,LIG,TRAF6 binding site. Members of the tumour necrosis factor receptor (TNFR) superfamily initiate intracellular signalling by recruiting the C-domains of the TNFR-associated factors (TRAFs) using motifs in their cytoplasmic tails.,PF00917,MATH,MATH domain,..P[^P]E[^P].[FYWHDE].,KCPVEESEA,250,258,NPTN_MOUSE,Mus musculus,33363141,true positive,34,5,inbetween
ELME000133,LIG_TRAF6_MATH_1,Motif which binds to the MATH domain of the TRAF6 K63 E3 ligase,LIG,TRAF6 binding site. Members of the tumour necrosis factor receptor (TNFR) superfamily initiate intracellular signalling by recruiting the C-domains of the TNFR-associated factors (TRAFs) using motifs in their cytoplasmic tails.,IPR037309,"TNF receptor-associated factor 6, MATH domain"," TNF receptor-associated factor 6 (TRAF6) regulates a diverse array of processes, including adaptive immunity, innate immunity, bone metabolism and tissue development",..P[^P]E[^P].[FYWHDE].,KCPVEESEA,250,258,NPTN_MOUSE,Mus musculus,33363141,true positive,34,5,inbetween
ELME000133,LIG_TRAF6_MATH_1,Motif which binds to the MATH domain of the TRAF6 K63 E3 ligase,LIG,TRAF6 binding site. Members of the tumour necrosis factor receptor (TNFR) superfamily initiate intracellular signalling by recruiting the C-domains of the TNFR-associated factors (TRAFs) using motifs in their cytoplasmic tails.,PF00917,MATH,MATH domain,..P[^P]E[^P].[FYWHDE].,KCPVEESEA,250,258,RANB9_HUMAN,Homo sapiens,21805090,true positive,34,5,inbetween
ELME000133,LIG_TRAF6_MATH_1,Motif which binds to the MATH domain of the TRAF6 K63 E3 ligase,LIG,TRAF6 binding site. Members of the tumour necrosis factor receptor (TNFR) superfamily initiate intracellular signalling by recruiting the C-domains of the TNFR-associated factors (TRAFs) using motifs in their cytoplasmic tails.,IPR037309,"TNF receptor-associated factor 6, MATH domain"," TNF receptor-associated factor 6 (TRAF6) regulates a diverse array of processes, including adaptive immunity, innate immunity, bone metabolism and tissue development",..P[^P]E[^P].[FYWHDE].,KCPVEESEA,250,258,RANB9_HUMAN,Homo sapiens,21805090,true positive,34,5,inbetween
ELME000133,LIG_TRAF6_MATH_1,Motif which binds to the MATH domain of the TRAF6 K63 E3 ligase,LIG,TRAF6 binding site. Members of the tumour necrosis factor receptor (TNFR) superfamily initiate intracellular signalling by recruiting the C-domains of the TNFR-associated factors (TRAFs) using motifs in their cytoplasmic tails.,PF00917,MATH,MATH domain,..P[^P]E[^P].[FYWHDE].,KCPVEESEA,250,258,STING_DANRE,Danio rerio,31018131,true positive,34,5,inbetween
ELME000133,LIG_TRAF6_MATH_1,Motif which binds to the MATH domain of the TRAF6 K63 E3 ligase,LIG,TRAF6 binding site. Members of the tumour necrosis factor receptor (TNFR) superfamily initiate intracellular signalling by recruiting the C-domains of the TNFR-associated factors (TRAFs) using motifs in their cytoplasmic tails.,IPR037309,"TNF receptor-associated factor 6, MATH domain"," TNF receptor-associated factor 6 (TRAF6) regulates a diverse array of processes, including adaptive immunity, innate immunity, bone metabolism and tissue development",..P[^P]E[^P].[FYWHDE].,KCPVEESEA,250,258,STING_DANRE,Danio rerio,31018131,true positive,34,5,inbetween
ELME000133,LIG_TRAF6_MATH_1,Motif which binds to the MATH domain of the TRAF6 K63 E3 ligase,LIG,TRAF6 binding site. Members of the tumour necrosis factor receptor (TNFR) superfamily initiate intracellular signalling by recruiting the C-domains of the TNFR-associated factors (TRAFs) using motifs in their cytoplasmic tails.,PF00917,MATH,MATH domain,..P[^P]E[^P].[FYWHDE].,KCPVEESEA,250,258,TCAM1_HUMAN,Homo sapiens,14982987,true positive,34,5,inbetween
ELME000133,LIG_TRAF6_MATH_1,Motif which binds to the MATH domain of the TRAF6 K63 E3 ligase,LIG,TRAF6 binding site. Members of the tumour necrosis factor receptor (TNFR) superfamily initiate intracellular signalling by recruiting the C-domains of the TNFR-associated factors (TRAFs) using motifs in their cytoplasmic tails.,IPR037309,"TNF receptor-associated factor 6, MATH domain"," TNF receptor-associated factor 6 (TRAF6) regulates a diverse array of processes, including adaptive immunity, innate immunity, bone metabolism and tissue development",..P[^P]E[^P].[FYWHDE].,KCPVEESEA,250,258,TCAM1_HUMAN,Homo sapiens,14982987,true positive,34,5,inbetween
ELME000133,LIG_TRAF6_MATH_1,Motif which binds to the MATH domain of the TRAF6 K63 E3 ligase,LIG,TRAF6 binding site. Members of the tumour necrosis factor receptor (TNFR) superfamily initiate intracellular signalling by recruiting the C-domains of the TNFR-associated factors (TRAFs) using motifs in their cytoplasmic tails.,PF00917,MATH,MATH domain,..P[^P]E[^P].[FYWHDE].,KCPVEESEA,250,258,TIFA_HUMAN,Homo sapiens,30378729,true positive,34,5,inbetween
ELME000133,LIG_TRAF6_MATH_1,Motif which binds to the MATH domain of the TRAF6 K63 E3 ligase,LIG,TRAF6 binding site. Members of the tumour necrosis factor receptor (TNFR) superfamily initiate intracellular signalling by recruiting the C-domains of the TNFR-associated factors (TRAFs) using motifs in their cytoplasmic tails.,IPR037309,"TNF receptor-associated factor 6, MATH domain"," TNF receptor-associated factor 6 (TRAF6) regulates a diverse array of processes, including adaptive immunity, innate immunity, bone metabolism and tissue development",..P[^P]E[^P].[FYWHDE].,KCPVEESEA,250,258,TIFA_HUMAN,Homo sapiens,30378729,true positive,34,5,inbetween
ELME000133,LIG_TRAF6_MATH_1,Motif which binds to the MATH domain of the TRAF6 K63 E3 ligase,LIG,TRAF6 binding site. Members of the tumour necrosis factor receptor (TNFR) superfamily initiate intracellular signalling by recruiting the C-domains of the TNFR-associated factors (TRAFs) using motifs in their cytoplasmic tails.,PF00917,MATH,MATH domain,..P[^P]E[^P].[FYWHDE].,KCPVEESEA,250,258,TIO_ATHV3,Ateline herpesvirus 3,16452479,true positive,34,5,inbetween
ELME000133,LIG_TRAF6_MATH_1,Motif which binds to the MATH domain of the TRAF6 K63 E3 ligase,LIG,TRAF6 binding site. Members of the tumour necrosis factor receptor (TNFR) superfamily initiate intracellular signalling by recruiting the C-domains of the TNFR-associated factors (TRAFs) using motifs in their cytoplasmic tails.,IPR037309,"TNF receptor-associated factor 6, MATH domain"," TNF receptor-associated factor 6 (TRAF6) regulates a diverse array of processes, including adaptive immunity, innate immunity, bone metabolism and tissue development",..P[^P]E[^P].[FYWHDE].,KCPVEESEA,250,258,TIO_ATHV3,Ateline herpesvirus 3,16452479,true positive,34,5,inbetween
ELME000133,LIG_TRAF6_MATH_1,Motif which binds to the MATH domain of the TRAF6 K63 E3 ligase,LIG,TRAF6 binding site. Members of the tumour necrosis factor receptor (TNFR) superfamily initiate intracellular signalling by recruiting the C-domains of the TNFR-associated factors (TRAFs) using motifs in their cytoplasmic tails.,PF00917,MATH,MATH domain,..P[^P]E[^P].[FYWHDE].,KCPVEESEA,250,258,TNR11_HUMAN,Homo sapiens,12140561,true positive,34,5,inbetween
ELME000133,LIG_TRAF6_MATH_1,Motif which binds to the MATH domain of the TRAF6 K63 E3 ligase,LIG,TRAF6 binding site. Members of the tumour necrosis factor receptor (TNFR) superfamily initiate intracellular signalling by recruiting the C-domains of the TNFR-associated factors (TRAFs) using motifs in their cytoplasmic tails.,IPR037309,"TNF receptor-associated factor 6, MATH domain"," TNF receptor-associated factor 6 (TRAF6) regulates a diverse array of processes, including adaptive immunity, innate immunity, bone metabolism and tissue development",..P[^P]E[^P].[FYWHDE].,KCPVEESEA,250,258,TNR11_HUMAN,Homo sapiens,12140561,true positive,34,5,inbetween
ELME000133,LIG_TRAF6_MATH_1,Motif which binds to the MATH domain of the TRAF6 K63 E3 ligase,LIG,TRAF6 binding site. Members of the tumour necrosis factor receptor (TNFR) superfamily initiate intracellular signalling by recruiting the C-domains of the TNFR-associated factors (TRAFs) using motifs in their cytoplasmic tails.,PF00917,MATH,MATH domain,..P[^P]E[^P].[FYWHDE].,KCPVEESEA,250,258,TNR11_MOUSE,Mus musculus,12140561,true positive,34,5,inbetween
ELME000133,LIG_TRAF6_MATH_1,Motif which binds to the MATH domain of the TRAF6 K63 E3 ligase,LIG,TRAF6 binding site. Members of the tumour necrosis factor receptor (TNFR) superfamily initiate intracellular signalling by recruiting the C-domains of the TNFR-associated factors (TRAFs) using motifs in their cytoplasmic tails.,IPR037309,"TNF receptor-associated factor 6, MATH domain"," TNF receptor-associated factor 6 (TRAF6) regulates a diverse array of processes, including adaptive immunity, innate immunity, bone metabolism and tissue development",..P[^P]E[^P].[FYWHDE].,KCPVEESEA,250,258,TNR11_MOUSE,Mus musculus,12140561,true positive,34,5,inbetween
ELME000133,LIG_TRAF6_MATH_1,Motif which binds to the MATH domain of the TRAF6 K63 E3 ligase,LIG,TRAF6 binding site. Members of the tumour necrosis factor receptor (TNFR) superfamily initiate intracellular signalling by recruiting the C-domains of the TNFR-associated factors (TRAFs) using motifs in their cytoplasmic tails.,PF00917,MATH,MATH domain,..P[^P]E[^P].[FYWHDE].,KCPVEESEA,250,258,TNR27_HUMAN,Homo sapiens,12270937,unknown,34,5,inbetween
ELME000133,LIG_TRAF6_MATH_1,Motif which binds to the MATH domain of the TRAF6 K63 E3 ligase,LIG,TRAF6 binding site. Members of the tumour necrosis factor receptor (TNFR) superfamily initiate intracellular signalling by recruiting the C-domains of the TNFR-associated factors (TRAFs) using motifs in their cytoplasmic tails.,IPR037309,"TNF receptor-associated factor 6, MATH domain"," TNF receptor-associated factor 6 (TRAF6) regulates a diverse array of processes, including adaptive immunity, innate immunity, bone metabolism and tissue development",..P[^P]E[^P].[FYWHDE].,KCPVEESEA,250,258,TNR27_HUMAN,Homo sapiens,12270937,unknown,34,5,inbetween
ELME000133,LIG_TRAF6_MATH_1,Motif which binds to the MATH domain of the TRAF6 K63 E3 ligase,LIG,TRAF6 binding site. Members of the tumour necrosis factor receptor (TNFR) superfamily initiate intracellular signalling by recruiting the C-domains of the TNFR-associated factors (TRAFs) using motifs in their cytoplasmic tails.,PF00917,MATH,MATH domain,..P[^P]E[^P].[FYWHDE].,KCPVEESEA,250,258,TNR5_HUMAN,Homo sapiens,12140561 10318845,true positive,34,5,inbetween
ELME000133,LIG_TRAF6_MATH_1,Motif which binds to the MATH domain of the TRAF6 K63 E3 ligase,LIG,TRAF6 binding site. Members of the tumour necrosis factor receptor (TNFR) superfamily initiate intracellular signalling by recruiting the C-domains of the TNFR-associated factors (TRAFs) using motifs in their cytoplasmic tails.,IPR037309,"TNF receptor-associated factor 6, MATH domain"," TNF receptor-associated factor 6 (TRAF6) regulates a diverse array of processes, including adaptive immunity, innate immunity, bone metabolism and tissue development",..P[^P]E[^P].[FYWHDE].,KCPVEESEA,250,258,TNR5_HUMAN,Homo sapiens,12140561 10318845,true positive,34,5,inbetween
ELME000133,LIG_TRAF6_MATH_1,Motif which binds to the MATH domain of the TRAF6 K63 E3 ligase,LIG,TRAF6 binding site. Members of the tumour necrosis factor receptor (TNFR) superfamily initiate intracellular signalling by recruiting the C-domains of the TNFR-associated factors (TRAFs) using motifs in their cytoplasmic tails.,PF00917,MATH,MATH domain,..P[^P]E[^P].[FYWHDE].,KCPVEESEA,250,258,TNR5_MOUSE,Mus musculus,12140561,true positive,34,5,inbetween
ELME000133,LIG_TRAF6_MATH_1,Motif which binds to the MATH domain of the TRAF6 K63 E3 ligase,LIG,TRAF6 binding site. Members of the tumour necrosis factor receptor (TNFR) superfamily initiate intracellular signalling by recruiting the C-domains of the TNFR-associated factors (TRAFs) using motifs in their cytoplasmic tails.,IPR037309,"TNF receptor-associated factor 6, MATH domain"," TNF receptor-associated factor 6 (TRAF6) regulates a diverse array of processes, including adaptive immunity, innate immunity, bone metabolism and tissue development",..P[^P]E[^P].[FYWHDE].,KCPVEESEA,250,258,TNR5_MOUSE,Mus musculus,12140561,true positive,34,5,inbetween
ELME000133,LIG_TRAF6_MATH_1,Motif which binds to the MATH domain of the TRAF6 K63 E3 ligase,LIG,TRAF6 binding site. Members of the tumour necrosis factor receptor (TNFR) superfamily initiate intracellular signalling by recruiting the C-domains of the TNFR-associated factors (TRAFs) using motifs in their cytoplasmic tails.,PF00917,MATH,MATH domain,..P[^P]E[^P].[FYWHDE].,KCPVEESEA,250,258,TRIP6_HUMAN,Homo sapiens,27134758,true positive,34,5,inbetween
ELME000133,LIG_TRAF6_MATH_1,Motif which binds to the MATH domain of the TRAF6 K63 E3 ligase,LIG,TRAF6 binding site. Members of the tumour necrosis factor receptor (TNFR) superfamily initiate intracellular signalling by recruiting the C-domains of the TNFR-associated factors (TRAFs) using motifs in their cytoplasmic tails.,IPR037309,"TNF receptor-associated factor 6, MATH domain"," TNF receptor-associated factor 6 (TRAF6) regulates a diverse array of processes, including adaptive immunity, innate immunity, bone metabolism and tissue development",..P[^P]E[^P].[FYWHDE].,KCPVEESEA,250,258,TRIP6_HUMAN,Homo sapiens,27134758,true positive,34,5,inbetween
ELME000133,LIG_TRAF6_MATH_1,Motif which binds to the MATH domain of the TRAF6 K63 E3 ligase,LIG,TRAF6 binding site. Members of the tumour necrosis factor receptor (TNFR) superfamily initiate intracellular signalling by recruiting the C-domains of the TNFR-associated factors (TRAFs) using motifs in their cytoplasmic tails.,PF00917,MATH,MATH domain,..P[^P]E[^P].[FYWHDE].,KCPVEESEA,250,258,V120_HHV11,Herpes simplex virus (type 1 / strain 17),18682563,true positive,34,5,inbetween
ELME000133,LIG_TRAF6_MATH_1,Motif which binds to the MATH domain of the TRAF6 K63 E3 ligase,LIG,TRAF6 binding site. Members of the tumour necrosis factor receptor (TNFR) superfamily initiate intracellular signalling by recruiting the C-domains of the TNFR-associated factors (TRAFs) using motifs in their cytoplasmic tails.,IPR037309,"TNF receptor-associated factor 6, MATH domain"," TNF receptor-associated factor 6 (TRAF6) regulates a diverse array of processes, including adaptive immunity, innate immunity, bone metabolism and tissue development",..P[^P]E[^P].[FYWHDE].,KCPVEESEA,250,258,V120_HHV11,Herpes simplex virus (type 1 / strain 17),18682563,true positive,34,5,inbetween
ELME000133,LIG_TRAF6_MATH_1,Motif which binds to the MATH domain of the TRAF6 K63 E3 ligase,LIG,TRAF6 binding site. Members of the tumour necrosis factor receptor (TNFR) superfamily initiate intracellular signalling by recruiting the C-domains of the TNFR-associated factors (TRAFs) using motifs in their cytoplasmic tails.,PF00917,MATH,MATH domain,..P[^P]E[^P].[FYWHDE].,KCPVEESEA,250,258,VCLAP_EHV2,Equid herpesvirus type 2 strain 86/87,11238466,true positive,34,5,inbetween
ELME000133,LIG_TRAF6_MATH_1,Motif which binds to the MATH domain of the TRAF6 K63 E3 ligase,LIG,TRAF6 binding site. Members of the tumour necrosis factor receptor (TNFR) superfamily initiate intracellular signalling by recruiting the C-domains of the TNFR-associated factors (TRAFs) using motifs in their cytoplasmic tails.,IPR037309,"TNF receptor-associated factor 6, MATH domain"," TNF receptor-associated factor 6 (TRAF6) regulates a diverse array of processes, including adaptive immunity, innate immunity, bone metabolism and tissue development",..P[^P]E[^P].[FYWHDE].,KCPVEESEA,250,258,VCLAP_EHV2,Equid herpesvirus type 2 strain 86/87,11238466,true positive,34,5,inbetween
ELME000249,LIG_TRFH_1,TRFH domain docking motifs,LIG,TRF1 and TRF2 both bind to another shelterin protein: TIN2. The TRF1-TIN2 interaction was mediated by a short motif in the N-Ter of TIN2. TIN2 connects TRF1 to TRF2; this link contributes to the stabilization of TRF2 on telomeres.,PF08558,TRF,Telomere repeat binding factor (TRF),[FY].L.P,FDLQP,45,49,DCR1B_HUMAN,Homo sapiens,18202258,true positive,3,2,ordered
ELME000249,LIG_TRFH_1,TRFH domain docking motifs,LIG,TRF1 and TRF2 both bind to another shelterin protein: TIN2. The TRF1-TIN2 interaction was mediated by a short motif in the N-Ter of TIN2. TIN2 connects TRF1 to TRF2; this link contributes to the stabilization of TRF2 on telomeres.,PF08558,TRF,Telomere repeat binding factor (TRF),[FY].L.P,FDLQP,45,49,PINX1_HUMAN,Homo sapiens,18202258,true positive,3,2,ordered
ELME000249,LIG_TRFH_1,TRFH domain docking motifs,LIG,TRF1 and TRF2 both bind to another shelterin protein: TIN2. The TRF1-TIN2 interaction was mediated by a short motif in the N-Ter of TIN2. TIN2 connects TRF1 to TRF2; this link contributes to the stabilization of TRF2 on telomeres.,PF08558,TRF,Telomere repeat binding factor (TRF),[FY].L.P,FDLQP,45,49,TINF2_HUMAN,Homo sapiens,18202258,true positive,3,2,ordered
ELME000365,LIG_WD40_WDR5_VDV_2,"WDR5 WD40 repeat (blade 5,6)-binding ligand",LIG,"Fungi-specific variant of the WDR5-binding motif that binds to a cleft between blades 5 and 6 of the WD40 repeat domain of WDR5, opposite of the Win motif-binding site, to mediate assembly of histone modification complexes.",IPR017986,IPR017986,WD40-repeat-containing domain,"[EDSTY].{0,4}[VIPLA][TSDEKR][ILVA]",DIATA,10,14,SWD1_SCHPO,Schizosaccharomyces pombe 972h-,20716525,true positive,2,0,ordered
ELME000365,LIG_WD40_WDR5_VDV_2,"WDR5 WD40 repeat (blade 5,6)-binding ligand",LIG,"Fungi-specific variant of the WDR5-binding motif that binds to a cleft between blades 5 and 6 of the WD40 repeat domain of WDR5, opposite of the Win motif-binding site, to mediate assembly of histone modification complexes.",IPR017986,IPR017986,WD40-repeat-containing domain,"[EDSTY].{0,4}[VIPLA][TSDEKR][ILVA]",DIATA,10,14,SWD1_YEAST,Saccharomyces cerevisiae S288c,20716525,true positive,2,0,ordered
ELME000365,LIG_WD40_WDR5_VDV_2,"WDR5 WD40 repeat (blade 5,6)-binding ligand",LIG,"Fungi-specific variant of the WDR5-binding motif that binds to a cleft between blades 5 and 6 of the WD40 repeat domain of WDR5, opposite of the Win motif-binding site, to mediate assembly of histone modification complexes.",IPR017986,IPR017986,WD40-repeat-containing domain,"[EDSTY].{0,4}[VIPLA][TSDEKR][ILVA]",DLQPIEV,46,52,SWD1_SCHPO,Schizosaccharomyces pombe 972h-,20716525,true positive,2,0,ordered
ELME000365,LIG_WD40_WDR5_VDV_2,"WDR5 WD40 repeat (blade 5,6)-binding ligand",LIG,"Fungi-specific variant of the WDR5-binding motif that binds to a cleft between blades 5 and 6 of the WD40 repeat domain of WDR5, opposite of the Win motif-binding site, to mediate assembly of histone modification complexes.",IPR017986,IPR017986,WD40-repeat-containing domain,"[EDSTY].{0,4}[VIPLA][TSDEKR][ILVA]",DLQPIEV,46,52,SWD1_YEAST,Saccharomyces cerevisiae S288c,20716525,true positive,2,0,ordered
ELME000365,LIG_WD40_WDR5_VDV_2,"WDR5 WD40 repeat (blade 5,6)-binding ligand",LIG,"Fungi-specific variant of the WDR5-binding motif that binds to a cleft between blades 5 and 6 of the WD40 repeat domain of WDR5, opposite of the Win motif-binding site, to mediate assembly of histone modification complexes.",IPR017986,IPR017986,WD40-repeat-containing domain,"[EDSTY].{0,4}[VIPLA][TSDEKR][ILVA]",EVGKARL,51,57,SWD1_SCHPO,Schizosaccharomyces pombe 972h-,20716525,true positive,2,0,ordered
ELME000365,LIG_WD40_WDR5_VDV_2,"WDR5 WD40 repeat (blade 5,6)-binding ligand",LIG,"Fungi-specific variant of the WDR5-binding motif that binds to a cleft between blades 5 and 6 of the WD40 repeat domain of WDR5, opposite of the Win motif-binding site, to mediate assembly of histone modification complexes.",IPR017986,IPR017986,WD40-repeat-containing domain,"[EDSTY].{0,4}[VIPLA][TSDEKR][ILVA]",EVGKARL,51,57,SWD1_YEAST,Saccharomyces cerevisiae S288c,20716525,true positive,2,0,ordered
ELME000365,LIG_WD40_WDR5_VDV_2,"WDR5 WD40 repeat (blade 5,6)-binding ligand",LIG,"Fungi-specific variant of the WDR5-binding motif that binds to a cleft between blades 5 and 6 of the WD40 repeat domain of WDR5, opposite of the Win motif-binding site, to mediate assembly of histone modification complexes.",IPR017986,IPR017986,WD40-repeat-containing domain,"[EDSTY].{0,4}[VIPLA][TSDEKR][ILVA]",DKQLAEA,82,88,SWD1_SCHPO,Schizosaccharomyces pombe 972h-,20716525,true positive,2,0,ordered
ELME000365,LIG_WD40_WDR5_VDV_2,"WDR5 WD40 repeat (blade 5,6)-binding ligand",LIG,"Fungi-specific variant of the WDR5-binding motif that binds to a cleft between blades 5 and 6 of the WD40 repeat domain of WDR5, opposite of the Win motif-binding site, to mediate assembly of histone modification complexes.",IPR017986,IPR017986,WD40-repeat-containing domain,"[EDSTY].{0,4}[VIPLA][TSDEKR][ILVA]",DKQLAEA,82,88,SWD1_YEAST,Saccharomyces cerevisiae S288c,20716525,true positive,2,0,ordered
ELME000365,LIG_WD40_WDR5_VDV_2,"WDR5 WD40 repeat (blade 5,6)-binding ligand",LIG,"Fungi-specific variant of the WDR5-binding motif that binds to a cleft between blades 5 and 6 of the WD40 repeat domain of WDR5, opposite of the Win motif-binding site, to mediate assembly of histone modification complexes.",IPR017986,IPR017986,WD40-repeat-containing domain,"[EDSTY].{0,4}[VIPLA][TSDEKR][ILVA]",YESIAKI,89,95,SWD1_SCHPO,Schizosaccharomyces pombe 972h-,20716525,true positive,2,0,ordered
ELME000365,LIG_WD40_WDR5_VDV_2,"WDR5 WD40 repeat (blade 5,6)-binding ligand",LIG,"Fungi-specific variant of the WDR5-binding motif that binds to a cleft between blades 5 and 6 of the WD40 repeat domain of WDR5, opposite of the Win motif-binding site, to mediate assembly of histone modification complexes.",IPR017986,IPR017986,WD40-repeat-containing domain,"[EDSTY].{0,4}[VIPLA][TSDEKR][ILVA]",YESIAKI,89,95,SWD1_YEAST,Saccharomyces cerevisiae S288c,20716525,true positive,2,0,ordered
ELME000365,LIG_WD40_WDR5_VDV_2,"WDR5 WD40 repeat (blade 5,6)-binding ligand",LIG,"Fungi-specific variant of the WDR5-binding motif that binds to a cleft between blades 5 and 6 of the WD40 repeat domain of WDR5, opposite of the Win motif-binding site, to mediate assembly of histone modification complexes.",IPR017986,IPR017986,WD40-repeat-containing domain,"[EDSTY].{0,4}[VIPLA][TSDEKR][ILVA]",ESIAKI,90,95,SWD1_SCHPO,Schizosaccharomyces pombe 972h-,20716525,true positive,2,0,ordered
ELME000365,LIG_WD40_WDR5_VDV_2,"WDR5 WD40 repeat (blade 5,6)-binding ligand",LIG,"Fungi-specific variant of the WDR5-binding motif that binds to a cleft between blades 5 and 6 of the WD40 repeat domain of WDR5, opposite of the Win motif-binding site, to mediate assembly of histone modification complexes.",IPR017986,IPR017986,WD40-repeat-containing domain,"[EDSTY].{0,4}[VIPLA][TSDEKR][ILVA]",ESIAKI,90,95,SWD1_YEAST,Saccharomyces cerevisiae S288c,20716525,true positive,2,0,ordered
ELME000365,LIG_WD40_WDR5_VDV_2,"WDR5 WD40 repeat (blade 5,6)-binding ligand",LIG,"Fungi-specific variant of the WDR5-binding motif that binds to a cleft between blades 5 and 6 of the WD40 repeat domain of WDR5, opposite of the Win motif-binding site, to mediate assembly of histone modification complexes.",IPR017986,IPR017986,WD40-repeat-containing domain,"[EDSTY].{0,4}[VIPLA][TSDEKR][ILVA]",SIAKI,91,95,SWD1_SCHPO,Schizosaccharomyces pombe 972h-,20716525,true positive,2,0,ordered
ELME000365,LIG_WD40_WDR5_VDV_2,"WDR5 WD40 repeat (blade 5,6)-binding ligand",LIG,"Fungi-specific variant of the WDR5-binding motif that binds to a cleft between blades 5 and 6 of the WD40 repeat domain of WDR5, opposite of the Win motif-binding site, to mediate assembly of histone modification complexes.",IPR017986,IPR017986,WD40-repeat-containing domain,"[EDSTY].{0,4}[VIPLA][TSDEKR][ILVA]",SIAKI,91,95,SWD1_YEAST,Saccharomyces cerevisiae S288c,20716525,true positive,2,0,ordered
ELME000365,LIG_WD40_WDR5_VDV_2,"WDR5 WD40 repeat (blade 5,6)-binding ligand",LIG,"Fungi-specific variant of the WDR5-binding motif that binds to a cleft between blades 5 and 6 of the WD40 repeat domain of WDR5, opposite of the Win motif-binding site, to mediate assembly of histone modification complexes.",IPR017986,IPR017986,WD40-repeat-containing domain,"[EDSTY].{0,4}[VIPLA][TSDEKR][ILVA]",SLNHLLTA,124,131,SWD1_SCHPO,Schizosaccharomyces pombe 972h-,20716525,true positive,2,0,ordered
ELME000365,LIG_WD40_WDR5_VDV_2,"WDR5 WD40 repeat (blade 5,6)-binding ligand",LIG,"Fungi-specific variant of the WDR5-binding motif that binds to a cleft between blades 5 and 6 of the WD40 repeat domain of WDR5, opposite of the Win motif-binding site, to mediate assembly of histone modification complexes.",IPR017986,IPR017986,WD40-repeat-containing domain,"[EDSTY].{0,4}[VIPLA][TSDEKR][ILVA]",SLNHLLTA,124,131,SWD1_YEAST,Saccharomyces cerevisiae S288c,20716525,true positive,2,0,ordered
ELME000365,LIG_WD40_WDR5_VDV_2,"WDR5 WD40 repeat (blade 5,6)-binding ligand",LIG,"Fungi-specific variant of the WDR5-binding motif that binds to a cleft between blades 5 and 6 of the WD40 repeat domain of WDR5, opposite of the Win motif-binding site, to mediate assembly of histone modification complexes.",IPR017986,IPR017986,WD40-repeat-containing domain,"[EDSTY].{0,4}[VIPLA][TSDEKR][ILVA]",DTTDADV,133,139,SWD1_SCHPO,Schizosaccharomyces pombe 972h-,20716525,true positive,2,0,ordered
ELME000365,LIG_WD40_WDR5_VDV_2,"WDR5 WD40 repeat (blade 5,6)-binding ligand",LIG,"Fungi-specific variant of the WDR5-binding motif that binds to a cleft between blades 5 and 6 of the WD40 repeat domain of WDR5, opposite of the Win motif-binding site, to mediate assembly of histone modification complexes.",IPR017986,IPR017986,WD40-repeat-containing domain,"[EDSTY].{0,4}[VIPLA][TSDEKR][ILVA]",DTTDADV,133,139,SWD1_YEAST,Saccharomyces cerevisiae S288c,20716525,true positive,2,0,ordered
ELME000365,LIG_WD40_WDR5_VDV_2,"WDR5 WD40 repeat (blade 5,6)-binding ligand",LIG,"Fungi-specific variant of the WDR5-binding motif that binds to a cleft between blades 5 and 6 of the WD40 repeat domain of WDR5, opposite of the Win motif-binding site, to mediate assembly of histone modification complexes.",IPR017986,IPR017986,WD40-repeat-containing domain,"[EDSTY].{0,4}[VIPLA][TSDEKR][ILVA]",TTDADV,134,139,SWD1_SCHPO,Schizosaccharomyces pombe 972h-,20716525,true positive,2,0,ordered
ELME000365,LIG_WD40_WDR5_VDV_2,"WDR5 WD40 repeat (blade 5,6)-binding ligand",LIG,"Fungi-specific variant of the WDR5-binding motif that binds to a cleft between blades 5 and 6 of the WD40 repeat domain of WDR5, opposite of the Win motif-binding site, to mediate assembly of histone modification complexes.",IPR017986,IPR017986,WD40-repeat-containing domain,"[EDSTY].{0,4}[VIPLA][TSDEKR][ILVA]",TTDADV,134,139,SWD1_YEAST,Saccharomyces cerevisiae S288c,20716525,true positive,2,0,ordered
ELME000365,LIG_WD40_WDR5_VDV_2,"WDR5 WD40 repeat (blade 5,6)-binding ligand",LIG,"Fungi-specific variant of the WDR5-binding motif that binds to a cleft between blades 5 and 6 of the WD40 repeat domain of WDR5, opposite of the Win motif-binding site, to mediate assembly of histone modification complexes.",IPR017986,IPR017986,WD40-repeat-containing domain,"[EDSTY].{0,4}[VIPLA][TSDEKR][ILVA]",TDADV,135,139,SWD1_SCHPO,Schizosaccharomyces pombe 972h-,20716525,true positive,2,0,ordered
ELME000365,LIG_WD40_WDR5_VDV_2,"WDR5 WD40 repeat (blade 5,6)-binding ligand",LIG,"Fungi-specific variant of the WDR5-binding motif that binds to a cleft between blades 5 and 6 of the WD40 repeat domain of WDR5, opposite of the Win motif-binding site, to mediate assembly of histone modification complexes.",IPR017986,IPR017986,WD40-repeat-containing domain,"[EDSTY].{0,4}[VIPLA][TSDEKR][ILVA]",TDADV,135,139,SWD1_YEAST,Saccharomyces cerevisiae S288c,20716525,true positive,2,0,ordered
ELME000365,LIG_WD40_WDR5_VDV_2,"WDR5 WD40 repeat (blade 5,6)-binding ligand",LIG,"Fungi-specific variant of the WDR5-binding motif that binds to a cleft between blades 5 and 6 of the WD40 repeat domain of WDR5, opposite of the Win motif-binding site, to mediate assembly of histone modification complexes.",IPR017986,IPR017986,WD40-repeat-containing domain,"[EDSTY].{0,4}[VIPLA][TSDEKR][ILVA]",DADV,136,139,SWD1_SCHPO,Schizosaccharomyces pombe 972h-,20716525,true positive,2,0,ordered
ELME000365,LIG_WD40_WDR5_VDV_2,"WDR5 WD40 repeat (blade 5,6)-binding ligand",LIG,"Fungi-specific variant of the WDR5-binding motif that binds to a cleft between blades 5 and 6 of the WD40 repeat domain of WDR5, opposite of the Win motif-binding site, to mediate assembly of histone modification complexes.",IPR017986,IPR017986,WD40-repeat-containing domain,"[EDSTY].{0,4}[VIPLA][TSDEKR][ILVA]",DADV,136,139,SWD1_YEAST,Saccharomyces cerevisiae S288c,20716525,true positive,2,0,ordered
ELME000365,LIG_WD40_WDR5_VDV_2,"WDR5 WD40 repeat (blade 5,6)-binding ligand",LIG,"Fungi-specific variant of the WDR5-binding motif that binds to a cleft between blades 5 and 6 of the WD40 repeat domain of WDR5, opposite of the Win motif-binding site, to mediate assembly of histone modification complexes.",IPR017986,IPR017986,WD40-repeat-containing domain,"[EDSTY].{0,4}[VIPLA][TSDEKR][ILVA]",SSVTEPDA,171,178,SWD1_SCHPO,Schizosaccharomyces pombe 972h-,20716525,true positive,2,0,inbetween
ELME000365,LIG_WD40_WDR5_VDV_2,"WDR5 WD40 repeat (blade 5,6)-binding ligand",LIG,"Fungi-specific variant of the WDR5-binding motif that binds to a cleft between blades 5 and 6 of the WD40 repeat domain of WDR5, opposite of the Win motif-binding site, to mediate assembly of histone modification complexes.",IPR017986,IPR017986,WD40-repeat-containing domain,"[EDSTY].{0,4}[VIPLA][TSDEKR][ILVA]",SSVTEPDA,171,178,SWD1_YEAST,Saccharomyces cerevisiae S288c,20716525,true positive,2,0,inbetween
ELME000365,LIG_WD40_WDR5_VDV_2,"WDR5 WD40 repeat (blade 5,6)-binding ligand",LIG,"Fungi-specific variant of the WDR5-binding motif that binds to a cleft between blades 5 and 6 of the WD40 repeat domain of WDR5, opposite of the Win motif-binding site, to mediate assembly of histone modification complexes.",IPR017986,IPR017986,WD40-repeat-containing domain,"[EDSTY].{0,4}[VIPLA][TSDEKR][ILVA]",SVTEPDA,172,178,SWD1_SCHPO,Schizosaccharomyces pombe 972h-,20716525,true positive,2,0,inbetween
ELME000365,LIG_WD40_WDR5_VDV_2,"WDR5 WD40 repeat (blade 5,6)-binding ligand",LIG,"Fungi-specific variant of the WDR5-binding motif that binds to a cleft between blades 5 and 6 of the WD40 repeat domain of WDR5, opposite of the Win motif-binding site, to mediate assembly of histone modification complexes.",IPR017986,IPR017986,WD40-repeat-containing domain,"[EDSTY].{0,4}[VIPLA][TSDEKR][ILVA]",SVTEPDA,172,178,SWD1_YEAST,Saccharomyces cerevisiae S288c,20716525,true positive,2,0,inbetween
ELME000365,LIG_WD40_WDR5_VDV_2,"WDR5 WD40 repeat (blade 5,6)-binding ligand",LIG,"Fungi-specific variant of the WDR5-binding motif that binds to a cleft between blades 5 and 6 of the WD40 repeat domain of WDR5, opposite of the Win motif-binding site, to mediate assembly of histone modification complexes.",IPR017986,IPR017986,WD40-repeat-containing domain,"[EDSTY].{0,4}[VIPLA][TSDEKR][ILVA]",TEPDAEL,174,180,SWD1_SCHPO,Schizosaccharomyces pombe 972h-,20716525,true positive,2,0,inbetween
ELME000365,LIG_WD40_WDR5_VDV_2,"WDR5 WD40 repeat (blade 5,6)-binding ligand",LIG,"Fungi-specific variant of the WDR5-binding motif that binds to a cleft between blades 5 and 6 of the WD40 repeat domain of WDR5, opposite of the Win motif-binding site, to mediate assembly of histone modification complexes.",IPR017986,IPR017986,WD40-repeat-containing domain,"[EDSTY].{0,4}[VIPLA][TSDEKR][ILVA]",TEPDAEL,174,180,SWD1_YEAST,Saccharomyces cerevisiae S288c,20716525,true positive,2,0,inbetween
ELME000365,LIG_WD40_WDR5_VDV_2,"WDR5 WD40 repeat (blade 5,6)-binding ligand",LIG,"Fungi-specific variant of the WDR5-binding motif that binds to a cleft between blades 5 and 6 of the WD40 repeat domain of WDR5, opposite of the Win motif-binding site, to mediate assembly of histone modification complexes.",IPR017986,IPR017986,WD40-repeat-containing domain,"[EDSTY].{0,4}[VIPLA][TSDEKR][ILVA]",EPDAEL,175,180,SWD1_SCHPO,Schizosaccharomyces pombe 972h-,20716525,true positive,2,0,inbetween
ELME000365,LIG_WD40_WDR5_VDV_2,"WDR5 WD40 repeat (blade 5,6)-binding ligand",LIG,"Fungi-specific variant of the WDR5-binding motif that binds to a cleft between blades 5 and 6 of the WD40 repeat domain of WDR5, opposite of the Win motif-binding site, to mediate assembly of histone modification complexes.",IPR017986,IPR017986,WD40-repeat-containing domain,"[EDSTY].{0,4}[VIPLA][TSDEKR][ILVA]",EPDAEL,175,180,SWD1_YEAST,Saccharomyces cerevisiae S288c,20716525,true positive,2,0,inbetween
ELME000365,LIG_WD40_WDR5_VDV_2,"WDR5 WD40 repeat (blade 5,6)-binding ligand",LIG,"Fungi-specific variant of the WDR5-binding motif that binds to a cleft between blades 5 and 6 of the WD40 repeat domain of WDR5, opposite of the Win motif-binding site, to mediate assembly of histone modification complexes.",IPR017986,IPR017986,WD40-repeat-containing domain,"[EDSTY].{0,4}[VIPLA][TSDEKR][ILVA]",DAELVRV,177,183,SWD1_SCHPO,Schizosaccharomyces pombe 972h-,20716525,true positive,2,0,inbetween
ELME000365,LIG_WD40_WDR5_VDV_2,"WDR5 WD40 repeat (blade 5,6)-binding ligand",LIG,"Fungi-specific variant of the WDR5-binding motif that binds to a cleft between blades 5 and 6 of the WD40 repeat domain of WDR5, opposite of the Win motif-binding site, to mediate assembly of histone modification complexes.",IPR017986,IPR017986,WD40-repeat-containing domain,"[EDSTY].{0,4}[VIPLA][TSDEKR][ILVA]",DAELVRV,177,183,SWD1_YEAST,Saccharomyces cerevisiae S288c,20716525,true positive,2,0,inbetween
ELME000365,LIG_WD40_WDR5_VDV_2,"WDR5 WD40 repeat (blade 5,6)-binding ligand",LIG,"Fungi-specific variant of the WDR5-binding motif that binds to a cleft between blades 5 and 6 of the WD40 repeat domain of WDR5, opposite of the Win motif-binding site, to mediate assembly of histone modification complexes.",IPR017986,IPR017986,WD40-repeat-containing domain,"[EDSTY].{0,4}[VIPLA][TSDEKR][ILVA]",ELVRV,179,183,SWD1_SCHPO,Schizosaccharomyces pombe 972h-,20716525,true positive,2,0,disordered
ELME000365,LIG_WD40_WDR5_VDV_2,"WDR5 WD40 repeat (blade 5,6)-binding ligand",LIG,"Fungi-specific variant of the WDR5-binding motif that binds to a cleft between blades 5 and 6 of the WD40 repeat domain of WDR5, opposite of the Win motif-binding site, to mediate assembly of histone modification complexes.",IPR017986,IPR017986,WD40-repeat-containing domain,"[EDSTY].{0,4}[VIPLA][TSDEKR][ILVA]",ELVRV,179,183,SWD1_YEAST,Saccharomyces cerevisiae S288c,20716525,true positive,2,0,disordered
ELME000365,LIG_WD40_WDR5_VDV_2,"WDR5 WD40 repeat (blade 5,6)-binding ligand",LIG,"Fungi-specific variant of the WDR5-binding motif that binds to a cleft between blades 5 and 6 of the WD40 repeat domain of WDR5, opposite of the Win motif-binding site, to mediate assembly of histone modification complexes.",IPR017986,IPR017986,WD40-repeat-containing domain,"[EDSTY].{0,4}[VIPLA][TSDEKR][ILVA]",DIAEI,217,221,SWD1_SCHPO,Schizosaccharomyces pombe 972h-,20716525,true positive,2,0,ordered
ELME000365,LIG_WD40_WDR5_VDV_2,"WDR5 WD40 repeat (blade 5,6)-binding ligand",LIG,"Fungi-specific variant of the WDR5-binding motif that binds to a cleft between blades 5 and 6 of the WD40 repeat domain of WDR5, opposite of the Win motif-binding site, to mediate assembly of histone modification complexes.",IPR017986,IPR017986,WD40-repeat-containing domain,"[EDSTY].{0,4}[VIPLA][TSDEKR][ILVA]",DIAEI,217,221,SWD1_YEAST,Saccharomyces cerevisiae S288c,20716525,true positive,2,0,ordered
ELME000365,LIG_WD40_WDR5_VDV_2,"WDR5 WD40 repeat (blade 5,6)-binding ligand",LIG,"Fungi-specific variant of the WDR5-binding motif that binds to a cleft between blades 5 and 6 of the WD40 repeat domain of WDR5, opposite of the Win motif-binding site, to mediate assembly of histone modification complexes.",IPR017986,IPR017986,WD40-repeat-containing domain,"[EDSTY].{0,4}[VIPLA][TSDEKR][ILVA]",ERVQRLKA,276,283,SWD1_SCHPO,Schizosaccharomyces pombe 972h-,20716525,true positive,2,0,inbetween
ELME000365,LIG_WD40_WDR5_VDV_2,"WDR5 WD40 repeat (blade 5,6)-binding ligand",LIG,"Fungi-specific variant of the WDR5-binding motif that binds to a cleft between blades 5 and 6 of the WD40 repeat domain of WDR5, opposite of the Win motif-binding site, to mediate assembly of histone modification complexes.",IPR017986,IPR017986,WD40-repeat-containing domain,"[EDSTY].{0,4}[VIPLA][TSDEKR][ILVA]",ERVQRLKA,276,283,SWD1_YEAST,Saccharomyces cerevisiae S288c,20716525,true positive,2,0,inbetween
ELME000365,LIG_WD40_WDR5_VDV_2,"WDR5 WD40 repeat (blade 5,6)-binding ligand",LIG,"Fungi-specific variant of the WDR5-binding motif that binds to a cleft between blades 5 and 6 of the WD40 repeat domain of WDR5, opposite of the Win motif-binding site, to mediate assembly of histone modification complexes.",IPR017986,IPR017986,WD40-repeat-containing domain,"[EDSTY].{0,4}[VIPLA][TSDEKR][ILVA]",SRPEQITV,284,291,SWD1_SCHPO,Schizosaccharomyces pombe 972h-,20716525,true positive,2,0,inbetween
ELME000365,LIG_WD40_WDR5_VDV_2,"WDR5 WD40 repeat (blade 5,6)-binding ligand",LIG,"Fungi-specific variant of the WDR5-binding motif that binds to a cleft between blades 5 and 6 of the WD40 repeat domain of WDR5, opposite of the Win motif-binding site, to mediate assembly of histone modification complexes.",IPR017986,IPR017986,WD40-repeat-containing domain,"[EDSTY].{0,4}[VIPLA][TSDEKR][ILVA]",SRPEQITV,284,291,SWD1_YEAST,Saccharomyces cerevisiae S288c,20716525,true positive,2,0,inbetween
ELME000365,LIG_WD40_WDR5_VDV_2,"WDR5 WD40 repeat (blade 5,6)-binding ligand",LIG,"Fungi-specific variant of the WDR5-binding motif that binds to a cleft between blades 5 and 6 of the WD40 repeat domain of WDR5, opposite of the Win motif-binding site, to mediate assembly of histone modification complexes.",IPR017986,IPR017986,WD40-repeat-containing domain,"[EDSTY].{0,4}[VIPLA][TSDEKR][ILVA]",EQITV,287,291,SWD1_SCHPO,Schizosaccharomyces pombe 972h-,20716525,true positive,2,0,ordered
ELME000365,LIG_WD40_WDR5_VDV_2,"WDR5 WD40 repeat (blade 5,6)-binding ligand",LIG,"Fungi-specific variant of the WDR5-binding motif that binds to a cleft between blades 5 and 6 of the WD40 repeat domain of WDR5, opposite of the Win motif-binding site, to mediate assembly of histone modification complexes.",IPR017986,IPR017986,WD40-repeat-containing domain,"[EDSTY].{0,4}[VIPLA][TSDEKR][ILVA]",EQITV,287,291,SWD1_YEAST,Saccharomyces cerevisiae S288c,20716525,true positive,2,0,ordered
ELME000365,LIG_WD40_WDR5_VDV_2,"WDR5 WD40 repeat (blade 5,6)-binding ligand",LIG,"Fungi-specific variant of the WDR5-binding motif that binds to a cleft between blades 5 and 6 of the WD40 repeat domain of WDR5, opposite of the Win motif-binding site, to mediate assembly of histone modification complexes.",IPR017986,IPR017986,WD40-repeat-containing domain,"[EDSTY].{0,4}[VIPLA][TSDEKR][ILVA]",SPKV,317,320,SWD1_SCHPO,Schizosaccharomyces pombe 972h-,20716525,true positive,2,0,ordered
ELME000365,LIG_WD40_WDR5_VDV_2,"WDR5 WD40 repeat (blade 5,6)-binding ligand",LIG,"Fungi-specific variant of the WDR5-binding motif that binds to a cleft between blades 5 and 6 of the WD40 repeat domain of WDR5, opposite of the Win motif-binding site, to mediate assembly of histone modification complexes.",IPR017986,IPR017986,WD40-repeat-containing domain,"[EDSTY].{0,4}[VIPLA][TSDEKR][ILVA]",SPKV,317,320,SWD1_YEAST,Saccharomyces cerevisiae S288c,20716525,true positive,2,0,ordered
ELME000365,LIG_WD40_WDR5_VDV_2,"WDR5 WD40 repeat (blade 5,6)-binding ligand",LIG,"Fungi-specific variant of the WDR5-binding motif that binds to a cleft between blades 5 and 6 of the WD40 repeat domain of WDR5, opposite of the Win motif-binding site, to mediate assembly of histone modification complexes.",IPR017986,IPR017986,WD40-repeat-containing domain,"[EDSTY].{0,4}[VIPLA][TSDEKR][ILVA]",TPEQPTL,352,358,SWD1_SCHPO,Schizosaccharomyces pombe 972h-,20716525,true positive,2,0,disordered
ELME000365,LIG_WD40_WDR5_VDV_2,"WDR5 WD40 repeat (blade 5,6)-binding ligand",LIG,"Fungi-specific variant of the WDR5-binding motif that binds to a cleft between blades 5 and 6 of the WD40 repeat domain of WDR5, opposite of the Win motif-binding site, to mediate assembly of histone modification complexes.",IPR017986,IPR017986,WD40-repeat-containing domain,"[EDSTY].{0,4}[VIPLA][TSDEKR][ILVA]",TPEQPTL,352,358,SWD1_YEAST,Saccharomyces cerevisiae S288c,20716525,true positive,2,0,disordered
ELME000365,LIG_WD40_WDR5_VDV_2,"WDR5 WD40 repeat (blade 5,6)-binding ligand",LIG,"Fungi-specific variant of the WDR5-binding motif that binds to a cleft between blades 5 and 6 of the WD40 repeat domain of WDR5, opposite of the Win motif-binding site, to mediate assembly of histone modification complexes.",IPR017986,IPR017986,WD40-repeat-containing domain,"[EDSTY].{0,4}[VIPLA][TSDEKR][ILVA]",EQPTLITV,354,361,SWD1_SCHPO,Schizosaccharomyces pombe 972h-,20716525,true positive,2,0,disordered
ELME000365,LIG_WD40_WDR5_VDV_2,"WDR5 WD40 repeat (blade 5,6)-binding ligand",LIG,"Fungi-specific variant of the WDR5-binding motif that binds to a cleft between blades 5 and 6 of the WD40 repeat domain of WDR5, opposite of the Win motif-binding site, to mediate assembly of histone modification complexes.",IPR017986,IPR017986,WD40-repeat-containing domain,"[EDSTY].{0,4}[VIPLA][TSDEKR][ILVA]",EQPTLITV,354,361,SWD1_YEAST,Saccharomyces cerevisiae S288c,20716525,true positive,2,0,disordered
ELME000365,LIG_WD40_WDR5_VDV_2,"WDR5 WD40 repeat (blade 5,6)-binding ligand",LIG,"Fungi-specific variant of the WDR5-binding motif that binds to a cleft between blades 5 and 6 of the WD40 repeat domain of WDR5, opposite of the Win motif-binding site, to mediate assembly of histone modification complexes.",IPR017986,IPR017986,WD40-repeat-containing domain,"[EDSTY].{0,4}[VIPLA][TSDEKR][ILVA]",TLITV,357,361,SWD1_SCHPO,Schizosaccharomyces pombe 972h-,20716525,true positive,2,0,disordered
ELME000365,LIG_WD40_WDR5_VDV_2,"WDR5 WD40 repeat (blade 5,6)-binding ligand",LIG,"Fungi-specific variant of the WDR5-binding motif that binds to a cleft between blades 5 and 6 of the WD40 repeat domain of WDR5, opposite of the Win motif-binding site, to mediate assembly of histone modification complexes.",IPR017986,IPR017986,WD40-repeat-containing domain,"[EDSTY].{0,4}[VIPLA][TSDEKR][ILVA]",TLITV,357,361,SWD1_YEAST,Saccharomyces cerevisiae S288c,20716525,true positive,2,0,disordered
ELME000365,LIG_WD40_WDR5_VDV_2,"WDR5 WD40 repeat (blade 5,6)-binding ligand",LIG,"Fungi-specific variant of the WDR5-binding motif that binds to a cleft between blades 5 and 6 of the WD40 repeat domain of WDR5, opposite of the Win motif-binding site, to mediate assembly of histone modification complexes.",IPR017986,IPR017986,WD40-repeat-containing domain,"[EDSTY].{0,4}[VIPLA][TSDEKR][ILVA]",EEEDSISL,377,384,SWD1_SCHPO,Schizosaccharomyces pombe 972h-,20716525,true positive,2,0,disordered
ELME000365,LIG_WD40_WDR5_VDV_2,"WDR5 WD40 repeat (blade 5,6)-binding ligand",LIG,"Fungi-specific variant of the WDR5-binding motif that binds to a cleft between blades 5 and 6 of the WD40 repeat domain of WDR5, opposite of the Win motif-binding site, to mediate assembly of histone modification complexes.",IPR017986,IPR017986,WD40-repeat-containing domain,"[EDSTY].{0,4}[VIPLA][TSDEKR][ILVA]",EEEDSISL,377,384,SWD1_YEAST,Saccharomyces cerevisiae S288c,20716525,true positive,2,0,disordered
ELME000365,LIG_WD40_WDR5_VDV_2,"WDR5 WD40 repeat (blade 5,6)-binding ligand",LIG,"Fungi-specific variant of the WDR5-binding motif that binds to a cleft between blades 5 and 6 of the WD40 repeat domain of WDR5, opposite of the Win motif-binding site, to mediate assembly of histone modification complexes.",IPR017986,IPR017986,WD40-repeat-containing domain,"[EDSTY].{0,4}[VIPLA][TSDEKR][ILVA]",EEDSISL,378,384,SWD1_SCHPO,Schizosaccharomyces pombe 972h-,20716525,true positive,2,0,disordered
ELME000365,LIG_WD40_WDR5_VDV_2,"WDR5 WD40 repeat (blade 5,6)-binding ligand",LIG,"Fungi-specific variant of the WDR5-binding motif that binds to a cleft between blades 5 and 6 of the WD40 repeat domain of WDR5, opposite of the Win motif-binding site, to mediate assembly of histone modification complexes.",IPR017986,IPR017986,WD40-repeat-containing domain,"[EDSTY].{0,4}[VIPLA][TSDEKR][ILVA]",EEDSISL,378,384,SWD1_YEAST,Saccharomyces cerevisiae S288c,20716525,true positive,2,0,disordered
ELME000365,LIG_WD40_WDR5_VDV_2,"WDR5 WD40 repeat (blade 5,6)-binding ligand",LIG,"Fungi-specific variant of the WDR5-binding motif that binds to a cleft between blades 5 and 6 of the WD40 repeat domain of WDR5, opposite of the Win motif-binding site, to mediate assembly of histone modification complexes.",IPR017986,IPR017986,WD40-repeat-containing domain,"[EDSTY].{0,4}[VIPLA][TSDEKR][ILVA]",EDSISL,379,384,SWD1_SCHPO,Schizosaccharomyces pombe 972h-,20716525,true positive,2,0,disordered
ELME000365,LIG_WD40_WDR5_VDV_2,"WDR5 WD40 repeat (blade 5,6)-binding ligand",LIG,"Fungi-specific variant of the WDR5-binding motif that binds to a cleft between blades 5 and 6 of the WD40 repeat domain of WDR5, opposite of the Win motif-binding site, to mediate assembly of histone modification complexes.",IPR017986,IPR017986,WD40-repeat-containing domain,"[EDSTY].{0,4}[VIPLA][TSDEKR][ILVA]",EDSISL,379,384,SWD1_YEAST,Saccharomyces cerevisiae S288c,20716525,true positive,2,0,disordered
ELME000365,LIG_WD40_WDR5_VDV_2,"WDR5 WD40 repeat (blade 5,6)-binding ligand",LIG,"Fungi-specific variant of the WDR5-binding motif that binds to a cleft between blades 5 and 6 of the WD40 repeat domain of WDR5, opposite of the Win motif-binding site, to mediate assembly of histone modification complexes.",IPR017986,IPR017986,WD40-repeat-containing domain,"[EDSTY].{0,4}[VIPLA][TSDEKR][ILVA]",DSISL,380,384,SWD1_SCHPO,Schizosaccharomyces pombe 972h-,20716525,true positive,2,0,disordered
ELME000365,LIG_WD40_WDR5_VDV_2,"WDR5 WD40 repeat (blade 5,6)-binding ligand",LIG,"Fungi-specific variant of the WDR5-binding motif that binds to a cleft between blades 5 and 6 of the WD40 repeat domain of WDR5, opposite of the Win motif-binding site, to mediate assembly of histone modification complexes.",IPR017986,IPR017986,WD40-repeat-containing domain,"[EDSTY].{0,4}[VIPLA][TSDEKR][ILVA]",DSISL,380,384,SWD1_YEAST,Saccharomyces cerevisiae S288c,20716525,true positive,2,0,disordered
ELME000365,LIG_WD40_WDR5_VDV_2,"WDR5 WD40 repeat (blade 5,6)-binding ligand",LIG,"Fungi-specific variant of the WDR5-binding motif that binds to a cleft between blades 5 and 6 of the WD40 repeat domain of WDR5, opposite of the Win motif-binding site, to mediate assembly of histone modification complexes.",IPR017986,IPR017986,WD40-repeat-containing domain,"[EDSTY].{0,4}[VIPLA][TSDEKR][ILVA]",SISL,381,384,SWD1_SCHPO,Schizosaccharomyces pombe 972h-,20716525,true positive,2,0,disordered
ELME000365,LIG_WD40_WDR5_VDV_2,"WDR5 WD40 repeat (blade 5,6)-binding ligand",LIG,"Fungi-specific variant of the WDR5-binding motif that binds to a cleft between blades 5 and 6 of the WD40 repeat domain of WDR5, opposite of the Win motif-binding site, to mediate assembly of histone modification complexes.",IPR017986,IPR017986,WD40-repeat-containing domain,"[EDSTY].{0,4}[VIPLA][TSDEKR][ILVA]",SISL,381,384,SWD1_YEAST,Saccharomyces cerevisiae S288c,20716525,true positive,2,0,disordered
ELME000365,LIG_WD40_WDR5_VDV_2,"WDR5 WD40 repeat (blade 5,6)-binding ligand",LIG,"Fungi-specific variant of the WDR5-binding motif that binds to a cleft between blades 5 and 6 of the WD40 repeat domain of WDR5, opposite of the Win motif-binding site, to mediate assembly of histone modification complexes.",IPR017986,IPR017986,WD40-repeat-containing domain,"[EDSTY].{0,4}[VIPLA][TSDEKR][ILVA]",EADI,397,400,SWD1_SCHPO,Schizosaccharomyces pombe 972h-,20716525,true positive,2,0,disordered
ELME000365,LIG_WD40_WDR5_VDV_2,"WDR5 WD40 repeat (blade 5,6)-binding ligand",LIG,"Fungi-specific variant of the WDR5-binding motif that binds to a cleft between blades 5 and 6 of the WD40 repeat domain of WDR5, opposite of the Win motif-binding site, to mediate assembly of histone modification complexes.",IPR017986,IPR017986,WD40-repeat-containing domain,"[EDSTY].{0,4}[VIPLA][TSDEKR][ILVA]",EADI,397,400,SWD1_YEAST,Saccharomyces cerevisiae S288c,20716525,true positive,2,0,disordered
ELME000365,LIG_WD40_WDR5_VDV_2,"WDR5 WD40 repeat (blade 5,6)-binding ligand",LIG,"Fungi-specific variant of the WDR5-binding motif that binds to a cleft between blades 5 and 6 of the WD40 repeat domain of WDR5, opposite of the Win motif-binding site, to mediate assembly of histone modification complexes.",IPR017986,IPR017986,WD40-repeat-containing domain,"[EDSTY].{0,4}[VIPLA][TSDEKR][ILVA]",DIHGPPSV,399,406,SWD1_SCHPO,Schizosaccharomyces pombe 972h-,20716525,true positive,2,0,disordered
ELME000365,LIG_WD40_WDR5_VDV_2,"WDR5 WD40 repeat (blade 5,6)-binding ligand",LIG,"Fungi-specific variant of the WDR5-binding motif that binds to a cleft between blades 5 and 6 of the WD40 repeat domain of WDR5, opposite of the Win motif-binding site, to mediate assembly of histone modification complexes.",IPR017986,IPR017986,WD40-repeat-containing domain,"[EDSTY].{0,4}[VIPLA][TSDEKR][ILVA]",DIHGPPSV,399,406,SWD1_YEAST,Saccharomyces cerevisiae S288c,20716525,true positive,2,0,disordered
ELME000365,LIG_WD40_WDR5_VDV_2,"WDR5 WD40 repeat (blade 5,6)-binding ligand",LIG,"Fungi-specific variant of the WDR5-binding motif that binds to a cleft between blades 5 and 6 of the WD40 repeat domain of WDR5, opposite of the Win motif-binding site, to mediate assembly of histone modification complexes.",IPR017986,IPR017986,WD40-repeat-containing domain,"[EDSTY].{0,4}[VIPLA][TSDEKR][ILVA]",DVDSLSI,419,425,SWD1_SCHPO,Schizosaccharomyces pombe 972h-,20716525,true positive,2,0,inbetween
ELME000365,LIG_WD40_WDR5_VDV_2,"WDR5 WD40 repeat (blade 5,6)-binding ligand",LIG,"Fungi-specific variant of the WDR5-binding motif that binds to a cleft between blades 5 and 6 of the WD40 repeat domain of WDR5, opposite of the Win motif-binding site, to mediate assembly of histone modification complexes.",IPR017986,IPR017986,WD40-repeat-containing domain,"[EDSTY].{0,4}[VIPLA][TSDEKR][ILVA]",DVDSLSI,419,425,SWD1_YEAST,Saccharomyces cerevisiae S288c,20716525,true positive,2,0,inbetween
ELME000365,LIG_WD40_WDR5_VDV_2,"WDR5 WD40 repeat (blade 5,6)-binding ligand",LIG,"Fungi-specific variant of the WDR5-binding motif that binds to a cleft between blades 5 and 6 of the WD40 repeat domain of WDR5, opposite of the Win motif-binding site, to mediate assembly of histone modification complexes.",IPR017986,IPR017986,WD40-repeat-containing domain,"[EDSTY].{0,4}[VIPLA][TSDEKR][ILVA]",DSLSI,421,425,SWD1_SCHPO,Schizosaccharomyces pombe 972h-,20716525,true positive,2,0,inbetween
ELME000365,LIG_WD40_WDR5_VDV_2,"WDR5 WD40 repeat (blade 5,6)-binding ligand",LIG,"Fungi-specific variant of the WDR5-binding motif that binds to a cleft between blades 5 and 6 of the WD40 repeat domain of WDR5, opposite of the Win motif-binding site, to mediate assembly of histone modification complexes.",IPR017986,IPR017986,WD40-repeat-containing domain,"[EDSTY].{0,4}[VIPLA][TSDEKR][ILVA]",DSLSI,421,425,SWD1_YEAST,Saccharomyces cerevisiae S288c,20716525,true positive,2,0,inbetween
ELME000365,LIG_WD40_WDR5_VDV_2,"WDR5 WD40 repeat (blade 5,6)-binding ligand",LIG,"Fungi-specific variant of the WDR5-binding motif that binds to a cleft between blades 5 and 6 of the WD40 repeat domain of WDR5, opposite of the Win motif-binding site, to mediate assembly of histone modification complexes.",IPR017986,IPR017986,WD40-repeat-containing domain,"[EDSTY].{0,4}[VIPLA][TSDEKR][ILVA]",SLSI,422,425,SWD1_SCHPO,Schizosaccharomyces pombe 972h-,20716525,true positive,2,0,disordered
ELME000365,LIG_WD40_WDR5_VDV_2,"WDR5 WD40 repeat (blade 5,6)-binding ligand",LIG,"Fungi-specific variant of the WDR5-binding motif that binds to a cleft between blades 5 and 6 of the WD40 repeat domain of WDR5, opposite of the Win motif-binding site, to mediate assembly of histone modification complexes.",IPR017986,IPR017986,WD40-repeat-containing domain,"[EDSTY].{0,4}[VIPLA][TSDEKR][ILVA]",SLSI,422,425,SWD1_YEAST,Saccharomyces cerevisiae S288c,20716525,true positive,2,0,disordered
ELME000365,LIG_WD40_WDR5_VDV_2,"WDR5 WD40 repeat (blade 5,6)-binding ligand",LIG,"Fungi-specific variant of the WDR5-binding motif that binds to a cleft between blades 5 and 6 of the WD40 repeat domain of WDR5, opposite of the Win motif-binding site, to mediate assembly of histone modification complexes.",IPR017986,IPR017986,WD40-repeat-containing domain,"[EDSTY].{0,4}[VIPLA][TSDEKR][ILVA]",DTLEGASV,427,434,SWD1_SCHPO,Schizosaccharomyces pombe 972h-,20716525,true positive,2,0,disordered
ELME000365,LIG_WD40_WDR5_VDV_2,"WDR5 WD40 repeat (blade 5,6)-binding ligand",LIG,"Fungi-specific variant of the WDR5-binding motif that binds to a cleft between blades 5 and 6 of the WD40 repeat domain of WDR5, opposite of the Win motif-binding site, to mediate assembly of histone modification complexes.",IPR017986,IPR017986,WD40-repeat-containing domain,"[EDSTY].{0,4}[VIPLA][TSDEKR][ILVA]",DTLEGASV,427,434,SWD1_YEAST,Saccharomyces cerevisiae S288c,20716525,true positive,2,0,disordered
ELME000365,LIG_WD40_WDR5_VDV_2,"WDR5 WD40 repeat (blade 5,6)-binding ligand",LIG,"Fungi-specific variant of the WDR5-binding motif that binds to a cleft between blades 5 and 6 of the WD40 repeat domain of WDR5, opposite of the Win motif-binding site, to mediate assembly of histone modification complexes.",IPR017986,IPR017986,WD40-repeat-containing domain,"[EDSTY].{0,4}[VIPLA][TSDEKR][ILVA]",TLEGASV,428,434,SWD1_SCHPO,Schizosaccharomyces pombe 972h-,20716525,true positive,2,0,disordered
ELME000365,LIG_WD40_WDR5_VDV_2,"WDR5 WD40 repeat (blade 5,6)-binding ligand",LIG,"Fungi-specific variant of the WDR5-binding motif that binds to a cleft between blades 5 and 6 of the WD40 repeat domain of WDR5, opposite of the Win motif-binding site, to mediate assembly of histone modification complexes.",IPR017986,IPR017986,WD40-repeat-containing domain,"[EDSTY].{0,4}[VIPLA][TSDEKR][ILVA]",TLEGASV,428,434,SWD1_YEAST,Saccharomyces cerevisiae S288c,20716525,true positive,2,0,disordered
ELME000365,LIG_WD40_WDR5_VDV_2,"WDR5 WD40 repeat (blade 5,6)-binding ligand",LIG,"Fungi-specific variant of the WDR5-binding motif that binds to a cleft between blades 5 and 6 of the WD40 repeat domain of WDR5, opposite of the Win motif-binding site, to mediate assembly of histone modification complexes.",IPR017986,IPR017986,WD40-repeat-containing domain,"[EDSTY].{0,4}[VIPLA][TSDEKR][ILVA]",EGASV,430,434,SWD1_SCHPO,Schizosaccharomyces pombe 972h-,20716525,true positive,2,0,disordered
ELME000365,LIG_WD40_WDR5_VDV_2,"WDR5 WD40 repeat (blade 5,6)-binding ligand",LIG,"Fungi-specific variant of the WDR5-binding motif that binds to a cleft between blades 5 and 6 of the WD40 repeat domain of WDR5, opposite of the Win motif-binding site, to mediate assembly of histone modification complexes.",IPR017986,IPR017986,WD40-repeat-containing domain,"[EDSTY].{0,4}[VIPLA][TSDEKR][ILVA]",EGASV,430,434,SWD1_YEAST,Saccharomyces cerevisiae S288c,20716525,true positive,2,0,disordered
ELME000365,LIG_WD40_WDR5_VDV_2,"WDR5 WD40 repeat (blade 5,6)-binding ligand",LIG,"Fungi-specific variant of the WDR5-binding motif that binds to a cleft between blades 5 and 6 of the WD40 repeat domain of WDR5, opposite of the Win motif-binding site, to mediate assembly of histone modification complexes.",IPR017986,IPR017986,WD40-repeat-containing domain,"[EDSTY].{0,4}[VIPLA][TSDEKR][ILVA]",TSEEASV,435,441,SWD1_SCHPO,Schizosaccharomyces pombe 972h-,20716525,true positive,2,0,disordered
ELME000365,LIG_WD40_WDR5_VDV_2,"WDR5 WD40 repeat (blade 5,6)-binding ligand",LIG,"Fungi-specific variant of the WDR5-binding motif that binds to a cleft between blades 5 and 6 of the WD40 repeat domain of WDR5, opposite of the Win motif-binding site, to mediate assembly of histone modification complexes.",IPR017986,IPR017986,WD40-repeat-containing domain,"[EDSTY].{0,4}[VIPLA][TSDEKR][ILVA]",TSEEASV,435,441,SWD1_YEAST,Saccharomyces cerevisiae S288c,20716525,true positive,2,0,disordered
ELME000365,LIG_WD40_WDR5_VDV_2,"WDR5 WD40 repeat (blade 5,6)-binding ligand",LIG,"Fungi-specific variant of the WDR5-binding motif that binds to a cleft between blades 5 and 6 of the WD40 repeat domain of WDR5, opposite of the Win motif-binding site, to mediate assembly of histone modification complexes.",IPR017986,IPR017986,WD40-repeat-containing domain,"[EDSTY].{0,4}[VIPLA][TSDEKR][ILVA]",SEEASV,436,441,SWD1_SCHPO,Schizosaccharomyces pombe 972h-,20716525,true positive,2,0,disordered
ELME000365,LIG_WD40_WDR5_VDV_2,"WDR5 WD40 repeat (blade 5,6)-binding ligand",LIG,"Fungi-specific variant of the WDR5-binding motif that binds to a cleft between blades 5 and 6 of the WD40 repeat domain of WDR5, opposite of the Win motif-binding site, to mediate assembly of histone modification complexes.",IPR017986,IPR017986,WD40-repeat-containing domain,"[EDSTY].{0,4}[VIPLA][TSDEKR][ILVA]",SEEASV,436,441,SWD1_YEAST,Saccharomyces cerevisiae S288c,20716525,true positive,2,0,disordered
ELME000365,LIG_WD40_WDR5_VDV_2,"WDR5 WD40 repeat (blade 5,6)-binding ligand",LIG,"Fungi-specific variant of the WDR5-binding motif that binds to a cleft between blades 5 and 6 of the WD40 repeat domain of WDR5, opposite of the Win motif-binding site, to mediate assembly of histone modification complexes.",IPR017986,IPR017986,WD40-repeat-containing domain,"[EDSTY].{0,4}[VIPLA][TSDEKR][ILVA]",EEASV,437,441,SWD1_SCHPO,Schizosaccharomyces pombe 972h-,20716525,true positive,2,0,disordered
ELME000365,LIG_WD40_WDR5_VDV_2,"WDR5 WD40 repeat (blade 5,6)-binding ligand",LIG,"Fungi-specific variant of the WDR5-binding motif that binds to a cleft between blades 5 and 6 of the WD40 repeat domain of WDR5, opposite of the Win motif-binding site, to mediate assembly of histone modification complexes.",IPR017986,IPR017986,WD40-repeat-containing domain,"[EDSTY].{0,4}[VIPLA][TSDEKR][ILVA]",EEASV,437,441,SWD1_YEAST,Saccharomyces cerevisiae S288c,20716525,true positive,2,0,disordered
ELME000365,LIG_WD40_WDR5_VDV_2,"WDR5 WD40 repeat (blade 5,6)-binding ligand",LIG,"Fungi-specific variant of the WDR5-binding motif that binds to a cleft between blades 5 and 6 of the WD40 repeat domain of WDR5, opposite of the Win motif-binding site, to mediate assembly of histone modification complexes.",IPR017986,IPR017986,WD40-repeat-containing domain,"[EDSTY].{0,4}[VIPLA][TSDEKR][ILVA]",EASV,438,441,SWD1_SCHPO,Schizosaccharomyces pombe 972h-,20716525,true positive,2,0,disordered
ELME000365,LIG_WD40_WDR5_VDV_2,"WDR5 WD40 repeat (blade 5,6)-binding ligand",LIG,"Fungi-specific variant of the WDR5-binding motif that binds to a cleft between blades 5 and 6 of the WD40 repeat domain of WDR5, opposite of the Win motif-binding site, to mediate assembly of histone modification complexes.",IPR017986,IPR017986,WD40-repeat-containing domain,"[EDSTY].{0,4}[VIPLA][TSDEKR][ILVA]",EASV,438,441,SWD1_YEAST,Saccharomyces cerevisiae S288c,20716525,true positive,2,0,disordered
ELME000365,LIG_WD40_WDR5_VDV_2,"WDR5 WD40 repeat (blade 5,6)-binding ligand",LIG,"Fungi-specific variant of the WDR5-binding motif that binds to a cleft between blades 5 and 6 of the WD40 repeat domain of WDR5, opposite of the Win motif-binding site, to mediate assembly of histone modification complexes.",IPR017986,IPR017986,WD40-repeat-containing domain,"[EDSTY].{0,4}[VIPLA][TSDEKR][ILVA]",TRTPSL,475,480,SWD1_SCHPO,Schizosaccharomyces pombe 972h-,20716525,true positive,2,0,disordered
ELME000365,LIG_WD40_WDR5_VDV_2,"WDR5 WD40 repeat (blade 5,6)-binding ligand",LIG,"Fungi-specific variant of the WDR5-binding motif that binds to a cleft between blades 5 and 6 of the WD40 repeat domain of WDR5, opposite of the Win motif-binding site, to mediate assembly of histone modification complexes.",IPR017986,IPR017986,WD40-repeat-containing domain,"[EDSTY].{0,4}[VIPLA][TSDEKR][ILVA]",TRTPSL,475,480,SWD1_YEAST,Saccharomyces cerevisiae S288c,20716525,true positive,2,0,disordered
ELME000365,LIG_WD40_WDR5_VDV_2,"WDR5 WD40 repeat (blade 5,6)-binding ligand",LIG,"Fungi-specific variant of the WDR5-binding motif that binds to a cleft between blades 5 and 6 of the WD40 repeat domain of WDR5, opposite of the Win motif-binding site, to mediate assembly of histone modification complexes.",IPR017986,IPR017986,WD40-repeat-containing domain,"[EDSTY].{0,4}[VIPLA][TSDEKR][ILVA]",TPSL,477,480,SWD1_SCHPO,Schizosaccharomyces pombe 972h-,20716525,true positive,2,0,disordered
ELME000365,LIG_WD40_WDR5_VDV_2,"WDR5 WD40 repeat (blade 5,6)-binding ligand",LIG,"Fungi-specific variant of the WDR5-binding motif that binds to a cleft between blades 5 and 6 of the WD40 repeat domain of WDR5, opposite of the Win motif-binding site, to mediate assembly of histone modification complexes.",IPR017986,IPR017986,WD40-repeat-containing domain,"[EDSTY].{0,4}[VIPLA][TSDEKR][ILVA]",TPSL,477,480,SWD1_YEAST,Saccharomyces cerevisiae S288c,20716525,true positive,2,0,disordered
ELME000365,LIG_WD40_WDR5_VDV_2,"WDR5 WD40 repeat (blade 5,6)-binding ligand",LIG,"Fungi-specific variant of the WDR5-binding motif that binds to a cleft between blades 5 and 6 of the WD40 repeat domain of WDR5, opposite of the Win motif-binding site, to mediate assembly of histone modification complexes.",IPR017986,IPR017986,WD40-repeat-containing domain,"[EDSTY].{0,4}[VIPLA][TSDEKR][ILVA]",SSRISL,485,490,SWD1_SCHPO,Schizosaccharomyces pombe 972h-,20716525,true positive,2,0,disordered
ELME000365,LIG_WD40_WDR5_VDV_2,"WDR5 WD40 repeat (blade 5,6)-binding ligand",LIG,"Fungi-specific variant of the WDR5-binding motif that binds to a cleft between blades 5 and 6 of the WD40 repeat domain of WDR5, opposite of the Win motif-binding site, to mediate assembly of histone modification complexes.",IPR017986,IPR017986,WD40-repeat-containing domain,"[EDSTY].{0,4}[VIPLA][TSDEKR][ILVA]",SSRISL,485,490,SWD1_YEAST,Saccharomyces cerevisiae S288c,20716525,true positive,2,0,disordered
ELME000365,LIG_WD40_WDR5_VDV_2,"WDR5 WD40 repeat (blade 5,6)-binding ligand",LIG,"Fungi-specific variant of the WDR5-binding motif that binds to a cleft between blades 5 and 6 of the WD40 repeat domain of WDR5, opposite of the Win motif-binding site, to mediate assembly of histone modification complexes.",IPR017986,IPR017986,WD40-repeat-containing domain,"[EDSTY].{0,4}[VIPLA][TSDEKR][ILVA]",SRISL,486,490,SWD1_SCHPO,Schizosaccharomyces pombe 972h-,20716525,true positive,2,0,disordered
ELME000365,LIG_WD40_WDR5_VDV_2,"WDR5 WD40 repeat (blade 5,6)-binding ligand",LIG,"Fungi-specific variant of the WDR5-binding motif that binds to a cleft between blades 5 and 6 of the WD40 repeat domain of WDR5, opposite of the Win motif-binding site, to mediate assembly of histone modification complexes.",IPR017986,IPR017986,WD40-repeat-containing domain,"[EDSTY].{0,4}[VIPLA][TSDEKR][ILVA]",SRISL,486,490,SWD1_YEAST,Saccharomyces cerevisiae S288c,20716525,true positive,2,0,disordered
ELME000365,LIG_WD40_WDR5_VDV_2,"WDR5 WD40 repeat (blade 5,6)-binding ligand",LIG,"Fungi-specific variant of the WDR5-binding motif that binds to a cleft between blades 5 and 6 of the WD40 repeat domain of WDR5, opposite of the Win motif-binding site, to mediate assembly of histone modification complexes.",IPR017986,IPR017986,WD40-repeat-containing domain,"[EDSTY].{0,4}[VIPLA][TSDEKR][ILVA]",TREELEA,502,508,SWD1_SCHPO,Schizosaccharomyces pombe 972h-,20716525,true positive,2,0,disordered
ELME000365,LIG_WD40_WDR5_VDV_2,"WDR5 WD40 repeat (blade 5,6)-binding ligand",LIG,"Fungi-specific variant of the WDR5-binding motif that binds to a cleft between blades 5 and 6 of the WD40 repeat domain of WDR5, opposite of the Win motif-binding site, to mediate assembly of histone modification complexes.",IPR017986,IPR017986,WD40-repeat-containing domain,"[EDSTY].{0,4}[VIPLA][TSDEKR][ILVA]",TREELEA,502,508,SWD1_YEAST,Saccharomyces cerevisiae S288c,20716525,true positive,2,0,disordered
ELME000365,LIG_WD40_WDR5_VDV_2,"WDR5 WD40 repeat (blade 5,6)-binding ligand",LIG,"Fungi-specific variant of the WDR5-binding motif that binds to a cleft between blades 5 and 6 of the WD40 repeat domain of WDR5, opposite of the Win motif-binding site, to mediate assembly of histone modification complexes.",IPR017986,IPR017986,WD40-repeat-containing domain,"[EDSTY].{0,4}[VIPLA][TSDEKR][ILVA]",EELEA,504,508,SWD1_SCHPO,Schizosaccharomyces pombe 972h-,20716525,true positive,2,0,disordered
ELME000365,LIG_WD40_WDR5_VDV_2,"WDR5 WD40 repeat (blade 5,6)-binding ligand",LIG,"Fungi-specific variant of the WDR5-binding motif that binds to a cleft between blades 5 and 6 of the WD40 repeat domain of WDR5, opposite of the Win motif-binding site, to mediate assembly of histone modification complexes.",IPR017986,IPR017986,WD40-repeat-containing domain,"[EDSTY].{0,4}[VIPLA][TSDEKR][ILVA]",EELEA,504,508,SWD1_YEAST,Saccharomyces cerevisiae S288c,20716525,true positive,2,0,disordered
ELME000365,LIG_WD40_WDR5_VDV_2,"WDR5 WD40 repeat (blade 5,6)-binding ligand",LIG,"Fungi-specific variant of the WDR5-binding motif that binds to a cleft between blades 5 and 6 of the WD40 repeat domain of WDR5, opposite of the Win motif-binding site, to mediate assembly of histone modification complexes.",IPR017986,IPR017986,WD40-repeat-containing domain,"[EDSTY].{0,4}[VIPLA][TSDEKR][ILVA]",ELEA,505,508,SWD1_SCHPO,Schizosaccharomyces pombe 972h-,20716525,true positive,2,0,disordered
ELME000365,LIG_WD40_WDR5_VDV_2,"WDR5 WD40 repeat (blade 5,6)-binding ligand",LIG,"Fungi-specific variant of the WDR5-binding motif that binds to a cleft between blades 5 and 6 of the WD40 repeat domain of WDR5, opposite of the Win motif-binding site, to mediate assembly of histone modification complexes.",IPR017986,IPR017986,WD40-repeat-containing domain,"[EDSTY].{0,4}[VIPLA][TSDEKR][ILVA]",ELEA,505,508,SWD1_YEAST,Saccharomyces cerevisiae S288c,20716525,true positive,2,0,disordered
ELME000429,MOD_CDK_SPK_2,CDK Phosphorylation Site,MOD,Short version of the CDK phosphorylation site which shows specificity towards a lysine/arginine residue at the [ST] +2 position.,PF00069,Pkinase,Protein kinase domain,...([ST])P[RK],ILFSPK,314,319,ANDR_HUMAN,Homo sapiens,17043241,true positive,18,0,ordered
ELME000429,MOD_CDK_SPK_2,CDK Phosphorylation Site,MOD,Short version of the CDK phosphorylation site which shows specificity towards a lysine/arginine residue at the [ST] +2 position.,PF00069,Pkinase,Protein kinase domain,...([ST])P[RK],ILFSPK,314,319,CABL1_MOUSE,Mus musculus,11733001,true positive,18,0,ordered
ELME000429,MOD_CDK_SPK_2,CDK Phosphorylation Site,MOD,Short version of the CDK phosphorylation site which shows specificity towards a lysine/arginine residue at the [ST] +2 position.,PF00069,Pkinase,Protein kinase domain,...([ST])P[RK],ILFSPK,314,319,CASP9_HUMAN,Homo sapiens,17466630,true positive,18,0,ordered
ELME000429,MOD_CDK_SPK_2,CDK Phosphorylation Site,MOD,Short version of the CDK phosphorylation site which shows specificity towards a lysine/arginine residue at the [ST] +2 position.,PF00069,Pkinase,Protein kinase domain,...([ST])P[RK],ILFSPK,314,319,CEP55_HUMAN,Homo sapiens,16198290,true positive,18,0,ordered
ELME000429,MOD_CDK_SPK_2,CDK Phosphorylation Site,MOD,Short version of the CDK phosphorylation site which shows specificity towards a lysine/arginine residue at the [ST] +2 position.,PF00069,Pkinase,Protein kinase domain,...([ST])P[RK],ILFSPK,314,319,DLGP5_HUMAN,Homo sapiens,15145941,true positive,18,0,ordered
ELME000429,MOD_CDK_SPK_2,CDK Phosphorylation Site,MOD,Short version of the CDK phosphorylation site which shows specificity towards a lysine/arginine residue at the [ST] +2 position.,PF00069,Pkinase,Protein kinase domain,...([ST])P[RK],ILFSPK,314,319,DNMT1_HUMAN,Homo sapiens,21565170,true positive,18,0,ordered
ELME000429,MOD_CDK_SPK_2,CDK Phosphorylation Site,MOD,Short version of the CDK phosphorylation site which shows specificity towards a lysine/arginine residue at the [ST] +2 position.,PF00069,Pkinase,Protein kinase domain,...([ST])P[RK],ILFSPK,314,319,ERBB3_RAT,Rattus norvegicus,12824184,true positive,18,0,ordered
ELME000429,MOD_CDK_SPK_2,CDK Phosphorylation Site,MOD,Short version of the CDK phosphorylation site which shows specificity towards a lysine/arginine residue at the [ST] +2 position.,PF00069,Pkinase,Protein kinase domain,...([ST])P[RK],ILFSPK,314,319,EZRI_HUMAN,Homo sapiens,12769842,true positive,18,0,ordered
ELME000429,MOD_CDK_SPK_2,CDK Phosphorylation Site,MOD,Short version of the CDK phosphorylation site which shows specificity towards a lysine/arginine residue at the [ST] +2 position.,PF00069,Pkinase,Protein kinase domain,...([ST])P[RK],ILFSPK,314,319,MCM3_MOUSE,Mus musculus,18524952,true positive,18,0,ordered
ELME000429,MOD_CDK_SPK_2,CDK Phosphorylation Site,MOD,Short version of the CDK phosphorylation site which shows specificity towards a lysine/arginine residue at the [ST] +2 position.,PF00069,Pkinase,Protein kinase domain,...([ST])P[RK],ILFSPK,314,319,MYOD1_MOUSE,Mus musculus,10082583,true positive,18,0,ordered
ELME000429,MOD_CDK_SPK_2,CDK Phosphorylation Site,MOD,Short version of the CDK phosphorylation site which shows specificity towards a lysine/arginine residue at the [ST] +2 position.,PF00069,Pkinase,Protein kinase domain,...([ST])P[RK],ILFSPK,314,319,NPM_HUMAN,Homo sapiens,12058066,true positive,18,0,ordered
ELME000429,MOD_CDK_SPK_2,CDK Phosphorylation Site,MOD,Short version of the CDK phosphorylation site which shows specificity towards a lysine/arginine residue at the [ST] +2 position.,PF00069,Pkinase,Protein kinase domain,...([ST])P[RK],ILFSPK,314,319,P3C2A_HUMAN,Homo sapiens,12719431,true positive,18,0,ordered
ELME000429,MOD_CDK_SPK_2,CDK Phosphorylation Site,MOD,Short version of the CDK phosphorylation site which shows specificity towards a lysine/arginine residue at the [ST] +2 position.,PF00069,Pkinase,Protein kinase domain,...([ST])P[RK],ILFSPK,314,319,PELP1_HUMAN,Homo sapiens,20807815,true positive,18,0,ordered
ELME000429,MOD_CDK_SPK_2,CDK Phosphorylation Site,MOD,Short version of the CDK phosphorylation site which shows specificity towards a lysine/arginine residue at the [ST] +2 position.,PF00069,Pkinase,Protein kinase domain,...([ST])P[RK],ILFSPK,314,319,PPR1A_RAT,Rattus norvegicus,11278334,true positive,18,0,ordered
ELME000429,MOD_CDK_SPK_2,CDK Phosphorylation Site,MOD,Short version of the CDK phosphorylation site which shows specificity towards a lysine/arginine residue at the [ST] +2 position.,PF00069,Pkinase,Protein kinase domain,...([ST])P[RK],ILFSPK,314,319,RB_HUMAN,Homo sapiens,1756735,true positive,18,0,ordered
ELME000429,MOD_CDK_SPK_2,CDK Phosphorylation Site,MOD,Short version of the CDK phosphorylation site which shows specificity towards a lysine/arginine residue at the [ST] +2 position.,PF00069,Pkinase,Protein kinase domain,...([ST])P[RK],ILFSPK,314,319,TBB5_MOUSE,Mus musculus,16371510,true positive,18,0,ordered
ELME000153,MOD_CDK_SPxK_1,CDK Phosphorylation Site,MOD,Canonical version of the CDK phosphorylation site which shows specificity towards a lysine/arginine residue at the [ST]+3 position.,PF00069,Pkinase,Protein kinase domain,...([ST])P.[KR],HAMTPER,271,277,APC_HUMAN,Homo sapiens,19703905,true positive,26,1,ordered
ELME000153,MOD_CDK_SPxK_1,CDK Phosphorylation Site,MOD,Canonical version of the CDK phosphorylation site which shows specificity towards a lysine/arginine residue at the [ST]+3 position.,PF00069,Pkinase,Protein kinase domain,...([ST])P.[KR],HAMTPER,271,277,BEM1_YEAST,Saccharomyces cerevisiae,16230527,true positive,26,1,ordered
ELME000153,MOD_CDK_SPxK_1,CDK Phosphorylation Site,MOD,Canonical version of the CDK phosphorylation site which shows specificity towards a lysine/arginine residue at the [ST]+3 position.,PF00069,Pkinase,Protein kinase domain,...([ST])P.[KR],HAMTPER,271,277,BORA_HUMAN,Homo sapiens,25742493,true positive,26,1,ordered
ELME000153,MOD_CDK_SPxK_1,CDK Phosphorylation Site,MOD,Canonical version of the CDK phosphorylation site which shows specificity towards a lysine/arginine residue at the [ST]+3 position.,PF00069,Pkinase,Protein kinase domain,...([ST])P.[KR],HAMTPER,271,277,CDC6_HUMAN,Homo sapiens,16707497,true positive,26,1,ordered
ELME000153,MOD_CDK_SPxK_1,CDK Phosphorylation Site,MOD,Canonical version of the CDK phosphorylation site which shows specificity towards a lysine/arginine residue at the [ST]+3 position.,PF00069,Pkinase,Protein kinase domain,...([ST])P.[KR],HAMTPER,271,277,CDC6_YEAST,Saccharomyces cerevisiae,11532947,true positive,26,1,ordered
ELME000153,MOD_CDK_SPxK_1,CDK Phosphorylation Site,MOD,Canonical version of the CDK phosphorylation site which shows specificity towards a lysine/arginine residue at the [ST]+3 position.,PF00069,Pkinase,Protein kinase domain,...([ST])P.[KR],HAMTPER,271,277,CDN1B_HUMAN,Homo sapiens,16209941,true positive,26,1,ordered
ELME000153,MOD_CDK_SPxK_1,CDK Phosphorylation Site,MOD,Canonical version of the CDK phosphorylation site which shows specificity towards a lysine/arginine residue at the [ST]+3 position.,PF00069,Pkinase,Protein kinase domain,...([ST])P.[KR],HAMTPER,271,277,CDN1C_HUMAN,Homo sapiens,12925736,true positive,26,1,ordered
ELME000153,MOD_CDK_SPxK_1,CDK Phosphorylation Site,MOD,Canonical version of the CDK phosphorylation site which shows specificity towards a lysine/arginine residue at the [ST]+3 position.,PF00069,Pkinase,Protein kinase domain,...([ST])P.[KR],HAMTPER,271,277,CDN1C_MOUSE,Mus musculus,12925736,true positive,26,1,ordered
ELME000153,MOD_CDK_SPxK_1,CDK Phosphorylation Site,MOD,Canonical version of the CDK phosphorylation site which shows specificity towards a lysine/arginine residue at the [ST]+3 position.,PF00069,Pkinase,Protein kinase domain,...([ST])P.[KR],HAMTPER,271,277,DLG1_HUMAN,Homo sapiens,19066288,true positive,26,1,ordered
ELME000153,MOD_CDK_SPxK_1,CDK Phosphorylation Site,MOD,Canonical version of the CDK phosphorylation site which shows specificity towards a lysine/arginine residue at the [ST]+3 position.,PF00069,Pkinase,Protein kinase domain,...([ST])P.[KR],HAMTPER,271,277,DPOLM_HUMAN,Homo sapiens,23933132,true positive,26,1,ordered
ELME000153,MOD_CDK_SPxK_1,CDK Phosphorylation Site,MOD,Canonical version of the CDK phosphorylation site which shows specificity towards a lysine/arginine residue at the [ST]+3 position.,PF00069,Pkinase,Protein kinase domain,...([ST])P.[KR],HAMTPER,271,277,HIF1A_HUMAN,Homo sapiens,24189531,true positive,26,1,ordered
ELME000153,MOD_CDK_SPxK_1,CDK Phosphorylation Site,MOD,Canonical version of the CDK phosphorylation site which shows specificity towards a lysine/arginine residue at the [ST]+3 position.,PF00069,Pkinase,Protein kinase domain,...([ST])P.[KR],HAMTPER,271,277,MCL1_HUMAN,Homo sapiens,20526282,true positive,26,1,ordered
ELME000153,MOD_CDK_SPxK_1,CDK Phosphorylation Site,MOD,Canonical version of the CDK phosphorylation site which shows specificity towards a lysine/arginine residue at the [ST]+3 position.,PF00069,Pkinase,Protein kinase domain,...([ST])P.[KR],HAMTPER,271,277,MEF2A_HUMAN,Homo sapiens,12691662,true positive,26,1,ordered
ELME000153,MOD_CDK_SPxK_1,CDK Phosphorylation Site,MOD,Canonical version of the CDK phosphorylation site which shows specificity towards a lysine/arginine residue at the [ST]+3 position.,PF00069,Pkinase,Protein kinase domain,...([ST])P.[KR],HAMTPER,271,277,MEF2D_HUMAN,Homo sapiens,12691662,true positive,26,1,ordered
ELME000153,MOD_CDK_SPxK_1,CDK Phosphorylation Site,MOD,Canonical version of the CDK phosphorylation site which shows specificity towards a lysine/arginine residue at the [ST]+3 position.,PF00069,Pkinase,Protein kinase domain,...([ST])P.[KR],HAMTPER,271,277,ODFP2_HUMAN,Homo sapiens,19386263,true positive,26,1,ordered
ELME000153,MOD_CDK_SPxK_1,CDK Phosphorylation Site,MOD,Canonical version of the CDK phosphorylation site which shows specificity towards a lysine/arginine residue at the [ST]+3 position.,PF00069,Pkinase,Protein kinase domain,...([ST])P.[KR],HAMTPER,271,277,ORC2_HUMAN,Homo sapiens,22334659,true positive,26,1,ordered
ELME000153,MOD_CDK_SPxK_1,CDK Phosphorylation Site,MOD,Canonical version of the CDK phosphorylation site which shows specificity towards a lysine/arginine residue at the [ST]+3 position.,PF00069,Pkinase,Protein kinase domain,...([ST])P.[KR],HAMTPER,271,277,RB_HUMAN,Homo sapiens,1756735,true positive,26,1,ordered
ELME000153,MOD_CDK_SPxK_1,CDK Phosphorylation Site,MOD,Canonical version of the CDK phosphorylation site which shows specificity towards a lysine/arginine residue at the [ST]+3 position.,PF00069,Pkinase,Protein kinase domain,...([ST])P.[KR],HAMTPER,271,277,RUNX2_HUMAN,Homo sapiens,16407259,true positive,26,1,ordered
ELME000153,MOD_CDK_SPxK_1,CDK Phosphorylation Site,MOD,Canonical version of the CDK phosphorylation site which shows specificity towards a lysine/arginine residue at the [ST]+3 position.,PF00069,Pkinase,Protein kinase domain,...([ST])P.[KR],HAMTPER,271,277,SRC_HUMAN,Homo sapiens,10544291,true positive,26,1,ordered
ELME000153,MOD_CDK_SPxK_1,CDK Phosphorylation Site,MOD,Canonical version of the CDK phosphorylation site which shows specificity towards a lysine/arginine residue at the [ST]+3 position.,PF00069,Pkinase,Protein kinase domain,...([ST])P.[KR],HAMTPER,271,277,WEE1_HUMAN,Homo sapiens,15070733 23051732,true positive,26,1,ordered
ELME000153,MOD_CDK_SPxK_1,CDK Phosphorylation Site,MOD,Canonical version of the CDK phosphorylation site which shows specificity towards a lysine/arginine residue at the [ST]+3 position.,PF00069,Pkinase,Protein kinase domain,...([ST])P.[KR],HAMTPER,271,277,WEE1_HUMAN,Homo sapiens,23051732,true positive,26,1,ordered
ELME000153,MOD_CDK_SPxK_1,CDK Phosphorylation Site,MOD,Canonical version of the CDK phosphorylation site which shows specificity towards a lysine/arginine residue at the [ST]+3 position.,PF00069,Pkinase,Protein kinase domain,...([ST])P.[KR],EALTPSR,507,513,APC_HUMAN,Homo sapiens,19703905,true positive,26,1,disordered
ELME000153,MOD_CDK_SPxK_1,CDK Phosphorylation Site,MOD,Canonical version of the CDK phosphorylation site which shows specificity towards a lysine/arginine residue at the [ST]+3 position.,PF00069,Pkinase,Protein kinase domain,...([ST])P.[KR],EALTPSR,507,513,BEM1_YEAST,Saccharomyces cerevisiae,16230527,true positive,26,1,disordered
ELME000153,MOD_CDK_SPxK_1,CDK Phosphorylation Site,MOD,Canonical version of the CDK phosphorylation site which shows specificity towards a lysine/arginine residue at the [ST]+3 position.,PF00069,Pkinase,Protein kinase domain,...([ST])P.[KR],EALTPSR,507,513,BORA_HUMAN,Homo sapiens,25742493,true positive,26,1,disordered
ELME000153,MOD_CDK_SPxK_1,CDK Phosphorylation Site,MOD,Canonical version of the CDK phosphorylation site which shows specificity towards a lysine/arginine residue at the [ST]+3 position.,PF00069,Pkinase,Protein kinase domain,...([ST])P.[KR],EALTPSR,507,513,CDC6_HUMAN,Homo sapiens,16707497,true positive,26,1,disordered
ELME000153,MOD_CDK_SPxK_1,CDK Phosphorylation Site,MOD,Canonical version of the CDK phosphorylation site which shows specificity towards a lysine/arginine residue at the [ST]+3 position.,PF00069,Pkinase,Protein kinase domain,...([ST])P.[KR],EALTPSR,507,513,CDC6_YEAST,Saccharomyces cerevisiae,11532947,true positive,26,1,disordered
ELME000153,MOD_CDK_SPxK_1,CDK Phosphorylation Site,MOD,Canonical version of the CDK phosphorylation site which shows specificity towards a lysine/arginine residue at the [ST]+3 position.,PF00069,Pkinase,Protein kinase domain,...([ST])P.[KR],EALTPSR,507,513,CDN1B_HUMAN,Homo sapiens,16209941,true positive,26,1,disordered
ELME000153,MOD_CDK_SPxK_1,CDK Phosphorylation Site,MOD,Canonical version of the CDK phosphorylation site which shows specificity towards a lysine/arginine residue at the [ST]+3 position.,PF00069,Pkinase,Protein kinase domain,...([ST])P.[KR],EALTPSR,507,513,CDN1C_HUMAN,Homo sapiens,12925736,true positive,26,1,disordered
ELME000153,MOD_CDK_SPxK_1,CDK Phosphorylation Site,MOD,Canonical version of the CDK phosphorylation site which shows specificity towards a lysine/arginine residue at the [ST]+3 position.,PF00069,Pkinase,Protein kinase domain,...([ST])P.[KR],EALTPSR,507,513,CDN1C_MOUSE,Mus musculus,12925736,true positive,26,1,disordered
ELME000153,MOD_CDK_SPxK_1,CDK Phosphorylation Site,MOD,Canonical version of the CDK phosphorylation site which shows specificity towards a lysine/arginine residue at the [ST]+3 position.,PF00069,Pkinase,Protein kinase domain,...([ST])P.[KR],EALTPSR,507,513,DLG1_HUMAN,Homo sapiens,19066288,true positive,26,1,disordered
ELME000153,MOD_CDK_SPxK_1,CDK Phosphorylation Site,MOD,Canonical version of the CDK phosphorylation site which shows specificity towards a lysine/arginine residue at the [ST]+3 position.,PF00069,Pkinase,Protein kinase domain,...([ST])P.[KR],EALTPSR,507,513,DPOLM_HUMAN,Homo sapiens,23933132,true positive,26,1,disordered
ELME000153,MOD_CDK_SPxK_1,CDK Phosphorylation Site,MOD,Canonical version of the CDK phosphorylation site which shows specificity towards a lysine/arginine residue at the [ST]+3 position.,PF00069,Pkinase,Protein kinase domain,...([ST])P.[KR],EALTPSR,507,513,HIF1A_HUMAN,Homo sapiens,24189531,true positive,26,1,disordered
ELME000153,MOD_CDK_SPxK_1,CDK Phosphorylation Site,MOD,Canonical version of the CDK phosphorylation site which shows specificity towards a lysine/arginine residue at the [ST]+3 position.,PF00069,Pkinase,Protein kinase domain,...([ST])P.[KR],EALTPSR,507,513,MCL1_HUMAN,Homo sapiens,20526282,true positive,26,1,disordered
ELME000153,MOD_CDK_SPxK_1,CDK Phosphorylation Site,MOD,Canonical version of the CDK phosphorylation site which shows specificity towards a lysine/arginine residue at the [ST]+3 position.,PF00069,Pkinase,Protein kinase domain,...([ST])P.[KR],EALTPSR,507,513,MEF2A_HUMAN,Homo sapiens,12691662,true positive,26,1,disordered
ELME000153,MOD_CDK_SPxK_1,CDK Phosphorylation Site,MOD,Canonical version of the CDK phosphorylation site which shows specificity towards a lysine/arginine residue at the [ST]+3 position.,PF00069,Pkinase,Protein kinase domain,...([ST])P.[KR],EALTPSR,507,513,MEF2D_HUMAN,Homo sapiens,12691662,true positive,26,1,disordered
ELME000153,MOD_CDK_SPxK_1,CDK Phosphorylation Site,MOD,Canonical version of the CDK phosphorylation site which shows specificity towards a lysine/arginine residue at the [ST]+3 position.,PF00069,Pkinase,Protein kinase domain,...([ST])P.[KR],EALTPSR,507,513,ODFP2_HUMAN,Homo sapiens,19386263,true positive,26,1,disordered
ELME000153,MOD_CDK_SPxK_1,CDK Phosphorylation Site,MOD,Canonical version of the CDK phosphorylation site which shows specificity towards a lysine/arginine residue at the [ST]+3 position.,PF00069,Pkinase,Protein kinase domain,...([ST])P.[KR],EALTPSR,507,513,ORC2_HUMAN,Homo sapiens,22334659,true positive,26,1,disordered
ELME000153,MOD_CDK_SPxK_1,CDK Phosphorylation Site,MOD,Canonical version of the CDK phosphorylation site which shows specificity towards a lysine/arginine residue at the [ST]+3 position.,PF00069,Pkinase,Protein kinase domain,...([ST])P.[KR],EALTPSR,507,513,RB_HUMAN,Homo sapiens,1756735,true positive,26,1,disordered
ELME000153,MOD_CDK_SPxK_1,CDK Phosphorylation Site,MOD,Canonical version of the CDK phosphorylation site which shows specificity towards a lysine/arginine residue at the [ST]+3 position.,PF00069,Pkinase,Protein kinase domain,...([ST])P.[KR],EALTPSR,507,513,RUNX2_HUMAN,Homo sapiens,16407259,true positive,26,1,disordered
ELME000153,MOD_CDK_SPxK_1,CDK Phosphorylation Site,MOD,Canonical version of the CDK phosphorylation site which shows specificity towards a lysine/arginine residue at the [ST]+3 position.,PF00069,Pkinase,Protein kinase domain,...([ST])P.[KR],EALTPSR,507,513,SRC_HUMAN,Homo sapiens,10544291,true positive,26,1,disordered
ELME000153,MOD_CDK_SPxK_1,CDK Phosphorylation Site,MOD,Canonical version of the CDK phosphorylation site which shows specificity towards a lysine/arginine residue at the [ST]+3 position.,PF00069,Pkinase,Protein kinase domain,...([ST])P.[KR],EALTPSR,507,513,WEE1_HUMAN,Homo sapiens,15070733 23051732,true positive,26,1,disordered
ELME000153,MOD_CDK_SPxK_1,CDK Phosphorylation Site,MOD,Canonical version of the CDK phosphorylation site which shows specificity towards a lysine/arginine residue at the [ST]+3 position.,PF00069,Pkinase,Protein kinase domain,...([ST])P.[KR],EALTPSR,507,513,WEE1_HUMAN,Homo sapiens,23051732,true positive,26,1,disordered
ELME000153,MOD_CDK_SPxK_1,CDK Phosphorylation Site,MOD,Canonical version of the CDK phosphorylation site which shows specificity towards a lysine/arginine residue at the [ST]+3 position.,PF00069,Pkinase,Protein kinase domain,...([ST])P.[KR],PSRTPSR,511,517,APC_HUMAN,Homo sapiens,19703905,true positive,26,1,disordered
ELME000153,MOD_CDK_SPxK_1,CDK Phosphorylation Site,MOD,Canonical version of the CDK phosphorylation site which shows specificity towards a lysine/arginine residue at the [ST]+3 position.,PF00069,Pkinase,Protein kinase domain,...([ST])P.[KR],PSRTPSR,511,517,BEM1_YEAST,Saccharomyces cerevisiae,16230527,true positive,26,1,disordered
ELME000153,MOD_CDK_SPxK_1,CDK Phosphorylation Site,MOD,Canonical version of the CDK phosphorylation site which shows specificity towards a lysine/arginine residue at the [ST]+3 position.,PF00069,Pkinase,Protein kinase domain,...([ST])P.[KR],PSRTPSR,511,517,BORA_HUMAN,Homo sapiens,25742493,true positive,26,1,disordered
ELME000153,MOD_CDK_SPxK_1,CDK Phosphorylation Site,MOD,Canonical version of the CDK phosphorylation site which shows specificity towards a lysine/arginine residue at the [ST]+3 position.,PF00069,Pkinase,Protein kinase domain,...([ST])P.[KR],PSRTPSR,511,517,CDC6_HUMAN,Homo sapiens,16707497,true positive,26,1,disordered
ELME000153,MOD_CDK_SPxK_1,CDK Phosphorylation Site,MOD,Canonical version of the CDK phosphorylation site which shows specificity towards a lysine/arginine residue at the [ST]+3 position.,PF00069,Pkinase,Protein kinase domain,...([ST])P.[KR],PSRTPSR,511,517,CDC6_YEAST,Saccharomyces cerevisiae,11532947,true positive,26,1,disordered
ELME000153,MOD_CDK_SPxK_1,CDK Phosphorylation Site,MOD,Canonical version of the CDK phosphorylation site which shows specificity towards a lysine/arginine residue at the [ST]+3 position.,PF00069,Pkinase,Protein kinase domain,...([ST])P.[KR],PSRTPSR,511,517,CDN1B_HUMAN,Homo sapiens,16209941,true positive,26,1,disordered
ELME000153,MOD_CDK_SPxK_1,CDK Phosphorylation Site,MOD,Canonical version of the CDK phosphorylation site which shows specificity towards a lysine/arginine residue at the [ST]+3 position.,PF00069,Pkinase,Protein kinase domain,...([ST])P.[KR],PSRTPSR,511,517,CDN1C_HUMAN,Homo sapiens,12925736,true positive,26,1,disordered
ELME000153,MOD_CDK_SPxK_1,CDK Phosphorylation Site,MOD,Canonical version of the CDK phosphorylation site which shows specificity towards a lysine/arginine residue at the [ST]+3 position.,PF00069,Pkinase,Protein kinase domain,...([ST])P.[KR],PSRTPSR,511,517,CDN1C_MOUSE,Mus musculus,12925736,true positive,26,1,disordered
ELME000153,MOD_CDK_SPxK_1,CDK Phosphorylation Site,MOD,Canonical version of the CDK phosphorylation site which shows specificity towards a lysine/arginine residue at the [ST]+3 position.,PF00069,Pkinase,Protein kinase domain,...([ST])P.[KR],PSRTPSR,511,517,DLG1_HUMAN,Homo sapiens,19066288,true positive,26,1,disordered
ELME000153,MOD_CDK_SPxK_1,CDK Phosphorylation Site,MOD,Canonical version of the CDK phosphorylation site which shows specificity towards a lysine/arginine residue at the [ST]+3 position.,PF00069,Pkinase,Protein kinase domain,...([ST])P.[KR],PSRTPSR,511,517,DPOLM_HUMAN,Homo sapiens,23933132,true positive,26,1,disordered
ELME000153,MOD_CDK_SPxK_1,CDK Phosphorylation Site,MOD,Canonical version of the CDK phosphorylation site which shows specificity towards a lysine/arginine residue at the [ST]+3 position.,PF00069,Pkinase,Protein kinase domain,...([ST])P.[KR],PSRTPSR,511,517,HIF1A_HUMAN,Homo sapiens,24189531,true positive,26,1,disordered
ELME000153,MOD_CDK_SPxK_1,CDK Phosphorylation Site,MOD,Canonical version of the CDK phosphorylation site which shows specificity towards a lysine/arginine residue at the [ST]+3 position.,PF00069,Pkinase,Protein kinase domain,...([ST])P.[KR],PSRTPSR,511,517,MCL1_HUMAN,Homo sapiens,20526282,true positive,26,1,disordered
ELME000153,MOD_CDK_SPxK_1,CDK Phosphorylation Site,MOD,Canonical version of the CDK phosphorylation site which shows specificity towards a lysine/arginine residue at the [ST]+3 position.,PF00069,Pkinase,Protein kinase domain,...([ST])P.[KR],PSRTPSR,511,517,MEF2A_HUMAN,Homo sapiens,12691662,true positive,26,1,disordered
ELME000153,MOD_CDK_SPxK_1,CDK Phosphorylation Site,MOD,Canonical version of the CDK phosphorylation site which shows specificity towards a lysine/arginine residue at the [ST]+3 position.,PF00069,Pkinase,Protein kinase domain,...([ST])P.[KR],PSRTPSR,511,517,MEF2D_HUMAN,Homo sapiens,12691662,true positive,26,1,disordered
ELME000153,MOD_CDK_SPxK_1,CDK Phosphorylation Site,MOD,Canonical version of the CDK phosphorylation site which shows specificity towards a lysine/arginine residue at the [ST]+3 position.,PF00069,Pkinase,Protein kinase domain,...([ST])P.[KR],PSRTPSR,511,517,ODFP2_HUMAN,Homo sapiens,19386263,true positive,26,1,disordered
ELME000153,MOD_CDK_SPxK_1,CDK Phosphorylation Site,MOD,Canonical version of the CDK phosphorylation site which shows specificity towards a lysine/arginine residue at the [ST]+3 position.,PF00069,Pkinase,Protein kinase domain,...([ST])P.[KR],PSRTPSR,511,517,ORC2_HUMAN,Homo sapiens,22334659,true positive,26,1,disordered
ELME000153,MOD_CDK_SPxK_1,CDK Phosphorylation Site,MOD,Canonical version of the CDK phosphorylation site which shows specificity towards a lysine/arginine residue at the [ST]+3 position.,PF00069,Pkinase,Protein kinase domain,...([ST])P.[KR],PSRTPSR,511,517,RB_HUMAN,Homo sapiens,1756735,true positive,26,1,disordered
ELME000153,MOD_CDK_SPxK_1,CDK Phosphorylation Site,MOD,Canonical version of the CDK phosphorylation site which shows specificity towards a lysine/arginine residue at the [ST]+3 position.,PF00069,Pkinase,Protein kinase domain,...([ST])P.[KR],PSRTPSR,511,517,RUNX2_HUMAN,Homo sapiens,16407259,true positive,26,1,disordered
ELME000153,MOD_CDK_SPxK_1,CDK Phosphorylation Site,MOD,Canonical version of the CDK phosphorylation site which shows specificity towards a lysine/arginine residue at the [ST]+3 position.,PF00069,Pkinase,Protein kinase domain,...([ST])P.[KR],PSRTPSR,511,517,SRC_HUMAN,Homo sapiens,10544291,true positive,26,1,disordered
ELME000153,MOD_CDK_SPxK_1,CDK Phosphorylation Site,MOD,Canonical version of the CDK phosphorylation site which shows specificity towards a lysine/arginine residue at the [ST]+3 position.,PF00069,Pkinase,Protein kinase domain,...([ST])P.[KR],PSRTPSR,511,517,WEE1_HUMAN,Homo sapiens,15070733 23051732,true positive,26,1,disordered
ELME000153,MOD_CDK_SPxK_1,CDK Phosphorylation Site,MOD,Canonical version of the CDK phosphorylation site which shows specificity towards a lysine/arginine residue at the [ST]+3 position.,PF00069,Pkinase,Protein kinase domain,...([ST])P.[KR],PSRTPSR,511,517,WEE1_HUMAN,Homo sapiens,23051732,true positive,26,1,disordered
ELME000063,MOD_CK1_1,Casein kinase 1 (CK1) Phosphorylation site,MOD,CK1 phosphorylation site,PF00069,Pkinase,Protein kinase domain,S..([ST])...,SDDSSVT,168,174,APC_HUMAN,Homo sapiens,17910481,true positive,27,0,ordered
ELME000063,MOD_CK1_1,Casein kinase 1 (CK1) Phosphorylation site,MOD,CK1 phosphorylation site,PF00069,Pkinase,Protein kinase domain,S..([ST])...,SDDSSVT,168,174,ATOH1_HUMAN,Homo sapiens,27542412,true positive,27,0,ordered
ELME000063,MOD_CK1_1,Casein kinase 1 (CK1) Phosphorylation site,MOD,CK1 phosphorylation site,PF00069,Pkinase,Protein kinase domain,S..([ST])...,SDDSSVT,168,174,BECN1_HUMAN,Homo sapiens,26008601,true positive,27,0,ordered
ELME000063,MOD_CK1_1,Casein kinase 1 (CK1) Phosphorylation site,MOD,CK1 phosphorylation site,PF00069,Pkinase,Protein kinase domain,S..([ST])...,SDDSSVT,168,174,BID_MOUSE,Mus musculus,11583622,true positive,27,0,ordered
ELME000063,MOD_CK1_1,Casein kinase 1 (CK1) Phosphorylation site,MOD,CK1 phosphorylation site,PF00069,Pkinase,Protein kinase domain,S..([ST])...,SDDSSVT,168,174,CADH1_MOUSE,Mus musculus,17353278,true positive,27,0,ordered
ELME000063,MOD_CK1_1,Casein kinase 1 (CK1) Phosphorylation site,MOD,CK1 phosphorylation site,PF00069,Pkinase,Protein kinase domain,S..([ST])...,SDDSSVT,168,174,CRY2_ARATH,Arabidopsis thaliana,23897926,true positive,27,0,ordered
ELME000063,MOD_CK1_1,Casein kinase 1 (CK1) Phosphorylation site,MOD,CK1 phosphorylation site,PF00069,Pkinase,Protein kinase domain,S..([ST])...,SDDSSVT,168,174,DNMT1_MOUSE,Mus musculus,20192920,true positive,27,0,ordered
ELME000063,MOD_CK1_1,Casein kinase 1 (CK1) Phosphorylation site,MOD,CK1 phosphorylation site,PF00069,Pkinase,Protein kinase domain,S..([ST])...,SDDSSVT,168,174,DVL1_MOUSE,Mus musculus,16965538,true positive,27,0,ordered
ELME000063,MOD_CK1_1,Casein kinase 1 (CK1) Phosphorylation site,MOD,CK1 phosphorylation site,PF00069,Pkinase,Protein kinase domain,S..([ST])...,SDDSSVT,168,174,EPAS1_HUMAN,Homo sapiens,27686097,true positive,27,0,ordered
ELME000063,MOD_CK1_1,Casein kinase 1 (CK1) Phosphorylation site,MOD,CK1 phosphorylation site,PF00069,Pkinase,Protein kinase domain,S..([ST])...,SDDSSVT,168,174,FADD_HUMAN,Homo sapiens,16061179,true positive,27,0,ordered
ELME000063,MOD_CK1_1,Casein kinase 1 (CK1) Phosphorylation site,MOD,CK1 phosphorylation site,PF00069,Pkinase,Protein kinase domain,S..([ST])...,SDDSSVT,168,174,FOXO1_HUMAN,Homo sapiens,14710188 11980723,true positive,27,0,ordered
ELME000063,MOD_CK1_1,Casein kinase 1 (CK1) Phosphorylation site,MOD,CK1 phosphorylation site,PF00069,Pkinase,Protein kinase domain,S..([ST])...,SDDSSVT,168,174,HIF1A_HUMAN,Homo sapiens,20699359,true positive,27,0,ordered
ELME000063,MOD_CK1_1,Casein kinase 1 (CK1) Phosphorylation site,MOD,CK1 phosphorylation site,PF00069,Pkinase,Protein kinase domain,S..([ST])...,SDDSSVT,168,174,JADE1_HUMAN,Homo sapiens,25100726,true positive,27,0,ordered
ELME000063,MOD_CK1_1,Casein kinase 1 (CK1) Phosphorylation site,MOD,CK1 phosphorylation site,PF00069,Pkinase,Protein kinase domain,S..([ST])...,SDDSSVT,168,174,KPCD2_HUMAN,Homo sapiens,17962809,true positive,27,0,ordered
ELME000063,MOD_CK1_1,Casein kinase 1 (CK1) Phosphorylation site,MOD,CK1 phosphorylation site,PF00069,Pkinase,Protein kinase domain,S..([ST])...,SDDSSVT,168,174,LRRK2_MOUSE,Mus musculus,25500533,true positive,27,0,ordered
ELME000063,MOD_CK1_1,Casein kinase 1 (CK1) Phosphorylation site,MOD,CK1 phosphorylation site,PF00069,Pkinase,Protein kinase domain,S..([ST])...,SDDSSVT,168,174,MDM2_HUMAN,Homo sapiens,20708156,true positive,27,0,ordered
ELME000063,MOD_CK1_1,Casein kinase 1 (CK1) Phosphorylation site,MOD,CK1 phosphorylation site,PF00069,Pkinase,Protein kinase domain,S..([ST])...,SDDSSVT,168,174,MDM4_HUMAN,Homo sapiens,16024788,true positive,27,0,ordered
ELME000063,MOD_CK1_1,Casein kinase 1 (CK1) Phosphorylation site,MOD,CK1 phosphorylation site,PF00069,Pkinase,Protein kinase domain,S..([ST])...,SDDSSVT,168,174,MPIP1_HUMAN,Homo sapiens,20348946,true positive,27,0,ordered
ELME000063,MOD_CK1_1,Casein kinase 1 (CK1) Phosphorylation site,MOD,CK1 phosphorylation site,PF00069,Pkinase,Protein kinase domain,S..([ST])...,SDDSSVT,168,174,MTSS1_HUMAN,Homo sapiens,24318128,true positive,27,0,ordered
ELME000063,MOD_CK1_1,Casein kinase 1 (CK1) Phosphorylation site,MOD,CK1 phosphorylation site,PF00069,Pkinase,Protein kinase domain,S..([ST])...,SDDSSVT,168,174,NCOA3_HUMAN,Homo sapiens,19339517,true positive,27,0,ordered
ELME000063,MOD_CK1_1,Casein kinase 1 (CK1) Phosphorylation site,MOD,CK1 phosphorylation site,PF00069,Pkinase,Protein kinase domain,S..([ST])...,SDDSSVT,168,174,NFAT5_HUMAN,Homo sapiens,18411282,true positive,27,0,ordered
ELME000063,MOD_CK1_1,Casein kinase 1 (CK1) Phosphorylation site,MOD,CK1 phosphorylation site,PF00069,Pkinase,Protein kinase domain,S..([ST])...,SDDSSVT,168,174,P53_HUMAN,Homo sapiens,10734067 10606744,true positive,27,0,ordered
ELME000063,MOD_CK1_1,Casein kinase 1 (CK1) Phosphorylation site,MOD,CK1 phosphorylation site,PF00069,Pkinase,Protein kinase domain,S..([ST])...,SDDSSVT,168,174,PER2_HUMAN,Homo sapiens,21324900,true positive,27,0,ordered
ELME000063,MOD_CK1_1,Casein kinase 1 (CK1) Phosphorylation site,MOD,CK1 phosphorylation site,PF00069,Pkinase,Protein kinase domain,S..([ST])...,SDDSSVT,168,174,PYRG2_HUMAN,Homo sapiens,20739275,true positive,27,0,ordered
ELME000063,MOD_CK1_1,Casein kinase 1 (CK1) Phosphorylation site,MOD,CK1 phosphorylation site,PF00069,Pkinase,Protein kinase domain,S..([ST])...,SDDSSVT,168,174,TRAF3_HUMAN,Homo sapiens,26928339,true positive,27,0,ordered
ELME000063,MOD_CK1_1,Casein kinase 1 (CK1) Phosphorylation site,MOD,CK1 phosphorylation site,PF00069,Pkinase,Protein kinase domain,S..([ST])...,SDDSSVT,168,174,TRPM4_HUMAN,Homo sapiens,25231975,true positive,27,0,ordered
ELME000063,MOD_CK1_1,Casein kinase 1 (CK1) Phosphorylation site,MOD,CK1 phosphorylation site,PF00069,Pkinase,Protein kinase domain,S..([ST])...,SDDSSVT,168,174,YAP1_HUMAN,Homo sapiens,20048001,true positive,27,0,ordered
ELME000063,MOD_CK1_1,Casein kinase 1 (CK1) Phosphorylation site,MOD,CK1 phosphorylation site,PF00069,Pkinase,Protein kinase domain,S..([ST])...,SSVTEPD,171,177,APC_HUMAN,Homo sapiens,17910481,true positive,27,0,ordered
ELME000063,MOD_CK1_1,Casein kinase 1 (CK1) Phosphorylation site,MOD,CK1 phosphorylation site,PF00069,Pkinase,Protein kinase domain,S..([ST])...,SSVTEPD,171,177,ATOH1_HUMAN,Homo sapiens,27542412,true positive,27,0,ordered
ELME000063,MOD_CK1_1,Casein kinase 1 (CK1) Phosphorylation site,MOD,CK1 phosphorylation site,PF00069,Pkinase,Protein kinase domain,S..([ST])...,SSVTEPD,171,177,BECN1_HUMAN,Homo sapiens,26008601,true positive,27,0,ordered
ELME000063,MOD_CK1_1,Casein kinase 1 (CK1) Phosphorylation site,MOD,CK1 phosphorylation site,PF00069,Pkinase,Protein kinase domain,S..([ST])...,SSVTEPD,171,177,BID_MOUSE,Mus musculus,11583622,true positive,27,0,ordered
ELME000063,MOD_CK1_1,Casein kinase 1 (CK1) Phosphorylation site,MOD,CK1 phosphorylation site,PF00069,Pkinase,Protein kinase domain,S..([ST])...,SSVTEPD,171,177,CADH1_MOUSE,Mus musculus,17353278,true positive,27,0,ordered
ELME000063,MOD_CK1_1,Casein kinase 1 (CK1) Phosphorylation site,MOD,CK1 phosphorylation site,PF00069,Pkinase,Protein kinase domain,S..([ST])...,SSVTEPD,171,177,CRY2_ARATH,Arabidopsis thaliana,23897926,true positive,27,0,ordered
ELME000063,MOD_CK1_1,Casein kinase 1 (CK1) Phosphorylation site,MOD,CK1 phosphorylation site,PF00069,Pkinase,Protein kinase domain,S..([ST])...,SSVTEPD,171,177,DNMT1_MOUSE,Mus musculus,20192920,true positive,27,0,ordered
ELME000063,MOD_CK1_1,Casein kinase 1 (CK1) Phosphorylation site,MOD,CK1 phosphorylation site,PF00069,Pkinase,Protein kinase domain,S..([ST])...,SSVTEPD,171,177,DVL1_MOUSE,Mus musculus,16965538,true positive,27,0,ordered
ELME000063,MOD_CK1_1,Casein kinase 1 (CK1) Phosphorylation site,MOD,CK1 phosphorylation site,PF00069,Pkinase,Protein kinase domain,S..([ST])...,SSVTEPD,171,177,EPAS1_HUMAN,Homo sapiens,27686097,true positive,27,0,ordered
ELME000063,MOD_CK1_1,Casein kinase 1 (CK1) Phosphorylation site,MOD,CK1 phosphorylation site,PF00069,Pkinase,Protein kinase domain,S..([ST])...,SSVTEPD,171,177,FADD_HUMAN,Homo sapiens,16061179,true positive,27,0,ordered
ELME000063,MOD_CK1_1,Casein kinase 1 (CK1) Phosphorylation site,MOD,CK1 phosphorylation site,PF00069,Pkinase,Protein kinase domain,S..([ST])...,SSVTEPD,171,177,FOXO1_HUMAN,Homo sapiens,14710188 11980723,true positive,27,0,ordered
ELME000063,MOD_CK1_1,Casein kinase 1 (CK1) Phosphorylation site,MOD,CK1 phosphorylation site,PF00069,Pkinase,Protein kinase domain,S..([ST])...,SSVTEPD,171,177,HIF1A_HUMAN,Homo sapiens,20699359,true positive,27,0,ordered
ELME000063,MOD_CK1_1,Casein kinase 1 (CK1) Phosphorylation site,MOD,CK1 phosphorylation site,PF00069,Pkinase,Protein kinase domain,S..([ST])...,SSVTEPD,171,177,JADE1_HUMAN,Homo sapiens,25100726,true positive,27,0,ordered
ELME000063,MOD_CK1_1,Casein kinase 1 (CK1) Phosphorylation site,MOD,CK1 phosphorylation site,PF00069,Pkinase,Protein kinase domain,S..([ST])...,SSVTEPD,171,177,KPCD2_HUMAN,Homo sapiens,17962809,true positive,27,0,ordered
ELME000063,MOD_CK1_1,Casein kinase 1 (CK1) Phosphorylation site,MOD,CK1 phosphorylation site,PF00069,Pkinase,Protein kinase domain,S..([ST])...,SSVTEPD,171,177,LRRK2_MOUSE,Mus musculus,25500533,true positive,27,0,ordered
ELME000063,MOD_CK1_1,Casein kinase 1 (CK1) Phosphorylation site,MOD,CK1 phosphorylation site,PF00069,Pkinase,Protein kinase domain,S..([ST])...,SSVTEPD,171,177,MDM2_HUMAN,Homo sapiens,20708156,true positive,27,0,ordered
ELME000063,MOD_CK1_1,Casein kinase 1 (CK1) Phosphorylation site,MOD,CK1 phosphorylation site,PF00069,Pkinase,Protein kinase domain,S..([ST])...,SSVTEPD,171,177,MDM4_HUMAN,Homo sapiens,16024788,true positive,27,0,ordered
ELME000063,MOD_CK1_1,Casein kinase 1 (CK1) Phosphorylation site,MOD,CK1 phosphorylation site,PF00069,Pkinase,Protein kinase domain,S..([ST])...,SSVTEPD,171,177,MPIP1_HUMAN,Homo sapiens,20348946,true positive,27,0,ordered
ELME000063,MOD_CK1_1,Casein kinase 1 (CK1) Phosphorylation site,MOD,CK1 phosphorylation site,PF00069,Pkinase,Protein kinase domain,S..([ST])...,SSVTEPD,171,177,MTSS1_HUMAN,Homo sapiens,24318128,true positive,27,0,ordered
ELME000063,MOD_CK1_1,Casein kinase 1 (CK1) Phosphorylation site,MOD,CK1 phosphorylation site,PF00069,Pkinase,Protein kinase domain,S..([ST])...,SSVTEPD,171,177,NCOA3_HUMAN,Homo sapiens,19339517,true positive,27,0,ordered
ELME000063,MOD_CK1_1,Casein kinase 1 (CK1) Phosphorylation site,MOD,CK1 phosphorylation site,PF00069,Pkinase,Protein kinase domain,S..([ST])...,SSVTEPD,171,177,NFAT5_HUMAN,Homo sapiens,18411282,true positive,27,0,ordered
ELME000063,MOD_CK1_1,Casein kinase 1 (CK1) Phosphorylation site,MOD,CK1 phosphorylation site,PF00069,Pkinase,Protein kinase domain,S..([ST])...,SSVTEPD,171,177,P53_HUMAN,Homo sapiens,10734067 10606744,true positive,27,0,ordered
ELME000063,MOD_CK1_1,Casein kinase 1 (CK1) Phosphorylation site,MOD,CK1 phosphorylation site,PF00069,Pkinase,Protein kinase domain,S..([ST])...,SSVTEPD,171,177,PER2_HUMAN,Homo sapiens,21324900,true positive,27,0,ordered
ELME000063,MOD_CK1_1,Casein kinase 1 (CK1) Phosphorylation site,MOD,CK1 phosphorylation site,PF00069,Pkinase,Protein kinase domain,S..([ST])...,SSVTEPD,171,177,PYRG2_HUMAN,Homo sapiens,20739275,true positive,27,0,ordered
ELME000063,MOD_CK1_1,Casein kinase 1 (CK1) Phosphorylation site,MOD,CK1 phosphorylation site,PF00069,Pkinase,Protein kinase domain,S..([ST])...,SSVTEPD,171,177,TRAF3_HUMAN,Homo sapiens,26928339,true positive,27,0,ordered
ELME000063,MOD_CK1_1,Casein kinase 1 (CK1) Phosphorylation site,MOD,CK1 phosphorylation site,PF00069,Pkinase,Protein kinase domain,S..([ST])...,SSVTEPD,171,177,TRPM4_HUMAN,Homo sapiens,25231975,true positive,27,0,ordered
ELME000063,MOD_CK1_1,Casein kinase 1 (CK1) Phosphorylation site,MOD,CK1 phosphorylation site,PF00069,Pkinase,Protein kinase domain,S..([ST])...,SSVTEPD,171,177,YAP1_HUMAN,Homo sapiens,20048001,true positive,27,0,ordered
ELME000063,MOD_CK1_1,Casein kinase 1 (CK1) Phosphorylation site,MOD,CK1 phosphorylation site,PF00069,Pkinase,Protein kinase domain,S..([ST])...,SMSSIRS,243,249,APC_HUMAN,Homo sapiens,17910481,true positive,27,0,ordered
ELME000063,MOD_CK1_1,Casein kinase 1 (CK1) Phosphorylation site,MOD,CK1 phosphorylation site,PF00069,Pkinase,Protein kinase domain,S..([ST])...,SMSSIRS,243,249,ATOH1_HUMAN,Homo sapiens,27542412,true positive,27,0,ordered
ELME000063,MOD_CK1_1,Casein kinase 1 (CK1) Phosphorylation site,MOD,CK1 phosphorylation site,PF00069,Pkinase,Protein kinase domain,S..([ST])...,SMSSIRS,243,249,BECN1_HUMAN,Homo sapiens,26008601,true positive,27,0,ordered
ELME000063,MOD_CK1_1,Casein kinase 1 (CK1) Phosphorylation site,MOD,CK1 phosphorylation site,PF00069,Pkinase,Protein kinase domain,S..([ST])...,SMSSIRS,243,249,BID_MOUSE,Mus musculus,11583622,true positive,27,0,ordered
ELME000063,MOD_CK1_1,Casein kinase 1 (CK1) Phosphorylation site,MOD,CK1 phosphorylation site,PF00069,Pkinase,Protein kinase domain,S..([ST])...,SMSSIRS,243,249,CADH1_MOUSE,Mus musculus,17353278,true positive,27,0,ordered
ELME000063,MOD_CK1_1,Casein kinase 1 (CK1) Phosphorylation site,MOD,CK1 phosphorylation site,PF00069,Pkinase,Protein kinase domain,S..([ST])...,SMSSIRS,243,249,CRY2_ARATH,Arabidopsis thaliana,23897926,true positive,27,0,ordered
ELME000063,MOD_CK1_1,Casein kinase 1 (CK1) Phosphorylation site,MOD,CK1 phosphorylation site,PF00069,Pkinase,Protein kinase domain,S..([ST])...,SMSSIRS,243,249,DNMT1_MOUSE,Mus musculus,20192920,true positive,27,0,ordered
ELME000063,MOD_CK1_1,Casein kinase 1 (CK1) Phosphorylation site,MOD,CK1 phosphorylation site,PF00069,Pkinase,Protein kinase domain,S..([ST])...,SMSSIRS,243,249,DVL1_MOUSE,Mus musculus,16965538,true positive,27,0,ordered
ELME000063,MOD_CK1_1,Casein kinase 1 (CK1) Phosphorylation site,MOD,CK1 phosphorylation site,PF00069,Pkinase,Protein kinase domain,S..([ST])...,SMSSIRS,243,249,EPAS1_HUMAN,Homo sapiens,27686097,true positive,27,0,ordered
ELME000063,MOD_CK1_1,Casein kinase 1 (CK1) Phosphorylation site,MOD,CK1 phosphorylation site,PF00069,Pkinase,Protein kinase domain,S..([ST])...,SMSSIRS,243,249,FADD_HUMAN,Homo sapiens,16061179,true positive,27,0,ordered
ELME000063,MOD_CK1_1,Casein kinase 1 (CK1) Phosphorylation site,MOD,CK1 phosphorylation site,PF00069,Pkinase,Protein kinase domain,S..([ST])...,SMSSIRS,243,249,FOXO1_HUMAN,Homo sapiens,14710188 11980723,true positive,27,0,ordered
ELME000063,MOD_CK1_1,Casein kinase 1 (CK1) Phosphorylation site,MOD,CK1 phosphorylation site,PF00069,Pkinase,Protein kinase domain,S..([ST])...,SMSSIRS,243,249,HIF1A_HUMAN,Homo sapiens,20699359,true positive,27,0,ordered
ELME000063,MOD_CK1_1,Casein kinase 1 (CK1) Phosphorylation site,MOD,CK1 phosphorylation site,PF00069,Pkinase,Protein kinase domain,S..([ST])...,SMSSIRS,243,249,JADE1_HUMAN,Homo sapiens,25100726,true positive,27,0,ordered
ELME000063,MOD_CK1_1,Casein kinase 1 (CK1) Phosphorylation site,MOD,CK1 phosphorylation site,PF00069,Pkinase,Protein kinase domain,S..([ST])...,SMSSIRS,243,249,KPCD2_HUMAN,Homo sapiens,17962809,true positive,27,0,ordered
ELME000063,MOD_CK1_1,Casein kinase 1 (CK1) Phosphorylation site,MOD,CK1 phosphorylation site,PF00069,Pkinase,Protein kinase domain,S..([ST])...,SMSSIRS,243,249,LRRK2_MOUSE,Mus musculus,25500533,true positive,27,0,ordered
ELME000063,MOD_CK1_1,Casein kinase 1 (CK1) Phosphorylation site,MOD,CK1 phosphorylation site,PF00069,Pkinase,Protein kinase domain,S..([ST])...,SMSSIRS,243,249,MDM2_HUMAN,Homo sapiens,20708156,true positive,27,0,ordered
ELME000063,MOD_CK1_1,Casein kinase 1 (CK1) Phosphorylation site,MOD,CK1 phosphorylation site,PF00069,Pkinase,Protein kinase domain,S..([ST])...,SMSSIRS,243,249,MDM4_HUMAN,Homo sapiens,16024788,true positive,27,0,ordered
ELME000063,MOD_CK1_1,Casein kinase 1 (CK1) Phosphorylation site,MOD,CK1 phosphorylation site,PF00069,Pkinase,Protein kinase domain,S..([ST])...,SMSSIRS,243,249,MPIP1_HUMAN,Homo sapiens,20348946,true positive,27,0,ordered
ELME000063,MOD_CK1_1,Casein kinase 1 (CK1) Phosphorylation site,MOD,CK1 phosphorylation site,PF00069,Pkinase,Protein kinase domain,S..([ST])...,SMSSIRS,243,249,MTSS1_HUMAN,Homo sapiens,24318128,true positive,27,0,ordered
ELME000063,MOD_CK1_1,Casein kinase 1 (CK1) Phosphorylation site,MOD,CK1 phosphorylation site,PF00069,Pkinase,Protein kinase domain,S..([ST])...,SMSSIRS,243,249,NCOA3_HUMAN,Homo sapiens,19339517,true positive,27,0,ordered
ELME000063,MOD_CK1_1,Casein kinase 1 (CK1) Phosphorylation site,MOD,CK1 phosphorylation site,PF00069,Pkinase,Protein kinase domain,S..([ST])...,SMSSIRS,243,249,NFAT5_HUMAN,Homo sapiens,18411282,true positive,27,0,ordered
ELME000063,MOD_CK1_1,Casein kinase 1 (CK1) Phosphorylation site,MOD,CK1 phosphorylation site,PF00069,Pkinase,Protein kinase domain,S..([ST])...,SMSSIRS,243,249,P53_HUMAN,Homo sapiens,10734067 10606744,true positive,27,0,ordered
ELME000063,MOD_CK1_1,Casein kinase 1 (CK1) Phosphorylation site,MOD,CK1 phosphorylation site,PF00069,Pkinase,Protein kinase domain,S..([ST])...,SMSSIRS,243,249,PER2_HUMAN,Homo sapiens,21324900,true positive,27,0,ordered
ELME000063,MOD_CK1_1,Casein kinase 1 (CK1) Phosphorylation site,MOD,CK1 phosphorylation site,PF00069,Pkinase,Protein kinase domain,S..([ST])...,SMSSIRS,243,249,PYRG2_HUMAN,Homo sapiens,20739275,true positive,27,0,ordered
ELME000063,MOD_CK1_1,Casein kinase 1 (CK1) Phosphorylation site,MOD,CK1 phosphorylation site,PF00069,Pkinase,Protein kinase domain,S..([ST])...,SMSSIRS,243,249,TRAF3_HUMAN,Homo sapiens,26928339,true positive,27,0,ordered
ELME000063,MOD_CK1_1,Casein kinase 1 (CK1) Phosphorylation site,MOD,CK1 phosphorylation site,PF00069,Pkinase,Protein kinase domain,S..([ST])...,SMSSIRS,243,249,TRPM4_HUMAN,Homo sapiens,25231975,true positive,27,0,ordered
ELME000063,MOD_CK1_1,Casein kinase 1 (CK1) Phosphorylation site,MOD,CK1 phosphorylation site,PF00069,Pkinase,Protein kinase domain,S..([ST])...,SMSSIRS,243,249,YAP1_HUMAN,Homo sapiens,20048001,true positive,27,0,ordered
ELME000063,MOD_CK1_1,Casein kinase 1 (CK1) Phosphorylation site,MOD,CK1 phosphorylation site,PF00069,Pkinase,Protein kinase domain,S..([ST])...,SIRSKCP,246,252,APC_HUMAN,Homo sapiens,17910481,true positive,27,0,inbetween
ELME000063,MOD_CK1_1,Casein kinase 1 (CK1) Phosphorylation site,MOD,CK1 phosphorylation site,PF00069,Pkinase,Protein kinase domain,S..([ST])...,SIRSKCP,246,252,ATOH1_HUMAN,Homo sapiens,27542412,true positive,27,0,inbetween
ELME000063,MOD_CK1_1,Casein kinase 1 (CK1) Phosphorylation site,MOD,CK1 phosphorylation site,PF00069,Pkinase,Protein kinase domain,S..([ST])...,SIRSKCP,246,252,BECN1_HUMAN,Homo sapiens,26008601,true positive,27,0,inbetween
ELME000063,MOD_CK1_1,Casein kinase 1 (CK1) Phosphorylation site,MOD,CK1 phosphorylation site,PF00069,Pkinase,Protein kinase domain,S..([ST])...,SIRSKCP,246,252,BID_MOUSE,Mus musculus,11583622,true positive,27,0,inbetween
ELME000063,MOD_CK1_1,Casein kinase 1 (CK1) Phosphorylation site,MOD,CK1 phosphorylation site,PF00069,Pkinase,Protein kinase domain,S..([ST])...,SIRSKCP,246,252,CADH1_MOUSE,Mus musculus,17353278,true positive,27,0,inbetween
ELME000063,MOD_CK1_1,Casein kinase 1 (CK1) Phosphorylation site,MOD,CK1 phosphorylation site,PF00069,Pkinase,Protein kinase domain,S..([ST])...,SIRSKCP,246,252,CRY2_ARATH,Arabidopsis thaliana,23897926,true positive,27,0,inbetween
ELME000063,MOD_CK1_1,Casein kinase 1 (CK1) Phosphorylation site,MOD,CK1 phosphorylation site,PF00069,Pkinase,Protein kinase domain,S..([ST])...,SIRSKCP,246,252,DNMT1_MOUSE,Mus musculus,20192920,true positive,27,0,inbetween
ELME000063,MOD_CK1_1,Casein kinase 1 (CK1) Phosphorylation site,MOD,CK1 phosphorylation site,PF00069,Pkinase,Protein kinase domain,S..([ST])...,SIRSKCP,246,252,DVL1_MOUSE,Mus musculus,16965538,true positive,27,0,inbetween
ELME000063,MOD_CK1_1,Casein kinase 1 (CK1) Phosphorylation site,MOD,CK1 phosphorylation site,PF00069,Pkinase,Protein kinase domain,S..([ST])...,SIRSKCP,246,252,EPAS1_HUMAN,Homo sapiens,27686097,true positive,27,0,inbetween
ELME000063,MOD_CK1_1,Casein kinase 1 (CK1) Phosphorylation site,MOD,CK1 phosphorylation site,PF00069,Pkinase,Protein kinase domain,S..([ST])...,SIRSKCP,246,252,FADD_HUMAN,Homo sapiens,16061179,true positive,27,0,inbetween
ELME000063,MOD_CK1_1,Casein kinase 1 (CK1) Phosphorylation site,MOD,CK1 phosphorylation site,PF00069,Pkinase,Protein kinase domain,S..([ST])...,SIRSKCP,246,252,FOXO1_HUMAN,Homo sapiens,14710188 11980723,true positive,27,0,inbetween
ELME000063,MOD_CK1_1,Casein kinase 1 (CK1) Phosphorylation site,MOD,CK1 phosphorylation site,PF00069,Pkinase,Protein kinase domain,S..([ST])...,SIRSKCP,246,252,HIF1A_HUMAN,Homo sapiens,20699359,true positive,27,0,inbetween
ELME000063,MOD_CK1_1,Casein kinase 1 (CK1) Phosphorylation site,MOD,CK1 phosphorylation site,PF00069,Pkinase,Protein kinase domain,S..([ST])...,SIRSKCP,246,252,JADE1_HUMAN,Homo sapiens,25100726,true positive,27,0,inbetween
ELME000063,MOD_CK1_1,Casein kinase 1 (CK1) Phosphorylation site,MOD,CK1 phosphorylation site,PF00069,Pkinase,Protein kinase domain,S..([ST])...,SIRSKCP,246,252,KPCD2_HUMAN,Homo sapiens,17962809,true positive,27,0,inbetween
ELME000063,MOD_CK1_1,Casein kinase 1 (CK1) Phosphorylation site,MOD,CK1 phosphorylation site,PF00069,Pkinase,Protein kinase domain,S..([ST])...,SIRSKCP,246,252,LRRK2_MOUSE,Mus musculus,25500533,true positive,27,0,inbetween
ELME000063,MOD_CK1_1,Casein kinase 1 (CK1) Phosphorylation site,MOD,CK1 phosphorylation site,PF00069,Pkinase,Protein kinase domain,S..([ST])...,SIRSKCP,246,252,MDM2_HUMAN,Homo sapiens,20708156,true positive,27,0,inbetween
ELME000063,MOD_CK1_1,Casein kinase 1 (CK1) Phosphorylation site,MOD,CK1 phosphorylation site,PF00069,Pkinase,Protein kinase domain,S..([ST])...,SIRSKCP,246,252,MDM4_HUMAN,Homo sapiens,16024788,true positive,27,0,inbetween
ELME000063,MOD_CK1_1,Casein kinase 1 (CK1) Phosphorylation site,MOD,CK1 phosphorylation site,PF00069,Pkinase,Protein kinase domain,S..([ST])...,SIRSKCP,246,252,MPIP1_HUMAN,Homo sapiens,20348946,true positive,27,0,inbetween
ELME000063,MOD_CK1_1,Casein kinase 1 (CK1) Phosphorylation site,MOD,CK1 phosphorylation site,PF00069,Pkinase,Protein kinase domain,S..([ST])...,SIRSKCP,246,252,MTSS1_HUMAN,Homo sapiens,24318128,true positive,27,0,inbetween
ELME000063,MOD_CK1_1,Casein kinase 1 (CK1) Phosphorylation site,MOD,CK1 phosphorylation site,PF00069,Pkinase,Protein kinase domain,S..([ST])...,SIRSKCP,246,252,NCOA3_HUMAN,Homo sapiens,19339517,true positive,27,0,inbetween
ELME000063,MOD_CK1_1,Casein kinase 1 (CK1) Phosphorylation site,MOD,CK1 phosphorylation site,PF00069,Pkinase,Protein kinase domain,S..([ST])...,SIRSKCP,246,252,NFAT5_HUMAN,Homo sapiens,18411282,true positive,27,0,inbetween
ELME000063,MOD_CK1_1,Casein kinase 1 (CK1) Phosphorylation site,MOD,CK1 phosphorylation site,PF00069,Pkinase,Protein kinase domain,S..([ST])...,SIRSKCP,246,252,P53_HUMAN,Homo sapiens,10734067 10606744,true positive,27,0,inbetween
ELME000063,MOD_CK1_1,Casein kinase 1 (CK1) Phosphorylation site,MOD,CK1 phosphorylation site,PF00069,Pkinase,Protein kinase domain,S..([ST])...,SIRSKCP,246,252,PER2_HUMAN,Homo sapiens,21324900,true positive,27,0,inbetween
ELME000063,MOD_CK1_1,Casein kinase 1 (CK1) Phosphorylation site,MOD,CK1 phosphorylation site,PF00069,Pkinase,Protein kinase domain,S..([ST])...,SIRSKCP,246,252,PYRG2_HUMAN,Homo sapiens,20739275,true positive,27,0,inbetween
ELME000063,MOD_CK1_1,Casein kinase 1 (CK1) Phosphorylation site,MOD,CK1 phosphorylation site,PF00069,Pkinase,Protein kinase domain,S..([ST])...,SIRSKCP,246,252,TRAF3_HUMAN,Homo sapiens,26928339,true positive,27,0,inbetween
ELME000063,MOD_CK1_1,Casein kinase 1 (CK1) Phosphorylation site,MOD,CK1 phosphorylation site,PF00069,Pkinase,Protein kinase domain,S..([ST])...,SIRSKCP,246,252,TRPM4_HUMAN,Homo sapiens,25231975,true positive,27,0,inbetween
ELME000063,MOD_CK1_1,Casein kinase 1 (CK1) Phosphorylation site,MOD,CK1 phosphorylation site,PF00069,Pkinase,Protein kinase domain,S..([ST])...,SIRSKCP,246,252,YAP1_HUMAN,Homo sapiens,20048001,true positive,27,0,inbetween
ELME000063,MOD_CK1_1,Casein kinase 1 (CK1) Phosphorylation site,MOD,CK1 phosphorylation site,PF00069,Pkinase,Protein kinase domain,S..([ST])...,SEASTPP,256,262,APC_HUMAN,Homo sapiens,17910481,true positive,27,0,inbetween
ELME000063,MOD_CK1_1,Casein kinase 1 (CK1) Phosphorylation site,MOD,CK1 phosphorylation site,PF00069,Pkinase,Protein kinase domain,S..([ST])...,SEASTPP,256,262,ATOH1_HUMAN,Homo sapiens,27542412,true positive,27,0,inbetween
ELME000063,MOD_CK1_1,Casein kinase 1 (CK1) Phosphorylation site,MOD,CK1 phosphorylation site,PF00069,Pkinase,Protein kinase domain,S..([ST])...,SEASTPP,256,262,BECN1_HUMAN,Homo sapiens,26008601,true positive,27,0,inbetween
ELME000063,MOD_CK1_1,Casein kinase 1 (CK1) Phosphorylation site,MOD,CK1 phosphorylation site,PF00069,Pkinase,Protein kinase domain,S..([ST])...,SEASTPP,256,262,BID_MOUSE,Mus musculus,11583622,true positive,27,0,inbetween
ELME000063,MOD_CK1_1,Casein kinase 1 (CK1) Phosphorylation site,MOD,CK1 phosphorylation site,PF00069,Pkinase,Protein kinase domain,S..([ST])...,SEASTPP,256,262,CADH1_MOUSE,Mus musculus,17353278,true positive,27,0,inbetween
ELME000063,MOD_CK1_1,Casein kinase 1 (CK1) Phosphorylation site,MOD,CK1 phosphorylation site,PF00069,Pkinase,Protein kinase domain,S..([ST])...,SEASTPP,256,262,CRY2_ARATH,Arabidopsis thaliana,23897926,true positive,27,0,inbetween
ELME000063,MOD_CK1_1,Casein kinase 1 (CK1) Phosphorylation site,MOD,CK1 phosphorylation site,PF00069,Pkinase,Protein kinase domain,S..([ST])...,SEASTPP,256,262,DNMT1_MOUSE,Mus musculus,20192920,true positive,27,0,inbetween
ELME000063,MOD_CK1_1,Casein kinase 1 (CK1) Phosphorylation site,MOD,CK1 phosphorylation site,PF00069,Pkinase,Protein kinase domain,S..([ST])...,SEASTPP,256,262,DVL1_MOUSE,Mus musculus,16965538,true positive,27,0,inbetween
ELME000063,MOD_CK1_1,Casein kinase 1 (CK1) Phosphorylation site,MOD,CK1 phosphorylation site,PF00069,Pkinase,Protein kinase domain,S..([ST])...,SEASTPP,256,262,EPAS1_HUMAN,Homo sapiens,27686097,true positive,27,0,inbetween
ELME000063,MOD_CK1_1,Casein kinase 1 (CK1) Phosphorylation site,MOD,CK1 phosphorylation site,PF00069,Pkinase,Protein kinase domain,S..([ST])...,SEASTPP,256,262,FADD_HUMAN,Homo sapiens,16061179,true positive,27,0,inbetween
ELME000063,MOD_CK1_1,Casein kinase 1 (CK1) Phosphorylation site,MOD,CK1 phosphorylation site,PF00069,Pkinase,Protein kinase domain,S..([ST])...,SEASTPP,256,262,FOXO1_HUMAN,Homo sapiens,14710188 11980723,true positive,27,0,inbetween
ELME000063,MOD_CK1_1,Casein kinase 1 (CK1) Phosphorylation site,MOD,CK1 phosphorylation site,PF00069,Pkinase,Protein kinase domain,S..([ST])...,SEASTPP,256,262,HIF1A_HUMAN,Homo sapiens,20699359,true positive,27,0,inbetween
ELME000063,MOD_CK1_1,Casein kinase 1 (CK1) Phosphorylation site,MOD,CK1 phosphorylation site,PF00069,Pkinase,Protein kinase domain,S..([ST])...,SEASTPP,256,262,JADE1_HUMAN,Homo sapiens,25100726,true positive,27,0,inbetween
ELME000063,MOD_CK1_1,Casein kinase 1 (CK1) Phosphorylation site,MOD,CK1 phosphorylation site,PF00069,Pkinase,Protein kinase domain,S..([ST])...,SEASTPP,256,262,KPCD2_HUMAN,Homo sapiens,17962809,true positive,27,0,inbetween
ELME000063,MOD_CK1_1,Casein kinase 1 (CK1) Phosphorylation site,MOD,CK1 phosphorylation site,PF00069,Pkinase,Protein kinase domain,S..([ST])...,SEASTPP,256,262,LRRK2_MOUSE,Mus musculus,25500533,true positive,27,0,inbetween
ELME000063,MOD_CK1_1,Casein kinase 1 (CK1) Phosphorylation site,MOD,CK1 phosphorylation site,PF00069,Pkinase,Protein kinase domain,S..([ST])...,SEASTPP,256,262,MDM2_HUMAN,Homo sapiens,20708156,true positive,27,0,inbetween
ELME000063,MOD_CK1_1,Casein kinase 1 (CK1) Phosphorylation site,MOD,CK1 phosphorylation site,PF00069,Pkinase,Protein kinase domain,S..([ST])...,SEASTPP,256,262,MDM4_HUMAN,Homo sapiens,16024788,true positive,27,0,inbetween
ELME000063,MOD_CK1_1,Casein kinase 1 (CK1) Phosphorylation site,MOD,CK1 phosphorylation site,PF00069,Pkinase,Protein kinase domain,S..([ST])...,SEASTPP,256,262,MPIP1_HUMAN,Homo sapiens,20348946,true positive,27,0,inbetween
ELME000063,MOD_CK1_1,Casein kinase 1 (CK1) Phosphorylation site,MOD,CK1 phosphorylation site,PF00069,Pkinase,Protein kinase domain,S..([ST])...,SEASTPP,256,262,MTSS1_HUMAN,Homo sapiens,24318128,true positive,27,0,inbetween
ELME000063,MOD_CK1_1,Casein kinase 1 (CK1) Phosphorylation site,MOD,CK1 phosphorylation site,PF00069,Pkinase,Protein kinase domain,S..([ST])...,SEASTPP,256,262,NCOA3_HUMAN,Homo sapiens,19339517,true positive,27,0,inbetween
ELME000063,MOD_CK1_1,Casein kinase 1 (CK1) Phosphorylation site,MOD,CK1 phosphorylation site,PF00069,Pkinase,Protein kinase domain,S..([ST])...,SEASTPP,256,262,NFAT5_HUMAN,Homo sapiens,18411282,true positive,27,0,inbetween
ELME000063,MOD_CK1_1,Casein kinase 1 (CK1) Phosphorylation site,MOD,CK1 phosphorylation site,PF00069,Pkinase,Protein kinase domain,S..([ST])...,SEASTPP,256,262,P53_HUMAN,Homo sapiens,10734067 10606744,true positive,27,0,inbetween
ELME000063,MOD_CK1_1,Casein kinase 1 (CK1) Phosphorylation site,MOD,CK1 phosphorylation site,PF00069,Pkinase,Protein kinase domain,S..([ST])...,SEASTPP,256,262,PER2_HUMAN,Homo sapiens,21324900,true positive,27,0,inbetween
ELME000063,MOD_CK1_1,Casein kinase 1 (CK1) Phosphorylation site,MOD,CK1 phosphorylation site,PF00069,Pkinase,Protein kinase domain,S..([ST])...,SEASTPP,256,262,PYRG2_HUMAN,Homo sapiens,20739275,true positive,27,0,inbetween
ELME000063,MOD_CK1_1,Casein kinase 1 (CK1) Phosphorylation site,MOD,CK1 phosphorylation site,PF00069,Pkinase,Protein kinase domain,S..([ST])...,SEASTPP,256,262,TRAF3_HUMAN,Homo sapiens,26928339,true positive,27,0,inbetween
ELME000063,MOD_CK1_1,Casein kinase 1 (CK1) Phosphorylation site,MOD,CK1 phosphorylation site,PF00069,Pkinase,Protein kinase domain,S..([ST])...,SEASTPP,256,262,TRPM4_HUMAN,Homo sapiens,25231975,true positive,27,0,inbetween
ELME000063,MOD_CK1_1,Casein kinase 1 (CK1) Phosphorylation site,MOD,CK1 phosphorylation site,PF00069,Pkinase,Protein kinase domain,S..([ST])...,SEASTPP,256,262,YAP1_HUMAN,Homo sapiens,20048001,true positive,27,0,inbetween
ELME000063,MOD_CK1_1,Casein kinase 1 (CK1) Phosphorylation site,MOD,CK1 phosphorylation site,PF00069,Pkinase,Protein kinase domain,S..([ST])...,SLLSDGP,383,389,APC_HUMAN,Homo sapiens,17910481,true positive,27,0,disordered
ELME000063,MOD_CK1_1,Casein kinase 1 (CK1) Phosphorylation site,MOD,CK1 phosphorylation site,PF00069,Pkinase,Protein kinase domain,S..([ST])...,SLLSDGP,383,389,ATOH1_HUMAN,Homo sapiens,27542412,true positive,27,0,disordered
ELME000063,MOD_CK1_1,Casein kinase 1 (CK1) Phosphorylation site,MOD,CK1 phosphorylation site,PF00069,Pkinase,Protein kinase domain,S..([ST])...,SLLSDGP,383,389,BECN1_HUMAN,Homo sapiens,26008601,true positive,27,0,disordered
ELME000063,MOD_CK1_1,Casein kinase 1 (CK1) Phosphorylation site,MOD,CK1 phosphorylation site,PF00069,Pkinase,Protein kinase domain,S..([ST])...,SLLSDGP,383,389,BID_MOUSE,Mus musculus,11583622,true positive,27,0,disordered
ELME000063,MOD_CK1_1,Casein kinase 1 (CK1) Phosphorylation site,MOD,CK1 phosphorylation site,PF00069,Pkinase,Protein kinase domain,S..([ST])...,SLLSDGP,383,389,CADH1_MOUSE,Mus musculus,17353278,true positive,27,0,disordered
ELME000063,MOD_CK1_1,Casein kinase 1 (CK1) Phosphorylation site,MOD,CK1 phosphorylation site,PF00069,Pkinase,Protein kinase domain,S..([ST])...,SLLSDGP,383,389,CRY2_ARATH,Arabidopsis thaliana,23897926,true positive,27,0,disordered
ELME000063,MOD_CK1_1,Casein kinase 1 (CK1) Phosphorylation site,MOD,CK1 phosphorylation site,PF00069,Pkinase,Protein kinase domain,S..([ST])...,SLLSDGP,383,389,DNMT1_MOUSE,Mus musculus,20192920,true positive,27,0,disordered
ELME000063,MOD_CK1_1,Casein kinase 1 (CK1) Phosphorylation site,MOD,CK1 phosphorylation site,PF00069,Pkinase,Protein kinase domain,S..([ST])...,SLLSDGP,383,389,DVL1_MOUSE,Mus musculus,16965538,true positive,27,0,disordered
ELME000063,MOD_CK1_1,Casein kinase 1 (CK1) Phosphorylation site,MOD,CK1 phosphorylation site,PF00069,Pkinase,Protein kinase domain,S..([ST])...,SLLSDGP,383,389,EPAS1_HUMAN,Homo sapiens,27686097,true positive,27,0,disordered
ELME000063,MOD_CK1_1,Casein kinase 1 (CK1) Phosphorylation site,MOD,CK1 phosphorylation site,PF00069,Pkinase,Protein kinase domain,S..([ST])...,SLLSDGP,383,389,FADD_HUMAN,Homo sapiens,16061179,true positive,27,0,disordered
ELME000063,MOD_CK1_1,Casein kinase 1 (CK1) Phosphorylation site,MOD,CK1 phosphorylation site,PF00069,Pkinase,Protein kinase domain,S..([ST])...,SLLSDGP,383,389,FOXO1_HUMAN,Homo sapiens,14710188 11980723,true positive,27,0,disordered
ELME000063,MOD_CK1_1,Casein kinase 1 (CK1) Phosphorylation site,MOD,CK1 phosphorylation site,PF00069,Pkinase,Protein kinase domain,S..([ST])...,SLLSDGP,383,389,HIF1A_HUMAN,Homo sapiens,20699359,true positive,27,0,disordered
ELME000063,MOD_CK1_1,Casein kinase 1 (CK1) Phosphorylation site,MOD,CK1 phosphorylation site,PF00069,Pkinase,Protein kinase domain,S..([ST])...,SLLSDGP,383,389,JADE1_HUMAN,Homo sapiens,25100726,true positive,27,0,disordered
ELME000063,MOD_CK1_1,Casein kinase 1 (CK1) Phosphorylation site,MOD,CK1 phosphorylation site,PF00069,Pkinase,Protein kinase domain,S..([ST])...,SLLSDGP,383,389,KPCD2_HUMAN,Homo sapiens,17962809,true positive,27,0,disordered
ELME000063,MOD_CK1_1,Casein kinase 1 (CK1) Phosphorylation site,MOD,CK1 phosphorylation site,PF00069,Pkinase,Protein kinase domain,S..([ST])...,SLLSDGP,383,389,LRRK2_MOUSE,Mus musculus,25500533,true positive,27,0,disordered
ELME000063,MOD_CK1_1,Casein kinase 1 (CK1) Phosphorylation site,MOD,CK1 phosphorylation site,PF00069,Pkinase,Protein kinase domain,S..([ST])...,SLLSDGP,383,389,MDM2_HUMAN,Homo sapiens,20708156,true positive,27,0,disordered
ELME000063,MOD_CK1_1,Casein kinase 1 (CK1) Phosphorylation site,MOD,CK1 phosphorylation site,PF00069,Pkinase,Protein kinase domain,S..([ST])...,SLLSDGP,383,389,MDM4_HUMAN,Homo sapiens,16024788,true positive,27,0,disordered
ELME000063,MOD_CK1_1,Casein kinase 1 (CK1) Phosphorylation site,MOD,CK1 phosphorylation site,PF00069,Pkinase,Protein kinase domain,S..([ST])...,SLLSDGP,383,389,MPIP1_HUMAN,Homo sapiens,20348946,true positive,27,0,disordered
ELME000063,MOD_CK1_1,Casein kinase 1 (CK1) Phosphorylation site,MOD,CK1 phosphorylation site,PF00069,Pkinase,Protein kinase domain,S..([ST])...,SLLSDGP,383,389,MTSS1_HUMAN,Homo sapiens,24318128,true positive,27,0,disordered
ELME000063,MOD_CK1_1,Casein kinase 1 (CK1) Phosphorylation site,MOD,CK1 phosphorylation site,PF00069,Pkinase,Protein kinase domain,S..([ST])...,SLLSDGP,383,389,NCOA3_HUMAN,Homo sapiens,19339517,true positive,27,0,disordered
ELME000063,MOD_CK1_1,Casein kinase 1 (CK1) Phosphorylation site,MOD,CK1 phosphorylation site,PF00069,Pkinase,Protein kinase domain,S..([ST])...,SLLSDGP,383,389,NFAT5_HUMAN,Homo sapiens,18411282,true positive,27,0,disordered
ELME000063,MOD_CK1_1,Casein kinase 1 (CK1) Phosphorylation site,MOD,CK1 phosphorylation site,PF00069,Pkinase,Protein kinase domain,S..([ST])...,SLLSDGP,383,389,P53_HUMAN,Homo sapiens,10734067 10606744,true positive,27,0,disordered
ELME000063,MOD_CK1_1,Casein kinase 1 (CK1) Phosphorylation site,MOD,CK1 phosphorylation site,PF00069,Pkinase,Protein kinase domain,S..([ST])...,SLLSDGP,383,389,PER2_HUMAN,Homo sapiens,21324900,true positive,27,0,disordered
ELME000063,MOD_CK1_1,Casein kinase 1 (CK1) Phosphorylation site,MOD,CK1 phosphorylation site,PF00069,Pkinase,Protein kinase domain,S..([ST])...,SLLSDGP,383,389,PYRG2_HUMAN,Homo sapiens,20739275,true positive,27,0,disordered
ELME000063,MOD_CK1_1,Casein kinase 1 (CK1) Phosphorylation site,MOD,CK1 phosphorylation site,PF00069,Pkinase,Protein kinase domain,S..([ST])...,SLLSDGP,383,389,TRAF3_HUMAN,Homo sapiens,26928339,true positive,27,0,disordered
ELME000063,MOD_CK1_1,Casein kinase 1 (CK1) Phosphorylation site,MOD,CK1 phosphorylation site,PF00069,Pkinase,Protein kinase domain,S..([ST])...,SLLSDGP,383,389,TRPM4_HUMAN,Homo sapiens,25231975,true positive,27,0,disordered
ELME000063,MOD_CK1_1,Casein kinase 1 (CK1) Phosphorylation site,MOD,CK1 phosphorylation site,PF00069,Pkinase,Protein kinase domain,S..([ST])...,SLLSDGP,383,389,YAP1_HUMAN,Homo sapiens,20048001,true positive,27,0,disordered
ELME000063,MOD_CK1_1,Casein kinase 1 (CK1) Phosphorylation site,MOD,CK1 phosphorylation site,PF00069,Pkinase,Protein kinase domain,S..([ST])...,SVSSSWS,405,411,APC_HUMAN,Homo sapiens,17910481,true positive,27,0,disordered
ELME000063,MOD_CK1_1,Casein kinase 1 (CK1) Phosphorylation site,MOD,CK1 phosphorylation site,PF00069,Pkinase,Protein kinase domain,S..([ST])...,SVSSSWS,405,411,ATOH1_HUMAN,Homo sapiens,27542412,true positive,27,0,disordered
ELME000063,MOD_CK1_1,Casein kinase 1 (CK1) Phosphorylation site,MOD,CK1 phosphorylation site,PF00069,Pkinase,Protein kinase domain,S..([ST])...,SVSSSWS,405,411,BECN1_HUMAN,Homo sapiens,26008601,true positive,27,0,disordered
ELME000063,MOD_CK1_1,Casein kinase 1 (CK1) Phosphorylation site,MOD,CK1 phosphorylation site,PF00069,Pkinase,Protein kinase domain,S..([ST])...,SVSSSWS,405,411,BID_MOUSE,Mus musculus,11583622,true positive,27,0,disordered
ELME000063,MOD_CK1_1,Casein kinase 1 (CK1) Phosphorylation site,MOD,CK1 phosphorylation site,PF00069,Pkinase,Protein kinase domain,S..([ST])...,SVSSSWS,405,411,CADH1_MOUSE,Mus musculus,17353278,true positive,27,0,disordered
ELME000063,MOD_CK1_1,Casein kinase 1 (CK1) Phosphorylation site,MOD,CK1 phosphorylation site,PF00069,Pkinase,Protein kinase domain,S..([ST])...,SVSSSWS,405,411,CRY2_ARATH,Arabidopsis thaliana,23897926,true positive,27,0,disordered
ELME000063,MOD_CK1_1,Casein kinase 1 (CK1) Phosphorylation site,MOD,CK1 phosphorylation site,PF00069,Pkinase,Protein kinase domain,S..([ST])...,SVSSSWS,405,411,DNMT1_MOUSE,Mus musculus,20192920,true positive,27,0,disordered
ELME000063,MOD_CK1_1,Casein kinase 1 (CK1) Phosphorylation site,MOD,CK1 phosphorylation site,PF00069,Pkinase,Protein kinase domain,S..([ST])...,SVSSSWS,405,411,DVL1_MOUSE,Mus musculus,16965538,true positive,27,0,disordered
ELME000063,MOD_CK1_1,Casein kinase 1 (CK1) Phosphorylation site,MOD,CK1 phosphorylation site,PF00069,Pkinase,Protein kinase domain,S..([ST])...,SVSSSWS,405,411,EPAS1_HUMAN,Homo sapiens,27686097,true positive,27,0,disordered
ELME000063,MOD_CK1_1,Casein kinase 1 (CK1) Phosphorylation site,MOD,CK1 phosphorylation site,PF00069,Pkinase,Protein kinase domain,S..([ST])...,SVSSSWS,405,411,FADD_HUMAN,Homo sapiens,16061179,true positive,27,0,disordered
ELME000063,MOD_CK1_1,Casein kinase 1 (CK1) Phosphorylation site,MOD,CK1 phosphorylation site,PF00069,Pkinase,Protein kinase domain,S..([ST])...,SVSSSWS,405,411,FOXO1_HUMAN,Homo sapiens,14710188 11980723,true positive,27,0,disordered
ELME000063,MOD_CK1_1,Casein kinase 1 (CK1) Phosphorylation site,MOD,CK1 phosphorylation site,PF00069,Pkinase,Protein kinase domain,S..([ST])...,SVSSSWS,405,411,HIF1A_HUMAN,Homo sapiens,20699359,true positive,27,0,disordered
ELME000063,MOD_CK1_1,Casein kinase 1 (CK1) Phosphorylation site,MOD,CK1 phosphorylation site,PF00069,Pkinase,Protein kinase domain,S..([ST])...,SVSSSWS,405,411,JADE1_HUMAN,Homo sapiens,25100726,true positive,27,0,disordered
ELME000063,MOD_CK1_1,Casein kinase 1 (CK1) Phosphorylation site,MOD,CK1 phosphorylation site,PF00069,Pkinase,Protein kinase domain,S..([ST])...,SVSSSWS,405,411,KPCD2_HUMAN,Homo sapiens,17962809,true positive,27,0,disordered
ELME000063,MOD_CK1_1,Casein kinase 1 (CK1) Phosphorylation site,MOD,CK1 phosphorylation site,PF00069,Pkinase,Protein kinase domain,S..([ST])...,SVSSSWS,405,411,LRRK2_MOUSE,Mus musculus,25500533,true positive,27,0,disordered
ELME000063,MOD_CK1_1,Casein kinase 1 (CK1) Phosphorylation site,MOD,CK1 phosphorylation site,PF00069,Pkinase,Protein kinase domain,S..([ST])...,SVSSSWS,405,411,MDM2_HUMAN,Homo sapiens,20708156,true positive,27,0,disordered
ELME000063,MOD_CK1_1,Casein kinase 1 (CK1) Phosphorylation site,MOD,CK1 phosphorylation site,PF00069,Pkinase,Protein kinase domain,S..([ST])...,SVSSSWS,405,411,MDM4_HUMAN,Homo sapiens,16024788,true positive,27,0,disordered
ELME000063,MOD_CK1_1,Casein kinase 1 (CK1) Phosphorylation site,MOD,CK1 phosphorylation site,PF00069,Pkinase,Protein kinase domain,S..([ST])...,SVSSSWS,405,411,MPIP1_HUMAN,Homo sapiens,20348946,true positive,27,0,disordered
ELME000063,MOD_CK1_1,Casein kinase 1 (CK1) Phosphorylation site,MOD,CK1 phosphorylation site,PF00069,Pkinase,Protein kinase domain,S..([ST])...,SVSSSWS,405,411,MTSS1_HUMAN,Homo sapiens,24318128,true positive,27,0,disordered
ELME000063,MOD_CK1_1,Casein kinase 1 (CK1) Phosphorylation site,MOD,CK1 phosphorylation site,PF00069,Pkinase,Protein kinase domain,S..([ST])...,SVSSSWS,405,411,NCOA3_HUMAN,Homo sapiens,19339517,true positive,27,0,disordered
ELME000063,MOD_CK1_1,Casein kinase 1 (CK1) Phosphorylation site,MOD,CK1 phosphorylation site,PF00069,Pkinase,Protein kinase domain,S..([ST])...,SVSSSWS,405,411,NFAT5_HUMAN,Homo sapiens,18411282,true positive,27,0,disordered
ELME000063,MOD_CK1_1,Casein kinase 1 (CK1) Phosphorylation site,MOD,CK1 phosphorylation site,PF00069,Pkinase,Protein kinase domain,S..([ST])...,SVSSSWS,405,411,P53_HUMAN,Homo sapiens,10734067 10606744,true positive,27,0,disordered
ELME000063,MOD_CK1_1,Casein kinase 1 (CK1) Phosphorylation site,MOD,CK1 phosphorylation site,PF00069,Pkinase,Protein kinase domain,S..([ST])...,SVSSSWS,405,411,PER2_HUMAN,Homo sapiens,21324900,true positive,27,0,disordered
ELME000063,MOD_CK1_1,Casein kinase 1 (CK1) Phosphorylation site,MOD,CK1 phosphorylation site,PF00069,Pkinase,Protein kinase domain,S..([ST])...,SVSSSWS,405,411,PYRG2_HUMAN,Homo sapiens,20739275,true positive,27,0,disordered
ELME000063,MOD_CK1_1,Casein kinase 1 (CK1) Phosphorylation site,MOD,CK1 phosphorylation site,PF00069,Pkinase,Protein kinase domain,S..([ST])...,SVSSSWS,405,411,TRAF3_HUMAN,Homo sapiens,26928339,true positive,27,0,disordered
ELME000063,MOD_CK1_1,Casein kinase 1 (CK1) Phosphorylation site,MOD,CK1 phosphorylation site,PF00069,Pkinase,Protein kinase domain,S..([ST])...,SVSSSWS,405,411,TRPM4_HUMAN,Homo sapiens,25231975,true positive,27,0,disordered
ELME000063,MOD_CK1_1,Casein kinase 1 (CK1) Phosphorylation site,MOD,CK1 phosphorylation site,PF00069,Pkinase,Protein kinase domain,S..([ST])...,SVSSSWS,405,411,YAP1_HUMAN,Homo sapiens,20048001,true positive,27,0,disordered
ELME000063,MOD_CK1_1,Casein kinase 1 (CK1) Phosphorylation site,MOD,CK1 phosphorylation site,PF00069,Pkinase,Protein kinase domain,S..([ST])...,SSWSIPH,408,414,APC_HUMAN,Homo sapiens,17910481,true positive,27,0,inbetween
ELME000063,MOD_CK1_1,Casein kinase 1 (CK1) Phosphorylation site,MOD,CK1 phosphorylation site,PF00069,Pkinase,Protein kinase domain,S..([ST])...,SSWSIPH,408,414,ATOH1_HUMAN,Homo sapiens,27542412,true positive,27,0,inbetween
ELME000063,MOD_CK1_1,Casein kinase 1 (CK1) Phosphorylation site,MOD,CK1 phosphorylation site,PF00069,Pkinase,Protein kinase domain,S..([ST])...,SSWSIPH,408,414,BECN1_HUMAN,Homo sapiens,26008601,true positive,27,0,inbetween
ELME000063,MOD_CK1_1,Casein kinase 1 (CK1) Phosphorylation site,MOD,CK1 phosphorylation site,PF00069,Pkinase,Protein kinase domain,S..([ST])...,SSWSIPH,408,414,BID_MOUSE,Mus musculus,11583622,true positive,27,0,inbetween
ELME000063,MOD_CK1_1,Casein kinase 1 (CK1) Phosphorylation site,MOD,CK1 phosphorylation site,PF00069,Pkinase,Protein kinase domain,S..([ST])...,SSWSIPH,408,414,CADH1_MOUSE,Mus musculus,17353278,true positive,27,0,inbetween
ELME000063,MOD_CK1_1,Casein kinase 1 (CK1) Phosphorylation site,MOD,CK1 phosphorylation site,PF00069,Pkinase,Protein kinase domain,S..([ST])...,SSWSIPH,408,414,CRY2_ARATH,Arabidopsis thaliana,23897926,true positive,27,0,inbetween
ELME000063,MOD_CK1_1,Casein kinase 1 (CK1) Phosphorylation site,MOD,CK1 phosphorylation site,PF00069,Pkinase,Protein kinase domain,S..([ST])...,SSWSIPH,408,414,DNMT1_MOUSE,Mus musculus,20192920,true positive,27,0,inbetween
ELME000063,MOD_CK1_1,Casein kinase 1 (CK1) Phosphorylation site,MOD,CK1 phosphorylation site,PF00069,Pkinase,Protein kinase domain,S..([ST])...,SSWSIPH,408,414,DVL1_MOUSE,Mus musculus,16965538,true positive,27,0,inbetween
ELME000063,MOD_CK1_1,Casein kinase 1 (CK1) Phosphorylation site,MOD,CK1 phosphorylation site,PF00069,Pkinase,Protein kinase domain,S..([ST])...,SSWSIPH,408,414,EPAS1_HUMAN,Homo sapiens,27686097,true positive,27,0,inbetween
ELME000063,MOD_CK1_1,Casein kinase 1 (CK1) Phosphorylation site,MOD,CK1 phosphorylation site,PF00069,Pkinase,Protein kinase domain,S..([ST])...,SSWSIPH,408,414,FADD_HUMAN,Homo sapiens,16061179,true positive,27,0,inbetween
ELME000063,MOD_CK1_1,Casein kinase 1 (CK1) Phosphorylation site,MOD,CK1 phosphorylation site,PF00069,Pkinase,Protein kinase domain,S..([ST])...,SSWSIPH,408,414,FOXO1_HUMAN,Homo sapiens,14710188 11980723,true positive,27,0,inbetween
ELME000063,MOD_CK1_1,Casein kinase 1 (CK1) Phosphorylation site,MOD,CK1 phosphorylation site,PF00069,Pkinase,Protein kinase domain,S..([ST])...,SSWSIPH,408,414,HIF1A_HUMAN,Homo sapiens,20699359,true positive,27,0,inbetween
ELME000063,MOD_CK1_1,Casein kinase 1 (CK1) Phosphorylation site,MOD,CK1 phosphorylation site,PF00069,Pkinase,Protein kinase domain,S..([ST])...,SSWSIPH,408,414,JADE1_HUMAN,Homo sapiens,25100726,true positive,27,0,inbetween
ELME000063,MOD_CK1_1,Casein kinase 1 (CK1) Phosphorylation site,MOD,CK1 phosphorylation site,PF00069,Pkinase,Protein kinase domain,S..([ST])...,SSWSIPH,408,414,KPCD2_HUMAN,Homo sapiens,17962809,true positive,27,0,inbetween
ELME000063,MOD_CK1_1,Casein kinase 1 (CK1) Phosphorylation site,MOD,CK1 phosphorylation site,PF00069,Pkinase,Protein kinase domain,S..([ST])...,SSWSIPH,408,414,LRRK2_MOUSE,Mus musculus,25500533,true positive,27,0,inbetween
ELME000063,MOD_CK1_1,Casein kinase 1 (CK1) Phosphorylation site,MOD,CK1 phosphorylation site,PF00069,Pkinase,Protein kinase domain,S..([ST])...,SSWSIPH,408,414,MDM2_HUMAN,Homo sapiens,20708156,true positive,27,0,inbetween
ELME000063,MOD_CK1_1,Casein kinase 1 (CK1) Phosphorylation site,MOD,CK1 phosphorylation site,PF00069,Pkinase,Protein kinase domain,S..([ST])...,SSWSIPH,408,414,MDM4_HUMAN,Homo sapiens,16024788,true positive,27,0,inbetween
ELME000063,MOD_CK1_1,Casein kinase 1 (CK1) Phosphorylation site,MOD,CK1 phosphorylation site,PF00069,Pkinase,Protein kinase domain,S..([ST])...,SSWSIPH,408,414,MPIP1_HUMAN,Homo sapiens,20348946,true positive,27,0,inbetween
ELME000063,MOD_CK1_1,Casein kinase 1 (CK1) Phosphorylation site,MOD,CK1 phosphorylation site,PF00069,Pkinase,Protein kinase domain,S..([ST])...,SSWSIPH,408,414,MTSS1_HUMAN,Homo sapiens,24318128,true positive,27,0,inbetween
ELME000063,MOD_CK1_1,Casein kinase 1 (CK1) Phosphorylation site,MOD,CK1 phosphorylation site,PF00069,Pkinase,Protein kinase domain,S..([ST])...,SSWSIPH,408,414,NCOA3_HUMAN,Homo sapiens,19339517,true positive,27,0,inbetween
ELME000063,MOD_CK1_1,Casein kinase 1 (CK1) Phosphorylation site,MOD,CK1 phosphorylation site,PF00069,Pkinase,Protein kinase domain,S..([ST])...,SSWSIPH,408,414,NFAT5_HUMAN,Homo sapiens,18411282,true positive,27,0,inbetween
ELME000063,MOD_CK1_1,Casein kinase 1 (CK1) Phosphorylation site,MOD,CK1 phosphorylation site,PF00069,Pkinase,Protein kinase domain,S..([ST])...,SSWSIPH,408,414,P53_HUMAN,Homo sapiens,10734067 10606744,true positive,27,0,inbetween
ELME000063,MOD_CK1_1,Casein kinase 1 (CK1) Phosphorylation site,MOD,CK1 phosphorylation site,PF00069,Pkinase,Protein kinase domain,S..([ST])...,SSWSIPH,408,414,PER2_HUMAN,Homo sapiens,21324900,true positive,27,0,inbetween
ELME000063,MOD_CK1_1,Casein kinase 1 (CK1) Phosphorylation site,MOD,CK1 phosphorylation site,PF00069,Pkinase,Protein kinase domain,S..([ST])...,SSWSIPH,408,414,PYRG2_HUMAN,Homo sapiens,20739275,true positive,27,0,inbetween
ELME000063,MOD_CK1_1,Casein kinase 1 (CK1) Phosphorylation site,MOD,CK1 phosphorylation site,PF00069,Pkinase,Protein kinase domain,S..([ST])...,SSWSIPH,408,414,TRAF3_HUMAN,Homo sapiens,26928339,true positive,27,0,inbetween
ELME000063,MOD_CK1_1,Casein kinase 1 (CK1) Phosphorylation site,MOD,CK1 phosphorylation site,PF00069,Pkinase,Protein kinase domain,S..([ST])...,SSWSIPH,408,414,TRPM4_HUMAN,Homo sapiens,25231975,true positive,27,0,inbetween
ELME000063,MOD_CK1_1,Casein kinase 1 (CK1) Phosphorylation site,MOD,CK1 phosphorylation site,PF00069,Pkinase,Protein kinase domain,S..([ST])...,SSWSIPH,408,414,YAP1_HUMAN,Homo sapiens,20048001,true positive,27,0,inbetween
ELME000063,MOD_CK1_1,Casein kinase 1 (CK1) Phosphorylation site,MOD,CK1 phosphorylation site,PF00069,Pkinase,Protein kinase domain,S..([ST])...,SVTSEEA,433,439,APC_HUMAN,Homo sapiens,17910481,true positive,27,0,disordered
ELME000063,MOD_CK1_1,Casein kinase 1 (CK1) Phosphorylation site,MOD,CK1 phosphorylation site,PF00069,Pkinase,Protein kinase domain,S..([ST])...,SVTSEEA,433,439,ATOH1_HUMAN,Homo sapiens,27542412,true positive,27,0,disordered
ELME000063,MOD_CK1_1,Casein kinase 1 (CK1) Phosphorylation site,MOD,CK1 phosphorylation site,PF00069,Pkinase,Protein kinase domain,S..([ST])...,SVTSEEA,433,439,BECN1_HUMAN,Homo sapiens,26008601,true positive,27,0,disordered
ELME000063,MOD_CK1_1,Casein kinase 1 (CK1) Phosphorylation site,MOD,CK1 phosphorylation site,PF00069,Pkinase,Protein kinase domain,S..([ST])...,SVTSEEA,433,439,BID_MOUSE,Mus musculus,11583622,true positive,27,0,disordered
ELME000063,MOD_CK1_1,Casein kinase 1 (CK1) Phosphorylation site,MOD,CK1 phosphorylation site,PF00069,Pkinase,Protein kinase domain,S..([ST])...,SVTSEEA,433,439,CADH1_MOUSE,Mus musculus,17353278,true positive,27,0,disordered
ELME000063,MOD_CK1_1,Casein kinase 1 (CK1) Phosphorylation site,MOD,CK1 phosphorylation site,PF00069,Pkinase,Protein kinase domain,S..([ST])...,SVTSEEA,433,439,CRY2_ARATH,Arabidopsis thaliana,23897926,true positive,27,0,disordered
ELME000063,MOD_CK1_1,Casein kinase 1 (CK1) Phosphorylation site,MOD,CK1 phosphorylation site,PF00069,Pkinase,Protein kinase domain,S..([ST])...,SVTSEEA,433,439,DNMT1_MOUSE,Mus musculus,20192920,true positive,27,0,disordered
ELME000063,MOD_CK1_1,Casein kinase 1 (CK1) Phosphorylation site,MOD,CK1 phosphorylation site,PF00069,Pkinase,Protein kinase domain,S..([ST])...,SVTSEEA,433,439,DVL1_MOUSE,Mus musculus,16965538,true positive,27,0,disordered
ELME000063,MOD_CK1_1,Casein kinase 1 (CK1) Phosphorylation site,MOD,CK1 phosphorylation site,PF00069,Pkinase,Protein kinase domain,S..([ST])...,SVTSEEA,433,439,EPAS1_HUMAN,Homo sapiens,27686097,true positive,27,0,disordered
ELME000063,MOD_CK1_1,Casein kinase 1 (CK1) Phosphorylation site,MOD,CK1 phosphorylation site,PF00069,Pkinase,Protein kinase domain,S..([ST])...,SVTSEEA,433,439,FADD_HUMAN,Homo sapiens,16061179,true positive,27,0,disordered
ELME000063,MOD_CK1_1,Casein kinase 1 (CK1) Phosphorylation site,MOD,CK1 phosphorylation site,PF00069,Pkinase,Protein kinase domain,S..([ST])...,SVTSEEA,433,439,FOXO1_HUMAN,Homo sapiens,14710188 11980723,true positive,27,0,disordered
ELME000063,MOD_CK1_1,Casein kinase 1 (CK1) Phosphorylation site,MOD,CK1 phosphorylation site,PF00069,Pkinase,Protein kinase domain,S..([ST])...,SVTSEEA,433,439,HIF1A_HUMAN,Homo sapiens,20699359,true positive,27,0,disordered
ELME000063,MOD_CK1_1,Casein kinase 1 (CK1) Phosphorylation site,MOD,CK1 phosphorylation site,PF00069,Pkinase,Protein kinase domain,S..([ST])...,SVTSEEA,433,439,JADE1_HUMAN,Homo sapiens,25100726,true positive,27,0,disordered
ELME000063,MOD_CK1_1,Casein kinase 1 (CK1) Phosphorylation site,MOD,CK1 phosphorylation site,PF00069,Pkinase,Protein kinase domain,S..([ST])...,SVTSEEA,433,439,KPCD2_HUMAN,Homo sapiens,17962809,true positive,27,0,disordered
ELME000063,MOD_CK1_1,Casein kinase 1 (CK1) Phosphorylation site,MOD,CK1 phosphorylation site,PF00069,Pkinase,Protein kinase domain,S..([ST])...,SVTSEEA,433,439,LRRK2_MOUSE,Mus musculus,25500533,true positive,27,0,disordered
ELME000063,MOD_CK1_1,Casein kinase 1 (CK1) Phosphorylation site,MOD,CK1 phosphorylation site,PF00069,Pkinase,Protein kinase domain,S..([ST])...,SVTSEEA,433,439,MDM2_HUMAN,Homo sapiens,20708156,true positive,27,0,disordered
ELME000063,MOD_CK1_1,Casein kinase 1 (CK1) Phosphorylation site,MOD,CK1 phosphorylation site,PF00069,Pkinase,Protein kinase domain,S..([ST])...,SVTSEEA,433,439,MDM4_HUMAN,Homo sapiens,16024788,true positive,27,0,disordered
ELME000063,MOD_CK1_1,Casein kinase 1 (CK1) Phosphorylation site,MOD,CK1 phosphorylation site,PF00069,Pkinase,Protein kinase domain,S..([ST])...,SVTSEEA,433,439,MPIP1_HUMAN,Homo sapiens,20348946,true positive,27,0,disordered
ELME000063,MOD_CK1_1,Casein kinase 1 (CK1) Phosphorylation site,MOD,CK1 phosphorylation site,PF00069,Pkinase,Protein kinase domain,S..([ST])...,SVTSEEA,433,439,MTSS1_HUMAN,Homo sapiens,24318128,true positive,27,0,disordered
ELME000063,MOD_CK1_1,Casein kinase 1 (CK1) Phosphorylation site,MOD,CK1 phosphorylation site,PF00069,Pkinase,Protein kinase domain,S..([ST])...,SVTSEEA,433,439,NCOA3_HUMAN,Homo sapiens,19339517,true positive,27,0,disordered
ELME000063,MOD_CK1_1,Casein kinase 1 (CK1) Phosphorylation site,MOD,CK1 phosphorylation site,PF00069,Pkinase,Protein kinase domain,S..([ST])...,SVTSEEA,433,439,NFAT5_HUMAN,Homo sapiens,18411282,true positive,27,0,disordered
ELME000063,MOD_CK1_1,Casein kinase 1 (CK1) Phosphorylation site,MOD,CK1 phosphorylation site,PF00069,Pkinase,Protein kinase domain,S..([ST])...,SVTSEEA,433,439,P53_HUMAN,Homo sapiens,10734067 10606744,true positive,27,0,disordered
ELME000063,MOD_CK1_1,Casein kinase 1 (CK1) Phosphorylation site,MOD,CK1 phosphorylation site,PF00069,Pkinase,Protein kinase domain,S..([ST])...,SVTSEEA,433,439,PER2_HUMAN,Homo sapiens,21324900,true positive,27,0,disordered
ELME000063,MOD_CK1_1,Casein kinase 1 (CK1) Phosphorylation site,MOD,CK1 phosphorylation site,PF00069,Pkinase,Protein kinase domain,S..([ST])...,SVTSEEA,433,439,PYRG2_HUMAN,Homo sapiens,20739275,true positive,27,0,disordered
ELME000063,MOD_CK1_1,Casein kinase 1 (CK1) Phosphorylation site,MOD,CK1 phosphorylation site,PF00069,Pkinase,Protein kinase domain,S..([ST])...,SVTSEEA,433,439,TRAF3_HUMAN,Homo sapiens,26928339,true positive,27,0,disordered
ELME000063,MOD_CK1_1,Casein kinase 1 (CK1) Phosphorylation site,MOD,CK1 phosphorylation site,PF00069,Pkinase,Protein kinase domain,S..([ST])...,SVTSEEA,433,439,TRPM4_HUMAN,Homo sapiens,25231975,true positive,27,0,disordered
ELME000063,MOD_CK1_1,Casein kinase 1 (CK1) Phosphorylation site,MOD,CK1 phosphorylation site,PF00069,Pkinase,Protein kinase domain,S..([ST])...,SVTSEEA,433,439,YAP1_HUMAN,Homo sapiens,20048001,true positive,27,0,disordered
ELME000063,MOD_CK1_1,Casein kinase 1 (CK1) Phosphorylation site,MOD,CK1 phosphorylation site,PF00069,Pkinase,Protein kinase domain,S..([ST])...,SVETNSY,440,446,APC_HUMAN,Homo sapiens,17910481,true positive,27,0,inbetween
ELME000063,MOD_CK1_1,Casein kinase 1 (CK1) Phosphorylation site,MOD,CK1 phosphorylation site,PF00069,Pkinase,Protein kinase domain,S..([ST])...,SVETNSY,440,446,ATOH1_HUMAN,Homo sapiens,27542412,true positive,27,0,inbetween
ELME000063,MOD_CK1_1,Casein kinase 1 (CK1) Phosphorylation site,MOD,CK1 phosphorylation site,PF00069,Pkinase,Protein kinase domain,S..([ST])...,SVETNSY,440,446,BECN1_HUMAN,Homo sapiens,26008601,true positive,27,0,inbetween
ELME000063,MOD_CK1_1,Casein kinase 1 (CK1) Phosphorylation site,MOD,CK1 phosphorylation site,PF00069,Pkinase,Protein kinase domain,S..([ST])...,SVETNSY,440,446,BID_MOUSE,Mus musculus,11583622,true positive,27,0,inbetween
ELME000063,MOD_CK1_1,Casein kinase 1 (CK1) Phosphorylation site,MOD,CK1 phosphorylation site,PF00069,Pkinase,Protein kinase domain,S..([ST])...,SVETNSY,440,446,CADH1_MOUSE,Mus musculus,17353278,true positive,27,0,inbetween
ELME000063,MOD_CK1_1,Casein kinase 1 (CK1) Phosphorylation site,MOD,CK1 phosphorylation site,PF00069,Pkinase,Protein kinase domain,S..([ST])...,SVETNSY,440,446,CRY2_ARATH,Arabidopsis thaliana,23897926,true positive,27,0,inbetween
ELME000063,MOD_CK1_1,Casein kinase 1 (CK1) Phosphorylation site,MOD,CK1 phosphorylation site,PF00069,Pkinase,Protein kinase domain,S..([ST])...,SVETNSY,440,446,DNMT1_MOUSE,Mus musculus,20192920,true positive,27,0,inbetween
ELME000063,MOD_CK1_1,Casein kinase 1 (CK1) Phosphorylation site,MOD,CK1 phosphorylation site,PF00069,Pkinase,Protein kinase domain,S..([ST])...,SVETNSY,440,446,DVL1_MOUSE,Mus musculus,16965538,true positive,27,0,inbetween
ELME000063,MOD_CK1_1,Casein kinase 1 (CK1) Phosphorylation site,MOD,CK1 phosphorylation site,PF00069,Pkinase,Protein kinase domain,S..([ST])...,SVETNSY,440,446,EPAS1_HUMAN,Homo sapiens,27686097,true positive,27,0,inbetween
ELME000063,MOD_CK1_1,Casein kinase 1 (CK1) Phosphorylation site,MOD,CK1 phosphorylation site,PF00069,Pkinase,Protein kinase domain,S..([ST])...,SVETNSY,440,446,FADD_HUMAN,Homo sapiens,16061179,true positive,27,0,inbetween
ELME000063,MOD_CK1_1,Casein kinase 1 (CK1) Phosphorylation site,MOD,CK1 phosphorylation site,PF00069,Pkinase,Protein kinase domain,S..([ST])...,SVETNSY,440,446,FOXO1_HUMAN,Homo sapiens,14710188 11980723,true positive,27,0,inbetween
ELME000063,MOD_CK1_1,Casein kinase 1 (CK1) Phosphorylation site,MOD,CK1 phosphorylation site,PF00069,Pkinase,Protein kinase domain,S..([ST])...,SVETNSY,440,446,HIF1A_HUMAN,Homo sapiens,20699359,true positive,27,0,inbetween
ELME000063,MOD_CK1_1,Casein kinase 1 (CK1) Phosphorylation site,MOD,CK1 phosphorylation site,PF00069,Pkinase,Protein kinase domain,S..([ST])...,SVETNSY,440,446,JADE1_HUMAN,Homo sapiens,25100726,true positive,27,0,inbetween
ELME000063,MOD_CK1_1,Casein kinase 1 (CK1) Phosphorylation site,MOD,CK1 phosphorylation site,PF00069,Pkinase,Protein kinase domain,S..([ST])...,SVETNSY,440,446,KPCD2_HUMAN,Homo sapiens,17962809,true positive,27,0,inbetween
ELME000063,MOD_CK1_1,Casein kinase 1 (CK1) Phosphorylation site,MOD,CK1 phosphorylation site,PF00069,Pkinase,Protein kinase domain,S..([ST])...,SVETNSY,440,446,LRRK2_MOUSE,Mus musculus,25500533,true positive,27,0,inbetween
ELME000063,MOD_CK1_1,Casein kinase 1 (CK1) Phosphorylation site,MOD,CK1 phosphorylation site,PF00069,Pkinase,Protein kinase domain,S..([ST])...,SVETNSY,440,446,MDM2_HUMAN,Homo sapiens,20708156,true positive,27,0,inbetween
ELME000063,MOD_CK1_1,Casein kinase 1 (CK1) Phosphorylation site,MOD,CK1 phosphorylation site,PF00069,Pkinase,Protein kinase domain,S..([ST])...,SVETNSY,440,446,MDM4_HUMAN,Homo sapiens,16024788,true positive,27,0,inbetween
ELME000063,MOD_CK1_1,Casein kinase 1 (CK1) Phosphorylation site,MOD,CK1 phosphorylation site,PF00069,Pkinase,Protein kinase domain,S..([ST])...,SVETNSY,440,446,MPIP1_HUMAN,Homo sapiens,20348946,true positive,27,0,inbetween
ELME000063,MOD_CK1_1,Casein kinase 1 (CK1) Phosphorylation site,MOD,CK1 phosphorylation site,PF00069,Pkinase,Protein kinase domain,S..([ST])...,SVETNSY,440,446,MTSS1_HUMAN,Homo sapiens,24318128,true positive,27,0,inbetween
ELME000063,MOD_CK1_1,Casein kinase 1 (CK1) Phosphorylation site,MOD,CK1 phosphorylation site,PF00069,Pkinase,Protein kinase domain,S..([ST])...,SVETNSY,440,446,NCOA3_HUMAN,Homo sapiens,19339517,true positive,27,0,inbetween
ELME000063,MOD_CK1_1,Casein kinase 1 (CK1) Phosphorylation site,MOD,CK1 phosphorylation site,PF00069,Pkinase,Protein kinase domain,S..([ST])...,SVETNSY,440,446,NFAT5_HUMAN,Homo sapiens,18411282,true positive,27,0,inbetween
ELME000063,MOD_CK1_1,Casein kinase 1 (CK1) Phosphorylation site,MOD,CK1 phosphorylation site,PF00069,Pkinase,Protein kinase domain,S..([ST])...,SVETNSY,440,446,P53_HUMAN,Homo sapiens,10734067 10606744,true positive,27,0,inbetween
ELME000063,MOD_CK1_1,Casein kinase 1 (CK1) Phosphorylation site,MOD,CK1 phosphorylation site,PF00069,Pkinase,Protein kinase domain,S..([ST])...,SVETNSY,440,446,PER2_HUMAN,Homo sapiens,21324900,true positive,27,0,inbetween
ELME000063,MOD_CK1_1,Casein kinase 1 (CK1) Phosphorylation site,MOD,CK1 phosphorylation site,PF00069,Pkinase,Protein kinase domain,S..([ST])...,SVETNSY,440,446,PYRG2_HUMAN,Homo sapiens,20739275,true positive,27,0,inbetween
ELME000063,MOD_CK1_1,Casein kinase 1 (CK1) Phosphorylation site,MOD,CK1 phosphorylation site,PF00069,Pkinase,Protein kinase domain,S..([ST])...,SVETNSY,440,446,TRAF3_HUMAN,Homo sapiens,26928339,true positive,27,0,inbetween
ELME000063,MOD_CK1_1,Casein kinase 1 (CK1) Phosphorylation site,MOD,CK1 phosphorylation site,PF00069,Pkinase,Protein kinase domain,S..([ST])...,SVETNSY,440,446,TRPM4_HUMAN,Homo sapiens,25231975,true positive,27,0,inbetween
ELME000063,MOD_CK1_1,Casein kinase 1 (CK1) Phosphorylation site,MOD,CK1 phosphorylation site,PF00069,Pkinase,Protein kinase domain,S..([ST])...,SVETNSY,440,446,YAP1_HUMAN,Homo sapiens,20048001,true positive,27,0,inbetween
ELME000063,MOD_CK1_1,Casein kinase 1 (CK1) Phosphorylation site,MOD,CK1 phosphorylation site,PF00069,Pkinase,Protein kinase domain,S..([ST])...,SLASRAS,479,485,APC_HUMAN,Homo sapiens,17910481,true positive,27,0,disordered
ELME000063,MOD_CK1_1,Casein kinase 1 (CK1) Phosphorylation site,MOD,CK1 phosphorylation site,PF00069,Pkinase,Protein kinase domain,S..([ST])...,SLASRAS,479,485,ATOH1_HUMAN,Homo sapiens,27542412,true positive,27,0,disordered
ELME000063,MOD_CK1_1,Casein kinase 1 (CK1) Phosphorylation site,MOD,CK1 phosphorylation site,PF00069,Pkinase,Protein kinase domain,S..([ST])...,SLASRAS,479,485,BECN1_HUMAN,Homo sapiens,26008601,true positive,27,0,disordered
ELME000063,MOD_CK1_1,Casein kinase 1 (CK1) Phosphorylation site,MOD,CK1 phosphorylation site,PF00069,Pkinase,Protein kinase domain,S..([ST])...,SLASRAS,479,485,BID_MOUSE,Mus musculus,11583622,true positive,27,0,disordered
ELME000063,MOD_CK1_1,Casein kinase 1 (CK1) Phosphorylation site,MOD,CK1 phosphorylation site,PF00069,Pkinase,Protein kinase domain,S..([ST])...,SLASRAS,479,485,CADH1_MOUSE,Mus musculus,17353278,true positive,27,0,disordered
ELME000063,MOD_CK1_1,Casein kinase 1 (CK1) Phosphorylation site,MOD,CK1 phosphorylation site,PF00069,Pkinase,Protein kinase domain,S..([ST])...,SLASRAS,479,485,CRY2_ARATH,Arabidopsis thaliana,23897926,true positive,27,0,disordered
ELME000063,MOD_CK1_1,Casein kinase 1 (CK1) Phosphorylation site,MOD,CK1 phosphorylation site,PF00069,Pkinase,Protein kinase domain,S..([ST])...,SLASRAS,479,485,DNMT1_MOUSE,Mus musculus,20192920,true positive,27,0,disordered
ELME000063,MOD_CK1_1,Casein kinase 1 (CK1) Phosphorylation site,MOD,CK1 phosphorylation site,PF00069,Pkinase,Protein kinase domain,S..([ST])...,SLASRAS,479,485,DVL1_MOUSE,Mus musculus,16965538,true positive,27,0,disordered
ELME000063,MOD_CK1_1,Casein kinase 1 (CK1) Phosphorylation site,MOD,CK1 phosphorylation site,PF00069,Pkinase,Protein kinase domain,S..([ST])...,SLASRAS,479,485,EPAS1_HUMAN,Homo sapiens,27686097,true positive,27,0,disordered
ELME000063,MOD_CK1_1,Casein kinase 1 (CK1) Phosphorylation site,MOD,CK1 phosphorylation site,PF00069,Pkinase,Protein kinase domain,S..([ST])...,SLASRAS,479,485,FADD_HUMAN,Homo sapiens,16061179,true positive,27,0,disordered
ELME000063,MOD_CK1_1,Casein kinase 1 (CK1) Phosphorylation site,MOD,CK1 phosphorylation site,PF00069,Pkinase,Protein kinase domain,S..([ST])...,SLASRAS,479,485,FOXO1_HUMAN,Homo sapiens,14710188 11980723,true positive,27,0,disordered
ELME000063,MOD_CK1_1,Casein kinase 1 (CK1) Phosphorylation site,MOD,CK1 phosphorylation site,PF00069,Pkinase,Protein kinase domain,S..([ST])...,SLASRAS,479,485,HIF1A_HUMAN,Homo sapiens,20699359,true positive,27,0,disordered
ELME000063,MOD_CK1_1,Casein kinase 1 (CK1) Phosphorylation site,MOD,CK1 phosphorylation site,PF00069,Pkinase,Protein kinase domain,S..([ST])...,SLASRAS,479,485,JADE1_HUMAN,Homo sapiens,25100726,true positive,27,0,disordered
ELME000063,MOD_CK1_1,Casein kinase 1 (CK1) Phosphorylation site,MOD,CK1 phosphorylation site,PF00069,Pkinase,Protein kinase domain,S..([ST])...,SLASRAS,479,485,KPCD2_HUMAN,Homo sapiens,17962809,true positive,27,0,disordered
ELME000063,MOD_CK1_1,Casein kinase 1 (CK1) Phosphorylation site,MOD,CK1 phosphorylation site,PF00069,Pkinase,Protein kinase domain,S..([ST])...,SLASRAS,479,485,LRRK2_MOUSE,Mus musculus,25500533,true positive,27,0,disordered
ELME000063,MOD_CK1_1,Casein kinase 1 (CK1) Phosphorylation site,MOD,CK1 phosphorylation site,PF00069,Pkinase,Protein kinase domain,S..([ST])...,SLASRAS,479,485,MDM2_HUMAN,Homo sapiens,20708156,true positive,27,0,disordered
ELME000063,MOD_CK1_1,Casein kinase 1 (CK1) Phosphorylation site,MOD,CK1 phosphorylation site,PF00069,Pkinase,Protein kinase domain,S..([ST])...,SLASRAS,479,485,MDM4_HUMAN,Homo sapiens,16024788,true positive,27,0,disordered
ELME000063,MOD_CK1_1,Casein kinase 1 (CK1) Phosphorylation site,MOD,CK1 phosphorylation site,PF00069,Pkinase,Protein kinase domain,S..([ST])...,SLASRAS,479,485,MPIP1_HUMAN,Homo sapiens,20348946,true positive,27,0,disordered
ELME000063,MOD_CK1_1,Casein kinase 1 (CK1) Phosphorylation site,MOD,CK1 phosphorylation site,PF00069,Pkinase,Protein kinase domain,S..([ST])...,SLASRAS,479,485,MTSS1_HUMAN,Homo sapiens,24318128,true positive,27,0,disordered
ELME000063,MOD_CK1_1,Casein kinase 1 (CK1) Phosphorylation site,MOD,CK1 phosphorylation site,PF00069,Pkinase,Protein kinase domain,S..([ST])...,SLASRAS,479,485,NCOA3_HUMAN,Homo sapiens,19339517,true positive,27,0,disordered
ELME000063,MOD_CK1_1,Casein kinase 1 (CK1) Phosphorylation site,MOD,CK1 phosphorylation site,PF00069,Pkinase,Protein kinase domain,S..([ST])...,SLASRAS,479,485,NFAT5_HUMAN,Homo sapiens,18411282,true positive,27,0,disordered
ELME000063,MOD_CK1_1,Casein kinase 1 (CK1) Phosphorylation site,MOD,CK1 phosphorylation site,PF00069,Pkinase,Protein kinase domain,S..([ST])...,SLASRAS,479,485,P53_HUMAN,Homo sapiens,10734067 10606744,true positive,27,0,disordered
ELME000063,MOD_CK1_1,Casein kinase 1 (CK1) Phosphorylation site,MOD,CK1 phosphorylation site,PF00069,Pkinase,Protein kinase domain,S..([ST])...,SLASRAS,479,485,PER2_HUMAN,Homo sapiens,21324900,true positive,27,0,disordered
ELME000063,MOD_CK1_1,Casein kinase 1 (CK1) Phosphorylation site,MOD,CK1 phosphorylation site,PF00069,Pkinase,Protein kinase domain,S..([ST])...,SLASRAS,479,485,PYRG2_HUMAN,Homo sapiens,20739275,true positive,27,0,disordered
ELME000063,MOD_CK1_1,Casein kinase 1 (CK1) Phosphorylation site,MOD,CK1 phosphorylation site,PF00069,Pkinase,Protein kinase domain,S..([ST])...,SLASRAS,479,485,TRAF3_HUMAN,Homo sapiens,26928339,true positive,27,0,disordered
ELME000063,MOD_CK1_1,Casein kinase 1 (CK1) Phosphorylation site,MOD,CK1 phosphorylation site,PF00069,Pkinase,Protein kinase domain,S..([ST])...,SLASRAS,479,485,TRPM4_HUMAN,Homo sapiens,25231975,true positive,27,0,disordered
ELME000063,MOD_CK1_1,Casein kinase 1 (CK1) Phosphorylation site,MOD,CK1 phosphorylation site,PF00069,Pkinase,Protein kinase domain,S..([ST])...,SLASRAS,479,485,YAP1_HUMAN,Homo sapiens,20048001,true positive,27,0,disordered
ELME000063,MOD_CK1_1,Casein kinase 1 (CK1) Phosphorylation site,MOD,CK1 phosphorylation site,PF00069,Pkinase,Protein kinase domain,S..([ST])...,SRASSRI,482,488,APC_HUMAN,Homo sapiens,17910481,true positive,27,0,disordered
ELME000063,MOD_CK1_1,Casein kinase 1 (CK1) Phosphorylation site,MOD,CK1 phosphorylation site,PF00069,Pkinase,Protein kinase domain,S..([ST])...,SRASSRI,482,488,ATOH1_HUMAN,Homo sapiens,27542412,true positive,27,0,disordered
ELME000063,MOD_CK1_1,Casein kinase 1 (CK1) Phosphorylation site,MOD,CK1 phosphorylation site,PF00069,Pkinase,Protein kinase domain,S..([ST])...,SRASSRI,482,488,BECN1_HUMAN,Homo sapiens,26008601,true positive,27,0,disordered
ELME000063,MOD_CK1_1,Casein kinase 1 (CK1) Phosphorylation site,MOD,CK1 phosphorylation site,PF00069,Pkinase,Protein kinase domain,S..([ST])...,SRASSRI,482,488,BID_MOUSE,Mus musculus,11583622,true positive,27,0,disordered
ELME000063,MOD_CK1_1,Casein kinase 1 (CK1) Phosphorylation site,MOD,CK1 phosphorylation site,PF00069,Pkinase,Protein kinase domain,S..([ST])...,SRASSRI,482,488,CADH1_MOUSE,Mus musculus,17353278,true positive,27,0,disordered
ELME000063,MOD_CK1_1,Casein kinase 1 (CK1) Phosphorylation site,MOD,CK1 phosphorylation site,PF00069,Pkinase,Protein kinase domain,S..([ST])...,SRASSRI,482,488,CRY2_ARATH,Arabidopsis thaliana,23897926,true positive,27,0,disordered
ELME000063,MOD_CK1_1,Casein kinase 1 (CK1) Phosphorylation site,MOD,CK1 phosphorylation site,PF00069,Pkinase,Protein kinase domain,S..([ST])...,SRASSRI,482,488,DNMT1_MOUSE,Mus musculus,20192920,true positive,27,0,disordered
ELME000063,MOD_CK1_1,Casein kinase 1 (CK1) Phosphorylation site,MOD,CK1 phosphorylation site,PF00069,Pkinase,Protein kinase domain,S..([ST])...,SRASSRI,482,488,DVL1_MOUSE,Mus musculus,16965538,true positive,27,0,disordered
ELME000063,MOD_CK1_1,Casein kinase 1 (CK1) Phosphorylation site,MOD,CK1 phosphorylation site,PF00069,Pkinase,Protein kinase domain,S..([ST])...,SRASSRI,482,488,EPAS1_HUMAN,Homo sapiens,27686097,true positive,27,0,disordered
ELME000063,MOD_CK1_1,Casein kinase 1 (CK1) Phosphorylation site,MOD,CK1 phosphorylation site,PF00069,Pkinase,Protein kinase domain,S..([ST])...,SRASSRI,482,488,FADD_HUMAN,Homo sapiens,16061179,true positive,27,0,disordered
ELME000063,MOD_CK1_1,Casein kinase 1 (CK1) Phosphorylation site,MOD,CK1 phosphorylation site,PF00069,Pkinase,Protein kinase domain,S..([ST])...,SRASSRI,482,488,FOXO1_HUMAN,Homo sapiens,14710188 11980723,true positive,27,0,disordered
ELME000063,MOD_CK1_1,Casein kinase 1 (CK1) Phosphorylation site,MOD,CK1 phosphorylation site,PF00069,Pkinase,Protein kinase domain,S..([ST])...,SRASSRI,482,488,HIF1A_HUMAN,Homo sapiens,20699359,true positive,27,0,disordered
ELME000063,MOD_CK1_1,Casein kinase 1 (CK1) Phosphorylation site,MOD,CK1 phosphorylation site,PF00069,Pkinase,Protein kinase domain,S..([ST])...,SRASSRI,482,488,JADE1_HUMAN,Homo sapiens,25100726,true positive,27,0,disordered
ELME000063,MOD_CK1_1,Casein kinase 1 (CK1) Phosphorylation site,MOD,CK1 phosphorylation site,PF00069,Pkinase,Protein kinase domain,S..([ST])...,SRASSRI,482,488,KPCD2_HUMAN,Homo sapiens,17962809,true positive,27,0,disordered
ELME000063,MOD_CK1_1,Casein kinase 1 (CK1) Phosphorylation site,MOD,CK1 phosphorylation site,PF00069,Pkinase,Protein kinase domain,S..([ST])...,SRASSRI,482,488,LRRK2_MOUSE,Mus musculus,25500533,true positive,27,0,disordered
ELME000063,MOD_CK1_1,Casein kinase 1 (CK1) Phosphorylation site,MOD,CK1 phosphorylation site,PF00069,Pkinase,Protein kinase domain,S..([ST])...,SRASSRI,482,488,MDM2_HUMAN,Homo sapiens,20708156,true positive,27,0,disordered
ELME000063,MOD_CK1_1,Casein kinase 1 (CK1) Phosphorylation site,MOD,CK1 phosphorylation site,PF00069,Pkinase,Protein kinase domain,S..([ST])...,SRASSRI,482,488,MDM4_HUMAN,Homo sapiens,16024788,true positive,27,0,disordered
ELME000063,MOD_CK1_1,Casein kinase 1 (CK1) Phosphorylation site,MOD,CK1 phosphorylation site,PF00069,Pkinase,Protein kinase domain,S..([ST])...,SRASSRI,482,488,MPIP1_HUMAN,Homo sapiens,20348946,true positive,27,0,disordered
ELME000063,MOD_CK1_1,Casein kinase 1 (CK1) Phosphorylation site,MOD,CK1 phosphorylation site,PF00069,Pkinase,Protein kinase domain,S..([ST])...,SRASSRI,482,488,MTSS1_HUMAN,Homo sapiens,24318128,true positive,27,0,disordered
ELME000063,MOD_CK1_1,Casein kinase 1 (CK1) Phosphorylation site,MOD,CK1 phosphorylation site,PF00069,Pkinase,Protein kinase domain,S..([ST])...,SRASSRI,482,488,NCOA3_HUMAN,Homo sapiens,19339517,true positive,27,0,disordered
ELME000063,MOD_CK1_1,Casein kinase 1 (CK1) Phosphorylation site,MOD,CK1 phosphorylation site,PF00069,Pkinase,Protein kinase domain,S..([ST])...,SRASSRI,482,488,NFAT5_HUMAN,Homo sapiens,18411282,true positive,27,0,disordered
ELME000063,MOD_CK1_1,Casein kinase 1 (CK1) Phosphorylation site,MOD,CK1 phosphorylation site,PF00069,Pkinase,Protein kinase domain,S..([ST])...,SRASSRI,482,488,P53_HUMAN,Homo sapiens,10734067 10606744,true positive,27,0,disordered
ELME000063,MOD_CK1_1,Casein kinase 1 (CK1) Phosphorylation site,MOD,CK1 phosphorylation site,PF00069,Pkinase,Protein kinase domain,S..([ST])...,SRASSRI,482,488,PER2_HUMAN,Homo sapiens,21324900,true positive,27,0,disordered
ELME000063,MOD_CK1_1,Casein kinase 1 (CK1) Phosphorylation site,MOD,CK1 phosphorylation site,PF00069,Pkinase,Protein kinase domain,S..([ST])...,SRASSRI,482,488,PYRG2_HUMAN,Homo sapiens,20739275,true positive,27,0,disordered
ELME000063,MOD_CK1_1,Casein kinase 1 (CK1) Phosphorylation site,MOD,CK1 phosphorylation site,PF00069,Pkinase,Protein kinase domain,S..([ST])...,SRASSRI,482,488,TRAF3_HUMAN,Homo sapiens,26928339,true positive,27,0,disordered
ELME000063,MOD_CK1_1,Casein kinase 1 (CK1) Phosphorylation site,MOD,CK1 phosphorylation site,PF00069,Pkinase,Protein kinase domain,S..([ST])...,SRASSRI,482,488,TRPM4_HUMAN,Homo sapiens,25231975,true positive,27,0,disordered
ELME000063,MOD_CK1_1,Casein kinase 1 (CK1) Phosphorylation site,MOD,CK1 phosphorylation site,PF00069,Pkinase,Protein kinase domain,S..([ST])...,SRASSRI,482,488,YAP1_HUMAN,Homo sapiens,20048001,true positive,27,0,disordered
ELME000063,MOD_CK1_1,Casein kinase 1 (CK1) Phosphorylation site,MOD,CK1 phosphorylation site,PF00069,Pkinase,Protein kinase domain,S..([ST])...,SRISLVS,486,492,APC_HUMAN,Homo sapiens,17910481,true positive,27,0,disordered
ELME000063,MOD_CK1_1,Casein kinase 1 (CK1) Phosphorylation site,MOD,CK1 phosphorylation site,PF00069,Pkinase,Protein kinase domain,S..([ST])...,SRISLVS,486,492,ATOH1_HUMAN,Homo sapiens,27542412,true positive,27,0,disordered
ELME000063,MOD_CK1_1,Casein kinase 1 (CK1) Phosphorylation site,MOD,CK1 phosphorylation site,PF00069,Pkinase,Protein kinase domain,S..([ST])...,SRISLVS,486,492,BECN1_HUMAN,Homo sapiens,26008601,true positive,27,0,disordered
ELME000063,MOD_CK1_1,Casein kinase 1 (CK1) Phosphorylation site,MOD,CK1 phosphorylation site,PF00069,Pkinase,Protein kinase domain,S..([ST])...,SRISLVS,486,492,BID_MOUSE,Mus musculus,11583622,true positive,27,0,disordered
ELME000063,MOD_CK1_1,Casein kinase 1 (CK1) Phosphorylation site,MOD,CK1 phosphorylation site,PF00069,Pkinase,Protein kinase domain,S..([ST])...,SRISLVS,486,492,CADH1_MOUSE,Mus musculus,17353278,true positive,27,0,disordered
ELME000063,MOD_CK1_1,Casein kinase 1 (CK1) Phosphorylation site,MOD,CK1 phosphorylation site,PF00069,Pkinase,Protein kinase domain,S..([ST])...,SRISLVS,486,492,CRY2_ARATH,Arabidopsis thaliana,23897926,true positive,27,0,disordered
ELME000063,MOD_CK1_1,Casein kinase 1 (CK1) Phosphorylation site,MOD,CK1 phosphorylation site,PF00069,Pkinase,Protein kinase domain,S..([ST])...,SRISLVS,486,492,DNMT1_MOUSE,Mus musculus,20192920,true positive,27,0,disordered
ELME000063,MOD_CK1_1,Casein kinase 1 (CK1) Phosphorylation site,MOD,CK1 phosphorylation site,PF00069,Pkinase,Protein kinase domain,S..([ST])...,SRISLVS,486,492,DVL1_MOUSE,Mus musculus,16965538,true positive,27,0,disordered
ELME000063,MOD_CK1_1,Casein kinase 1 (CK1) Phosphorylation site,MOD,CK1 phosphorylation site,PF00069,Pkinase,Protein kinase domain,S..([ST])...,SRISLVS,486,492,EPAS1_HUMAN,Homo sapiens,27686097,true positive,27,0,disordered
ELME000063,MOD_CK1_1,Casein kinase 1 (CK1) Phosphorylation site,MOD,CK1 phosphorylation site,PF00069,Pkinase,Protein kinase domain,S..([ST])...,SRISLVS,486,492,FADD_HUMAN,Homo sapiens,16061179,true positive,27,0,disordered
ELME000063,MOD_CK1_1,Casein kinase 1 (CK1) Phosphorylation site,MOD,CK1 phosphorylation site,PF00069,Pkinase,Protein kinase domain,S..([ST])...,SRISLVS,486,492,FOXO1_HUMAN,Homo sapiens,14710188 11980723,true positive,27,0,disordered
ELME000063,MOD_CK1_1,Casein kinase 1 (CK1) Phosphorylation site,MOD,CK1 phosphorylation site,PF00069,Pkinase,Protein kinase domain,S..([ST])...,SRISLVS,486,492,HIF1A_HUMAN,Homo sapiens,20699359,true positive,27,0,disordered
ELME000063,MOD_CK1_1,Casein kinase 1 (CK1) Phosphorylation site,MOD,CK1 phosphorylation site,PF00069,Pkinase,Protein kinase domain,S..([ST])...,SRISLVS,486,492,JADE1_HUMAN,Homo sapiens,25100726,true positive,27,0,disordered
ELME000063,MOD_CK1_1,Casein kinase 1 (CK1) Phosphorylation site,MOD,CK1 phosphorylation site,PF00069,Pkinase,Protein kinase domain,S..([ST])...,SRISLVS,486,492,KPCD2_HUMAN,Homo sapiens,17962809,true positive,27,0,disordered
ELME000063,MOD_CK1_1,Casein kinase 1 (CK1) Phosphorylation site,MOD,CK1 phosphorylation site,PF00069,Pkinase,Protein kinase domain,S..([ST])...,SRISLVS,486,492,LRRK2_MOUSE,Mus musculus,25500533,true positive,27,0,disordered
ELME000063,MOD_CK1_1,Casein kinase 1 (CK1) Phosphorylation site,MOD,CK1 phosphorylation site,PF00069,Pkinase,Protein kinase domain,S..([ST])...,SRISLVS,486,492,MDM2_HUMAN,Homo sapiens,20708156,true positive,27,0,disordered
ELME000063,MOD_CK1_1,Casein kinase 1 (CK1) Phosphorylation site,MOD,CK1 phosphorylation site,PF00069,Pkinase,Protein kinase domain,S..([ST])...,SRISLVS,486,492,MDM4_HUMAN,Homo sapiens,16024788,true positive,27,0,disordered
ELME000063,MOD_CK1_1,Casein kinase 1 (CK1) Phosphorylation site,MOD,CK1 phosphorylation site,PF00069,Pkinase,Protein kinase domain,S..([ST])...,SRISLVS,486,492,MPIP1_HUMAN,Homo sapiens,20348946,true positive,27,0,disordered
ELME000063,MOD_CK1_1,Casein kinase 1 (CK1) Phosphorylation site,MOD,CK1 phosphorylation site,PF00069,Pkinase,Protein kinase domain,S..([ST])...,SRISLVS,486,492,MTSS1_HUMAN,Homo sapiens,24318128,true positive,27,0,disordered
ELME000063,MOD_CK1_1,Casein kinase 1 (CK1) Phosphorylation site,MOD,CK1 phosphorylation site,PF00069,Pkinase,Protein kinase domain,S..([ST])...,SRISLVS,486,492,NCOA3_HUMAN,Homo sapiens,19339517,true positive,27,0,disordered
ELME000063,MOD_CK1_1,Casein kinase 1 (CK1) Phosphorylation site,MOD,CK1 phosphorylation site,PF00069,Pkinase,Protein kinase domain,S..([ST])...,SRISLVS,486,492,NFAT5_HUMAN,Homo sapiens,18411282,true positive,27,0,disordered
ELME000063,MOD_CK1_1,Casein kinase 1 (CK1) Phosphorylation site,MOD,CK1 phosphorylation site,PF00069,Pkinase,Protein kinase domain,S..([ST])...,SRISLVS,486,492,P53_HUMAN,Homo sapiens,10734067 10606744,true positive,27,0,disordered
ELME000063,MOD_CK1_1,Casein kinase 1 (CK1) Phosphorylation site,MOD,CK1 phosphorylation site,PF00069,Pkinase,Protein kinase domain,S..([ST])...,SRISLVS,486,492,PER2_HUMAN,Homo sapiens,21324900,true positive,27,0,disordered
ELME000063,MOD_CK1_1,Casein kinase 1 (CK1) Phosphorylation site,MOD,CK1 phosphorylation site,PF00069,Pkinase,Protein kinase domain,S..([ST])...,SRISLVS,486,492,PYRG2_HUMAN,Homo sapiens,20739275,true positive,27,0,disordered
ELME000063,MOD_CK1_1,Casein kinase 1 (CK1) Phosphorylation site,MOD,CK1 phosphorylation site,PF00069,Pkinase,Protein kinase domain,S..([ST])...,SRISLVS,486,492,TRAF3_HUMAN,Homo sapiens,26928339,true positive,27,0,disordered
ELME000063,MOD_CK1_1,Casein kinase 1 (CK1) Phosphorylation site,MOD,CK1 phosphorylation site,PF00069,Pkinase,Protein kinase domain,S..([ST])...,SRISLVS,486,492,TRPM4_HUMAN,Homo sapiens,25231975,true positive,27,0,disordered
ELME000063,MOD_CK1_1,Casein kinase 1 (CK1) Phosphorylation site,MOD,CK1 phosphorylation site,PF00069,Pkinase,Protein kinase domain,S..([ST])...,SRISLVS,486,492,YAP1_HUMAN,Homo sapiens,20048001,true positive,27,0,disordered
ELME000063,MOD_CK1_1,Casein kinase 1 (CK1) Phosphorylation site,MOD,CK1 phosphorylation site,PF00069,Pkinase,Protein kinase domain,S..([ST])...,SLVSNPP,489,495,APC_HUMAN,Homo sapiens,17910481,true positive,27,0,disordered
ELME000063,MOD_CK1_1,Casein kinase 1 (CK1) Phosphorylation site,MOD,CK1 phosphorylation site,PF00069,Pkinase,Protein kinase domain,S..([ST])...,SLVSNPP,489,495,ATOH1_HUMAN,Homo sapiens,27542412,true positive,27,0,disordered
ELME000063,MOD_CK1_1,Casein kinase 1 (CK1) Phosphorylation site,MOD,CK1 phosphorylation site,PF00069,Pkinase,Protein kinase domain,S..([ST])...,SLVSNPP,489,495,BECN1_HUMAN,Homo sapiens,26008601,true positive,27,0,disordered
ELME000063,MOD_CK1_1,Casein kinase 1 (CK1) Phosphorylation site,MOD,CK1 phosphorylation site,PF00069,Pkinase,Protein kinase domain,S..([ST])...,SLVSNPP,489,495,BID_MOUSE,Mus musculus,11583622,true positive,27,0,disordered
ELME000063,MOD_CK1_1,Casein kinase 1 (CK1) Phosphorylation site,MOD,CK1 phosphorylation site,PF00069,Pkinase,Protein kinase domain,S..([ST])...,SLVSNPP,489,495,CADH1_MOUSE,Mus musculus,17353278,true positive,27,0,disordered
ELME000063,MOD_CK1_1,Casein kinase 1 (CK1) Phosphorylation site,MOD,CK1 phosphorylation site,PF00069,Pkinase,Protein kinase domain,S..([ST])...,SLVSNPP,489,495,CRY2_ARATH,Arabidopsis thaliana,23897926,true positive,27,0,disordered
ELME000063,MOD_CK1_1,Casein kinase 1 (CK1) Phosphorylation site,MOD,CK1 phosphorylation site,PF00069,Pkinase,Protein kinase domain,S..([ST])...,SLVSNPP,489,495,DNMT1_MOUSE,Mus musculus,20192920,true positive,27,0,disordered
ELME000063,MOD_CK1_1,Casein kinase 1 (CK1) Phosphorylation site,MOD,CK1 phosphorylation site,PF00069,Pkinase,Protein kinase domain,S..([ST])...,SLVSNPP,489,495,DVL1_MOUSE,Mus musculus,16965538,true positive,27,0,disordered
ELME000063,MOD_CK1_1,Casein kinase 1 (CK1) Phosphorylation site,MOD,CK1 phosphorylation site,PF00069,Pkinase,Protein kinase domain,S..([ST])...,SLVSNPP,489,495,EPAS1_HUMAN,Homo sapiens,27686097,true positive,27,0,disordered
ELME000063,MOD_CK1_1,Casein kinase 1 (CK1) Phosphorylation site,MOD,CK1 phosphorylation site,PF00069,Pkinase,Protein kinase domain,S..([ST])...,SLVSNPP,489,495,FADD_HUMAN,Homo sapiens,16061179,true positive,27,0,disordered
ELME000063,MOD_CK1_1,Casein kinase 1 (CK1) Phosphorylation site,MOD,CK1 phosphorylation site,PF00069,Pkinase,Protein kinase domain,S..([ST])...,SLVSNPP,489,495,FOXO1_HUMAN,Homo sapiens,14710188 11980723,true positive,27,0,disordered
ELME000063,MOD_CK1_1,Casein kinase 1 (CK1) Phosphorylation site,MOD,CK1 phosphorylation site,PF00069,Pkinase,Protein kinase domain,S..([ST])...,SLVSNPP,489,495,HIF1A_HUMAN,Homo sapiens,20699359,true positive,27,0,disordered
ELME000063,MOD_CK1_1,Casein kinase 1 (CK1) Phosphorylation site,MOD,CK1 phosphorylation site,PF00069,Pkinase,Protein kinase domain,S..([ST])...,SLVSNPP,489,495,JADE1_HUMAN,Homo sapiens,25100726,true positive,27,0,disordered
ELME000063,MOD_CK1_1,Casein kinase 1 (CK1) Phosphorylation site,MOD,CK1 phosphorylation site,PF00069,Pkinase,Protein kinase domain,S..([ST])...,SLVSNPP,489,495,KPCD2_HUMAN,Homo sapiens,17962809,true positive,27,0,disordered
ELME000063,MOD_CK1_1,Casein kinase 1 (CK1) Phosphorylation site,MOD,CK1 phosphorylation site,PF00069,Pkinase,Protein kinase domain,S..([ST])...,SLVSNPP,489,495,LRRK2_MOUSE,Mus musculus,25500533,true positive,27,0,disordered
ELME000063,MOD_CK1_1,Casein kinase 1 (CK1) Phosphorylation site,MOD,CK1 phosphorylation site,PF00069,Pkinase,Protein kinase domain,S..([ST])...,SLVSNPP,489,495,MDM2_HUMAN,Homo sapiens,20708156,true positive,27,0,disordered
ELME000063,MOD_CK1_1,Casein kinase 1 (CK1) Phosphorylation site,MOD,CK1 phosphorylation site,PF00069,Pkinase,Protein kinase domain,S..([ST])...,SLVSNPP,489,495,MDM4_HUMAN,Homo sapiens,16024788,true positive,27,0,disordered
ELME000063,MOD_CK1_1,Casein kinase 1 (CK1) Phosphorylation site,MOD,CK1 phosphorylation site,PF00069,Pkinase,Protein kinase domain,S..([ST])...,SLVSNPP,489,495,MPIP1_HUMAN,Homo sapiens,20348946,true positive,27,0,disordered
ELME000063,MOD_CK1_1,Casein kinase 1 (CK1) Phosphorylation site,MOD,CK1 phosphorylation site,PF00069,Pkinase,Protein kinase domain,S..([ST])...,SLVSNPP,489,495,MTSS1_HUMAN,Homo sapiens,24318128,true positive,27,0,disordered
ELME000063,MOD_CK1_1,Casein kinase 1 (CK1) Phosphorylation site,MOD,CK1 phosphorylation site,PF00069,Pkinase,Protein kinase domain,S..([ST])...,SLVSNPP,489,495,NCOA3_HUMAN,Homo sapiens,19339517,true positive,27,0,disordered
ELME000063,MOD_CK1_1,Casein kinase 1 (CK1) Phosphorylation site,MOD,CK1 phosphorylation site,PF00069,Pkinase,Protein kinase domain,S..([ST])...,SLVSNPP,489,495,NFAT5_HUMAN,Homo sapiens,18411282,true positive,27,0,disordered
ELME000063,MOD_CK1_1,Casein kinase 1 (CK1) Phosphorylation site,MOD,CK1 phosphorylation site,PF00069,Pkinase,Protein kinase domain,S..([ST])...,SLVSNPP,489,495,P53_HUMAN,Homo sapiens,10734067 10606744,true positive,27,0,disordered
ELME000063,MOD_CK1_1,Casein kinase 1 (CK1) Phosphorylation site,MOD,CK1 phosphorylation site,PF00069,Pkinase,Protein kinase domain,S..([ST])...,SLVSNPP,489,495,PER2_HUMAN,Homo sapiens,21324900,true positive,27,0,disordered
ELME000063,MOD_CK1_1,Casein kinase 1 (CK1) Phosphorylation site,MOD,CK1 phosphorylation site,PF00069,Pkinase,Protein kinase domain,S..([ST])...,SLVSNPP,489,495,PYRG2_HUMAN,Homo sapiens,20739275,true positive,27,0,disordered
ELME000063,MOD_CK1_1,Casein kinase 1 (CK1) Phosphorylation site,MOD,CK1 phosphorylation site,PF00069,Pkinase,Protein kinase domain,S..([ST])...,SLVSNPP,489,495,TRAF3_HUMAN,Homo sapiens,26928339,true positive,27,0,disordered
ELME000063,MOD_CK1_1,Casein kinase 1 (CK1) Phosphorylation site,MOD,CK1 phosphorylation site,PF00069,Pkinase,Protein kinase domain,S..([ST])...,SLVSNPP,489,495,TRPM4_HUMAN,Homo sapiens,25231975,true positive,27,0,disordered
ELME000063,MOD_CK1_1,Casein kinase 1 (CK1) Phosphorylation site,MOD,CK1 phosphorylation site,PF00069,Pkinase,Protein kinase domain,S..([ST])...,SLVSNPP,489,495,YAP1_HUMAN,Homo sapiens,20048001,true positive,27,0,disordered
ELME000063,MOD_CK1_1,Casein kinase 1 (CK1) Phosphorylation site,MOD,CK1 phosphorylation site,PF00069,Pkinase,Protein kinase domain,S..([ST])...,SRTSLVS,520,526,APC_HUMAN,Homo sapiens,17910481,true positive,27,0,disordered
ELME000063,MOD_CK1_1,Casein kinase 1 (CK1) Phosphorylation site,MOD,CK1 phosphorylation site,PF00069,Pkinase,Protein kinase domain,S..([ST])...,SRTSLVS,520,526,ATOH1_HUMAN,Homo sapiens,27542412,true positive,27,0,disordered
ELME000063,MOD_CK1_1,Casein kinase 1 (CK1) Phosphorylation site,MOD,CK1 phosphorylation site,PF00069,Pkinase,Protein kinase domain,S..([ST])...,SRTSLVS,520,526,BECN1_HUMAN,Homo sapiens,26008601,true positive,27,0,disordered
ELME000063,MOD_CK1_1,Casein kinase 1 (CK1) Phosphorylation site,MOD,CK1 phosphorylation site,PF00069,Pkinase,Protein kinase domain,S..([ST])...,SRTSLVS,520,526,BID_MOUSE,Mus musculus,11583622,true positive,27,0,disordered
ELME000063,MOD_CK1_1,Casein kinase 1 (CK1) Phosphorylation site,MOD,CK1 phosphorylation site,PF00069,Pkinase,Protein kinase domain,S..([ST])...,SRTSLVS,520,526,CADH1_MOUSE,Mus musculus,17353278,true positive,27,0,disordered
ELME000063,MOD_CK1_1,Casein kinase 1 (CK1) Phosphorylation site,MOD,CK1 phosphorylation site,PF00069,Pkinase,Protein kinase domain,S..([ST])...,SRTSLVS,520,526,CRY2_ARATH,Arabidopsis thaliana,23897926,true positive,27,0,disordered
ELME000063,MOD_CK1_1,Casein kinase 1 (CK1) Phosphorylation site,MOD,CK1 phosphorylation site,PF00069,Pkinase,Protein kinase domain,S..([ST])...,SRTSLVS,520,526,DNMT1_MOUSE,Mus musculus,20192920,true positive,27,0,disordered
ELME000063,MOD_CK1_1,Casein kinase 1 (CK1) Phosphorylation site,MOD,CK1 phosphorylation site,PF00069,Pkinase,Protein kinase domain,S..([ST])...,SRTSLVS,520,526,DVL1_MOUSE,Mus musculus,16965538,true positive,27,0,disordered
ELME000063,MOD_CK1_1,Casein kinase 1 (CK1) Phosphorylation site,MOD,CK1 phosphorylation site,PF00069,Pkinase,Protein kinase domain,S..([ST])...,SRTSLVS,520,526,EPAS1_HUMAN,Homo sapiens,27686097,true positive,27,0,disordered
ELME000063,MOD_CK1_1,Casein kinase 1 (CK1) Phosphorylation site,MOD,CK1 phosphorylation site,PF00069,Pkinase,Protein kinase domain,S..([ST])...,SRTSLVS,520,526,FADD_HUMAN,Homo sapiens,16061179,true positive,27,0,disordered
ELME000063,MOD_CK1_1,Casein kinase 1 (CK1) Phosphorylation site,MOD,CK1 phosphorylation site,PF00069,Pkinase,Protein kinase domain,S..([ST])...,SRTSLVS,520,526,FOXO1_HUMAN,Homo sapiens,14710188 11980723,true positive,27,0,disordered
ELME000063,MOD_CK1_1,Casein kinase 1 (CK1) Phosphorylation site,MOD,CK1 phosphorylation site,PF00069,Pkinase,Protein kinase domain,S..([ST])...,SRTSLVS,520,526,HIF1A_HUMAN,Homo sapiens,20699359,true positive,27,0,disordered
ELME000063,MOD_CK1_1,Casein kinase 1 (CK1) Phosphorylation site,MOD,CK1 phosphorylation site,PF00069,Pkinase,Protein kinase domain,S..([ST])...,SRTSLVS,520,526,JADE1_HUMAN,Homo sapiens,25100726,true positive,27,0,disordered
ELME000063,MOD_CK1_1,Casein kinase 1 (CK1) Phosphorylation site,MOD,CK1 phosphorylation site,PF00069,Pkinase,Protein kinase domain,S..([ST])...,SRTSLVS,520,526,KPCD2_HUMAN,Homo sapiens,17962809,true positive,27,0,disordered
ELME000063,MOD_CK1_1,Casein kinase 1 (CK1) Phosphorylation site,MOD,CK1 phosphorylation site,PF00069,Pkinase,Protein kinase domain,S..([ST])...,SRTSLVS,520,526,LRRK2_MOUSE,Mus musculus,25500533,true positive,27,0,disordered
ELME000063,MOD_CK1_1,Casein kinase 1 (CK1) Phosphorylation site,MOD,CK1 phosphorylation site,PF00069,Pkinase,Protein kinase domain,S..([ST])...,SRTSLVS,520,526,MDM2_HUMAN,Homo sapiens,20708156,true positive,27,0,disordered
ELME000063,MOD_CK1_1,Casein kinase 1 (CK1) Phosphorylation site,MOD,CK1 phosphorylation site,PF00069,Pkinase,Protein kinase domain,S..([ST])...,SRTSLVS,520,526,MDM4_HUMAN,Homo sapiens,16024788,true positive,27,0,disordered
ELME000063,MOD_CK1_1,Casein kinase 1 (CK1) Phosphorylation site,MOD,CK1 phosphorylation site,PF00069,Pkinase,Protein kinase domain,S..([ST])...,SRTSLVS,520,526,MPIP1_HUMAN,Homo sapiens,20348946,true positive,27,0,disordered
ELME000063,MOD_CK1_1,Casein kinase 1 (CK1) Phosphorylation site,MOD,CK1 phosphorylation site,PF00069,Pkinase,Protein kinase domain,S..([ST])...,SRTSLVS,520,526,MTSS1_HUMAN,Homo sapiens,24318128,true positive,27,0,disordered
ELME000063,MOD_CK1_1,Casein kinase 1 (CK1) Phosphorylation site,MOD,CK1 phosphorylation site,PF00069,Pkinase,Protein kinase domain,S..([ST])...,SRTSLVS,520,526,NCOA3_HUMAN,Homo sapiens,19339517,true positive,27,0,disordered
ELME000063,MOD_CK1_1,Casein kinase 1 (CK1) Phosphorylation site,MOD,CK1 phosphorylation site,PF00069,Pkinase,Protein kinase domain,S..([ST])...,SRTSLVS,520,526,NFAT5_HUMAN,Homo sapiens,18411282,true positive,27,0,disordered
ELME000063,MOD_CK1_1,Casein kinase 1 (CK1) Phosphorylation site,MOD,CK1 phosphorylation site,PF00069,Pkinase,Protein kinase domain,S..([ST])...,SRTSLVS,520,526,P53_HUMAN,Homo sapiens,10734067 10606744,true positive,27,0,disordered
ELME000063,MOD_CK1_1,Casein kinase 1 (CK1) Phosphorylation site,MOD,CK1 phosphorylation site,PF00069,Pkinase,Protein kinase domain,S..([ST])...,SRTSLVS,520,526,PER2_HUMAN,Homo sapiens,21324900,true positive,27,0,disordered
ELME000063,MOD_CK1_1,Casein kinase 1 (CK1) Phosphorylation site,MOD,CK1 phosphorylation site,PF00069,Pkinase,Protein kinase domain,S..([ST])...,SRTSLVS,520,526,PYRG2_HUMAN,Homo sapiens,20739275,true positive,27,0,disordered
ELME000063,MOD_CK1_1,Casein kinase 1 (CK1) Phosphorylation site,MOD,CK1 phosphorylation site,PF00069,Pkinase,Protein kinase domain,S..([ST])...,SRTSLVS,520,526,TRAF3_HUMAN,Homo sapiens,26928339,true positive,27,0,disordered
ELME000063,MOD_CK1_1,Casein kinase 1 (CK1) Phosphorylation site,MOD,CK1 phosphorylation site,PF00069,Pkinase,Protein kinase domain,S..([ST])...,SRTSLVS,520,526,TRPM4_HUMAN,Homo sapiens,25231975,true positive,27,0,disordered
ELME000063,MOD_CK1_1,Casein kinase 1 (CK1) Phosphorylation site,MOD,CK1 phosphorylation site,PF00069,Pkinase,Protein kinase domain,S..([ST])...,SRTSLVS,520,526,YAP1_HUMAN,Homo sapiens,20048001,true positive,27,0,disordered
ELME000063,MOD_CK1_1,Casein kinase 1 (CK1) Phosphorylation site,MOD,CK1 phosphorylation site,PF00069,Pkinase,Protein kinase domain,S..([ST])...,SLVSNPP,523,529,APC_HUMAN,Homo sapiens,17910481,true positive,27,0,disordered
ELME000063,MOD_CK1_1,Casein kinase 1 (CK1) Phosphorylation site,MOD,CK1 phosphorylation site,PF00069,Pkinase,Protein kinase domain,S..([ST])...,SLVSNPP,523,529,ATOH1_HUMAN,Homo sapiens,27542412,true positive,27,0,disordered
ELME000063,MOD_CK1_1,Casein kinase 1 (CK1) Phosphorylation site,MOD,CK1 phosphorylation site,PF00069,Pkinase,Protein kinase domain,S..([ST])...,SLVSNPP,523,529,BECN1_HUMAN,Homo sapiens,26008601,true positive,27,0,disordered
ELME000063,MOD_CK1_1,Casein kinase 1 (CK1) Phosphorylation site,MOD,CK1 phosphorylation site,PF00069,Pkinase,Protein kinase domain,S..([ST])...,SLVSNPP,523,529,BID_MOUSE,Mus musculus,11583622,true positive,27,0,disordered
ELME000063,MOD_CK1_1,Casein kinase 1 (CK1) Phosphorylation site,MOD,CK1 phosphorylation site,PF00069,Pkinase,Protein kinase domain,S..([ST])...,SLVSNPP,523,529,CADH1_MOUSE,Mus musculus,17353278,true positive,27,0,disordered
ELME000063,MOD_CK1_1,Casein kinase 1 (CK1) Phosphorylation site,MOD,CK1 phosphorylation site,PF00069,Pkinase,Protein kinase domain,S..([ST])...,SLVSNPP,523,529,CRY2_ARATH,Arabidopsis thaliana,23897926,true positive,27,0,disordered
ELME000063,MOD_CK1_1,Casein kinase 1 (CK1) Phosphorylation site,MOD,CK1 phosphorylation site,PF00069,Pkinase,Protein kinase domain,S..([ST])...,SLVSNPP,523,529,DNMT1_MOUSE,Mus musculus,20192920,true positive,27,0,disordered
ELME000063,MOD_CK1_1,Casein kinase 1 (CK1) Phosphorylation site,MOD,CK1 phosphorylation site,PF00069,Pkinase,Protein kinase domain,S..([ST])...,SLVSNPP,523,529,DVL1_MOUSE,Mus musculus,16965538,true positive,27,0,disordered
ELME000063,MOD_CK1_1,Casein kinase 1 (CK1) Phosphorylation site,MOD,CK1 phosphorylation site,PF00069,Pkinase,Protein kinase domain,S..([ST])...,SLVSNPP,523,529,EPAS1_HUMAN,Homo sapiens,27686097,true positive,27,0,disordered
ELME000063,MOD_CK1_1,Casein kinase 1 (CK1) Phosphorylation site,MOD,CK1 phosphorylation site,PF00069,Pkinase,Protein kinase domain,S..([ST])...,SLVSNPP,523,529,FADD_HUMAN,Homo sapiens,16061179,true positive,27,0,disordered
ELME000063,MOD_CK1_1,Casein kinase 1 (CK1) Phosphorylation site,MOD,CK1 phosphorylation site,PF00069,Pkinase,Protein kinase domain,S..([ST])...,SLVSNPP,523,529,FOXO1_HUMAN,Homo sapiens,14710188 11980723,true positive,27,0,disordered
ELME000063,MOD_CK1_1,Casein kinase 1 (CK1) Phosphorylation site,MOD,CK1 phosphorylation site,PF00069,Pkinase,Protein kinase domain,S..([ST])...,SLVSNPP,523,529,HIF1A_HUMAN,Homo sapiens,20699359,true positive,27,0,disordered
ELME000063,MOD_CK1_1,Casein kinase 1 (CK1) Phosphorylation site,MOD,CK1 phosphorylation site,PF00069,Pkinase,Protein kinase domain,S..([ST])...,SLVSNPP,523,529,JADE1_HUMAN,Homo sapiens,25100726,true positive,27,0,disordered
ELME000063,MOD_CK1_1,Casein kinase 1 (CK1) Phosphorylation site,MOD,CK1 phosphorylation site,PF00069,Pkinase,Protein kinase domain,S..([ST])...,SLVSNPP,523,529,KPCD2_HUMAN,Homo sapiens,17962809,true positive,27,0,disordered
ELME000063,MOD_CK1_1,Casein kinase 1 (CK1) Phosphorylation site,MOD,CK1 phosphorylation site,PF00069,Pkinase,Protein kinase domain,S..([ST])...,SLVSNPP,523,529,LRRK2_MOUSE,Mus musculus,25500533,true positive,27,0,disordered
ELME000063,MOD_CK1_1,Casein kinase 1 (CK1) Phosphorylation site,MOD,CK1 phosphorylation site,PF00069,Pkinase,Protein kinase domain,S..([ST])...,SLVSNPP,523,529,MDM2_HUMAN,Homo sapiens,20708156,true positive,27,0,disordered
ELME000063,MOD_CK1_1,Casein kinase 1 (CK1) Phosphorylation site,MOD,CK1 phosphorylation site,PF00069,Pkinase,Protein kinase domain,S..([ST])...,SLVSNPP,523,529,MDM4_HUMAN,Homo sapiens,16024788,true positive,27,0,disordered
ELME000063,MOD_CK1_1,Casein kinase 1 (CK1) Phosphorylation site,MOD,CK1 phosphorylation site,PF00069,Pkinase,Protein kinase domain,S..([ST])...,SLVSNPP,523,529,MPIP1_HUMAN,Homo sapiens,20348946,true positive,27,0,disordered
ELME000063,MOD_CK1_1,Casein kinase 1 (CK1) Phosphorylation site,MOD,CK1 phosphorylation site,PF00069,Pkinase,Protein kinase domain,S..([ST])...,SLVSNPP,523,529,MTSS1_HUMAN,Homo sapiens,24318128,true positive,27,0,disordered
ELME000063,MOD_CK1_1,Casein kinase 1 (CK1) Phosphorylation site,MOD,CK1 phosphorylation site,PF00069,Pkinase,Protein kinase domain,S..([ST])...,SLVSNPP,523,529,NCOA3_HUMAN,Homo sapiens,19339517,true positive,27,0,disordered
ELME000063,MOD_CK1_1,Casein kinase 1 (CK1) Phosphorylation site,MOD,CK1 phosphorylation site,PF00069,Pkinase,Protein kinase domain,S..([ST])...,SLVSNPP,523,529,NFAT5_HUMAN,Homo sapiens,18411282,true positive,27,0,disordered
ELME000063,MOD_CK1_1,Casein kinase 1 (CK1) Phosphorylation site,MOD,CK1 phosphorylation site,PF00069,Pkinase,Protein kinase domain,S..([ST])...,SLVSNPP,523,529,P53_HUMAN,Homo sapiens,10734067 10606744,true positive,27,0,disordered
ELME000063,MOD_CK1_1,Casein kinase 1 (CK1) Phosphorylation site,MOD,CK1 phosphorylation site,PF00069,Pkinase,Protein kinase domain,S..([ST])...,SLVSNPP,523,529,PER2_HUMAN,Homo sapiens,21324900,true positive,27,0,disordered
ELME000063,MOD_CK1_1,Casein kinase 1 (CK1) Phosphorylation site,MOD,CK1 phosphorylation site,PF00069,Pkinase,Protein kinase domain,S..([ST])...,SLVSNPP,523,529,PYRG2_HUMAN,Homo sapiens,20739275,true positive,27,0,disordered
ELME000063,MOD_CK1_1,Casein kinase 1 (CK1) Phosphorylation site,MOD,CK1 phosphorylation site,PF00069,Pkinase,Protein kinase domain,S..([ST])...,SLVSNPP,523,529,TRAF3_HUMAN,Homo sapiens,26928339,true positive,27,0,disordered
ELME000063,MOD_CK1_1,Casein kinase 1 (CK1) Phosphorylation site,MOD,CK1 phosphorylation site,PF00069,Pkinase,Protein kinase domain,S..([ST])...,SLVSNPP,523,529,TRPM4_HUMAN,Homo sapiens,25231975,true positive,27,0,disordered
ELME000063,MOD_CK1_1,Casein kinase 1 (CK1) Phosphorylation site,MOD,CK1 phosphorylation site,PF00069,Pkinase,Protein kinase domain,S..([ST])...,SLVSNPP,523,529,YAP1_HUMAN,Homo sapiens,20048001,true positive,27,0,disordered
ELME000064,MOD_CK2_1,Casein kinase 2 (CK2) Phosphorylation site,MOD,Casein kinase 2 (CK2) phosphorylation site,PF00069,Pkinase,Protein kinase domain,...([ST])..E,DIATATE,10,16,AKT1_HUMAN,Homo sapiens,15818404,true positive,34,0,ordered
ELME000064,MOD_CK2_1,Casein kinase 2 (CK2) Phosphorylation site,MOD,Casein kinase 2 (CK2) phosphorylation site,PF00069,Pkinase,Protein kinase domain,...([ST])..E,DIATATE,10,16,AP2A_HUMAN,Homo sapiens,21777522,true positive,34,0,ordered
ELME000064,MOD_CK2_1,Casein kinase 2 (CK2) Phosphorylation site,MOD,Casein kinase 2 (CK2) phosphorylation site,PF00069,Pkinase,Protein kinase domain,...([ST])..E,DIATATE,10,16,BRMS1_HUMAN,Homo sapiens,26980766,true positive,34,0,ordered
ELME000064,MOD_CK2_1,Casein kinase 2 (CK2) Phosphorylation site,MOD,Casein kinase 2 (CK2) phosphorylation site,PF00069,Pkinase,Protein kinase domain,...([ST])..E,DIATATE,10,16,CASP9_MOUSE,Mus musculus,18467326,true positive,34,0,ordered
ELME000064,MOD_CK2_1,Casein kinase 2 (CK2) Phosphorylation site,MOD,Casein kinase 2 (CK2) phosphorylation site,PF00069,Pkinase,Protein kinase domain,...([ST])..E,DIATATE,10,16,COR1C_HUMAN,Homo sapiens,22355754,true positive,34,0,ordered
ELME000064,MOD_CK2_1,Casein kinase 2 (CK2) Phosphorylation site,MOD,Casein kinase 2 (CK2) phosphorylation site,PF00069,Pkinase,Protein kinase domain,...([ST])..E,DIATATE,10,16,DNJB2_HUMAN,Homo sapiens,28031292,true positive,34,0,ordered
ELME000064,MOD_CK2_1,Casein kinase 2 (CK2) Phosphorylation site,MOD,Casein kinase 2 (CK2) phosphorylation site,PF00069,Pkinase,Protein kinase domain,...([ST])..E,DIATATE,10,16,DOK7_MOUSE,Mus musculus,26198629,true positive,34,0,ordered
ELME000064,MOD_CK2_1,Casein kinase 2 (CK2) Phosphorylation site,MOD,Casein kinase 2 (CK2) phosphorylation site,PF00069,Pkinase,Protein kinase domain,...([ST])..E,DIATATE,10,16,EIF3J_HUMAN,Homo sapiens,25887626,true positive,34,0,ordered
ELME000064,MOD_CK2_1,Casein kinase 2 (CK2) Phosphorylation site,MOD,Casein kinase 2 (CK2) phosphorylation site,PF00069,Pkinase,Protein kinase domain,...([ST])..E,DIATATE,10,16,FADD_HUMAN,Homo sapiens,26253696,unknown,34,0,ordered
ELME000064,MOD_CK2_1,Casein kinase 2 (CK2) Phosphorylation site,MOD,Casein kinase 2 (CK2) phosphorylation site,PF00069,Pkinase,Protein kinase domain,...([ST])..E,DIATATE,10,16,FMR1_MOUSE,Mus musculus,27957526,true positive,34,0,ordered
ELME000064,MOD_CK2_1,Casein kinase 2 (CK2) Phosphorylation site,MOD,Casein kinase 2 (CK2) phosphorylation site,PF00069,Pkinase,Protein kinase domain,...([ST])..E,DIATATE,10,16,HS90B_HUMAN,Homo sapiens,25995454,true positive,34,0,ordered
ELME000064,MOD_CK2_1,Casein kinase 2 (CK2) Phosphorylation site,MOD,Casein kinase 2 (CK2) phosphorylation site,PF00069,Pkinase,Protein kinase domain,...([ST])..E,DIATATE,10,16,IRS1_HUMAN,Homo sapiens,,unknown,34,0,ordered
ELME000064,MOD_CK2_1,Casein kinase 2 (CK2) Phosphorylation site,MOD,Casein kinase 2 (CK2) phosphorylation site,PF00069,Pkinase,Protein kinase domain,...([ST])..E,DIATATE,10,16,IRS1_RAT,Rattus norvegicus,8349691,true positive,34,0,ordered
ELME000064,MOD_CK2_1,Casein kinase 2 (CK2) Phosphorylation site,MOD,Casein kinase 2 (CK2) phosphorylation site,PF00069,Pkinase,Protein kinase domain,...([ST])..E,DIATATE,10,16,KDM1A_HUMAN,Homo sapiens,25999347,true positive,34,0,ordered
ELME000064,MOD_CK2_1,Casein kinase 2 (CK2) Phosphorylation site,MOD,Casein kinase 2 (CK2) phosphorylation site,PF00069,Pkinase,Protein kinase domain,...([ST])..E,DIATATE,10,16,KS6B1_RAT,Rattus norvegicus,16895915,true positive,34,0,ordered
ELME000064,MOD_CK2_1,Casein kinase 2 (CK2) Phosphorylation site,MOD,Casein kinase 2 (CK2) phosphorylation site,PF00069,Pkinase,Protein kinase domain,...([ST])..E,DIATATE,10,16,MUSK_RAT,Rattus norvegicus,16818610,true positive,34,0,ordered
ELME000064,MOD_CK2_1,Casein kinase 2 (CK2) Phosphorylation site,MOD,Casein kinase 2 (CK2) phosphorylation site,PF00069,Pkinase,Protein kinase domain,...([ST])..E,DIATATE,10,16,NKX31_HUMAN,Homo sapiens,16581776,true positive,34,0,ordered
ELME000064,MOD_CK2_1,Casein kinase 2 (CK2) Phosphorylation site,MOD,Casein kinase 2 (CK2) phosphorylation site,PF00069,Pkinase,Protein kinase domain,...([ST])..E,DIATATE,10,16,NOL3_RAT,Rattus norvegicus,12191471,true positive,34,0,ordered
ELME000064,MOD_CK2_1,Casein kinase 2 (CK2) Phosphorylation site,MOD,Casein kinase 2 (CK2) phosphorylation site,PF00069,Pkinase,Protein kinase domain,...([ST])..E,DIATATE,10,16,OLIG2_HUMAN,Homo sapiens,28355568,true positive,34,0,ordered
ELME000064,MOD_CK2_1,Casein kinase 2 (CK2) Phosphorylation site,MOD,Casein kinase 2 (CK2) phosphorylation site,PF00069,Pkinase,Protein kinase domain,...([ST])..E,DIATATE,10,16,OTUB1_HUMAN,Homo sapiens,25872870,true positive,34,0,ordered
ELME000064,MOD_CK2_1,Casein kinase 2 (CK2) Phosphorylation site,MOD,Casein kinase 2 (CK2) phosphorylation site,PF00069,Pkinase,Protein kinase domain,...([ST])..E,DIATATE,10,16,PAWR_HUMAN,Homo sapiens,24457960,true positive,34,0,ordered
ELME000064,MOD_CK2_1,Casein kinase 2 (CK2) Phosphorylation site,MOD,Casein kinase 2 (CK2) phosphorylation site,PF00069,Pkinase,Protein kinase domain,...([ST])..E,DIATATE,10,16,PAWR_RAT,Rattus norvegicus,24457960,true positive,34,0,ordered
ELME000064,MOD_CK2_1,Casein kinase 2 (CK2) Phosphorylation site,MOD,Casein kinase 2 (CK2) phosphorylation site,PF00069,Pkinase,Protein kinase domain,...([ST])..E,DIATATE,10,16,PDX1_MOUSE,Mus musculus,28036027,true positive,34,0,ordered
ELME000064,MOD_CK2_1,Casein kinase 2 (CK2) Phosphorylation site,MOD,Casein kinase 2 (CK2) phosphorylation site,PF00069,Pkinase,Protein kinase domain,...([ST])..E,DIATATE,10,16,PTEN_HUMAN,Homo sapiens,12788938,true positive,34,0,ordered
ELME000064,MOD_CK2_1,Casein kinase 2 (CK2) Phosphorylation site,MOD,Casein kinase 2 (CK2) phosphorylation site,PF00069,Pkinase,Protein kinase domain,...([ST])..E,DIATATE,10,16,VPU_HV1BR,Human immunodeficiency virus type 1 (BRU ISOLATE),8139011,true positive,34,0,ordered
ELME000064,MOD_CK2_1,Casein kinase 2 (CK2) Phosphorylation site,MOD,Casein kinase 2 (CK2) phosphorylation site,PF00069,Pkinase,Protein kinase domain,...([ST])..E,DIATATE,10,16,XRCC1_HUMAN,Homo sapiens,19155274,true positive,34,0,ordered
ELME000064,MOD_CK2_1,Casein kinase 2 (CK2) Phosphorylation site,MOD,Casein kinase 2 (CK2) phosphorylation site,PF00069,Pkinase,Protein kinase domain,...([ST])..E,DIATATE,10,16,XRCC1_HUMAN,Homo sapiens,19155274 15066279,true positive,34,0,ordered
ELME000064,MOD_CK2_1,Casein kinase 2 (CK2) Phosphorylation site,MOD,Casein kinase 2 (CK2) phosphorylation site,PF00069,Pkinase,Protein kinase domain,...([ST])..E,NKVSEIE,74,80,AKT1_HUMAN,Homo sapiens,15818404,true positive,34,0,ordered
ELME000064,MOD_CK2_1,Casein kinase 2 (CK2) Phosphorylation site,MOD,Casein kinase 2 (CK2) phosphorylation site,PF00069,Pkinase,Protein kinase domain,...([ST])..E,NKVSEIE,74,80,AP2A_HUMAN,Homo sapiens,21777522,true positive,34,0,ordered
ELME000064,MOD_CK2_1,Casein kinase 2 (CK2) Phosphorylation site,MOD,Casein kinase 2 (CK2) phosphorylation site,PF00069,Pkinase,Protein kinase domain,...([ST])..E,NKVSEIE,74,80,BRMS1_HUMAN,Homo sapiens,26980766,true positive,34,0,ordered
ELME000064,MOD_CK2_1,Casein kinase 2 (CK2) Phosphorylation site,MOD,Casein kinase 2 (CK2) phosphorylation site,PF00069,Pkinase,Protein kinase domain,...([ST])..E,NKVSEIE,74,80,CASP9_MOUSE,Mus musculus,18467326,true positive,34,0,ordered
ELME000064,MOD_CK2_1,Casein kinase 2 (CK2) Phosphorylation site,MOD,Casein kinase 2 (CK2) phosphorylation site,PF00069,Pkinase,Protein kinase domain,...([ST])..E,NKVSEIE,74,80,COR1C_HUMAN,Homo sapiens,22355754,true positive,34,0,ordered
ELME000064,MOD_CK2_1,Casein kinase 2 (CK2) Phosphorylation site,MOD,Casein kinase 2 (CK2) phosphorylation site,PF00069,Pkinase,Protein kinase domain,...([ST])..E,NKVSEIE,74,80,DNJB2_HUMAN,Homo sapiens,28031292,true positive,34,0,ordered
ELME000064,MOD_CK2_1,Casein kinase 2 (CK2) Phosphorylation site,MOD,Casein kinase 2 (CK2) phosphorylation site,PF00069,Pkinase,Protein kinase domain,...([ST])..E,NKVSEIE,74,80,DOK7_MOUSE,Mus musculus,26198629,true positive,34,0,ordered
ELME000064,MOD_CK2_1,Casein kinase 2 (CK2) Phosphorylation site,MOD,Casein kinase 2 (CK2) phosphorylation site,PF00069,Pkinase,Protein kinase domain,...([ST])..E,NKVSEIE,74,80,EIF3J_HUMAN,Homo sapiens,25887626,true positive,34,0,ordered
ELME000064,MOD_CK2_1,Casein kinase 2 (CK2) Phosphorylation site,MOD,Casein kinase 2 (CK2) phosphorylation site,PF00069,Pkinase,Protein kinase domain,...([ST])..E,NKVSEIE,74,80,FADD_HUMAN,Homo sapiens,26253696,unknown,34,0,ordered
ELME000064,MOD_CK2_1,Casein kinase 2 (CK2) Phosphorylation site,MOD,Casein kinase 2 (CK2) phosphorylation site,PF00069,Pkinase,Protein kinase domain,...([ST])..E,NKVSEIE,74,80,FMR1_MOUSE,Mus musculus,27957526,true positive,34,0,ordered
ELME000064,MOD_CK2_1,Casein kinase 2 (CK2) Phosphorylation site,MOD,Casein kinase 2 (CK2) phosphorylation site,PF00069,Pkinase,Protein kinase domain,...([ST])..E,NKVSEIE,74,80,HS90B_HUMAN,Homo sapiens,25995454,true positive,34,0,ordered
ELME000064,MOD_CK2_1,Casein kinase 2 (CK2) Phosphorylation site,MOD,Casein kinase 2 (CK2) phosphorylation site,PF00069,Pkinase,Protein kinase domain,...([ST])..E,NKVSEIE,74,80,IRS1_HUMAN,Homo sapiens,,unknown,34,0,ordered
ELME000064,MOD_CK2_1,Casein kinase 2 (CK2) Phosphorylation site,MOD,Casein kinase 2 (CK2) phosphorylation site,PF00069,Pkinase,Protein kinase domain,...([ST])..E,NKVSEIE,74,80,IRS1_RAT,Rattus norvegicus,8349691,true positive,34,0,ordered
ELME000064,MOD_CK2_1,Casein kinase 2 (CK2) Phosphorylation site,MOD,Casein kinase 2 (CK2) phosphorylation site,PF00069,Pkinase,Protein kinase domain,...([ST])..E,NKVSEIE,74,80,KDM1A_HUMAN,Homo sapiens,25999347,true positive,34,0,ordered
ELME000064,MOD_CK2_1,Casein kinase 2 (CK2) Phosphorylation site,MOD,Casein kinase 2 (CK2) phosphorylation site,PF00069,Pkinase,Protein kinase domain,...([ST])..E,NKVSEIE,74,80,KS6B1_RAT,Rattus norvegicus,16895915,true positive,34,0,ordered
ELME000064,MOD_CK2_1,Casein kinase 2 (CK2) Phosphorylation site,MOD,Casein kinase 2 (CK2) phosphorylation site,PF00069,Pkinase,Protein kinase domain,...([ST])..E,NKVSEIE,74,80,MUSK_RAT,Rattus norvegicus,16818610,true positive,34,0,ordered
ELME000064,MOD_CK2_1,Casein kinase 2 (CK2) Phosphorylation site,MOD,Casein kinase 2 (CK2) phosphorylation site,PF00069,Pkinase,Protein kinase domain,...([ST])..E,NKVSEIE,74,80,NKX31_HUMAN,Homo sapiens,16581776,true positive,34,0,ordered
ELME000064,MOD_CK2_1,Casein kinase 2 (CK2) Phosphorylation site,MOD,Casein kinase 2 (CK2) phosphorylation site,PF00069,Pkinase,Protein kinase domain,...([ST])..E,NKVSEIE,74,80,NOL3_RAT,Rattus norvegicus,12191471,true positive,34,0,ordered
ELME000064,MOD_CK2_1,Casein kinase 2 (CK2) Phosphorylation site,MOD,Casein kinase 2 (CK2) phosphorylation site,PF00069,Pkinase,Protein kinase domain,...([ST])..E,NKVSEIE,74,80,OLIG2_HUMAN,Homo sapiens,28355568,true positive,34,0,ordered
ELME000064,MOD_CK2_1,Casein kinase 2 (CK2) Phosphorylation site,MOD,Casein kinase 2 (CK2) phosphorylation site,PF00069,Pkinase,Protein kinase domain,...([ST])..E,NKVSEIE,74,80,OTUB1_HUMAN,Homo sapiens,25872870,true positive,34,0,ordered
ELME000064,MOD_CK2_1,Casein kinase 2 (CK2) Phosphorylation site,MOD,Casein kinase 2 (CK2) phosphorylation site,PF00069,Pkinase,Protein kinase domain,...([ST])..E,NKVSEIE,74,80,PAWR_HUMAN,Homo sapiens,24457960,true positive,34,0,ordered
ELME000064,MOD_CK2_1,Casein kinase 2 (CK2) Phosphorylation site,MOD,Casein kinase 2 (CK2) phosphorylation site,PF00069,Pkinase,Protein kinase domain,...([ST])..E,NKVSEIE,74,80,PAWR_RAT,Rattus norvegicus,24457960,true positive,34,0,ordered
ELME000064,MOD_CK2_1,Casein kinase 2 (CK2) Phosphorylation site,MOD,Casein kinase 2 (CK2) phosphorylation site,PF00069,Pkinase,Protein kinase domain,...([ST])..E,NKVSEIE,74,80,PDX1_MOUSE,Mus musculus,28036027,true positive,34,0,ordered
ELME000064,MOD_CK2_1,Casein kinase 2 (CK2) Phosphorylation site,MOD,Casein kinase 2 (CK2) phosphorylation site,PF00069,Pkinase,Protein kinase domain,...([ST])..E,NKVSEIE,74,80,PTEN_HUMAN,Homo sapiens,12788938,true positive,34,0,ordered
ELME000064,MOD_CK2_1,Casein kinase 2 (CK2) Phosphorylation site,MOD,Casein kinase 2 (CK2) phosphorylation site,PF00069,Pkinase,Protein kinase domain,...([ST])..E,NKVSEIE,74,80,VPU_HV1BR,Human immunodeficiency virus type 1 (BRU ISOLATE),8139011,true positive,34,0,ordered
ELME000064,MOD_CK2_1,Casein kinase 2 (CK2) Phosphorylation site,MOD,Casein kinase 2 (CK2) phosphorylation site,PF00069,Pkinase,Protein kinase domain,...([ST])..E,NKVSEIE,74,80,XRCC1_HUMAN,Homo sapiens,19155274,true positive,34,0,ordered
ELME000064,MOD_CK2_1,Casein kinase 2 (CK2) Phosphorylation site,MOD,Casein kinase 2 (CK2) phosphorylation site,PF00069,Pkinase,Protein kinase domain,...([ST])..E,NKVSEIE,74,80,XRCC1_HUMAN,Homo sapiens,19155274 15066279,true positive,34,0,ordered
ELME000064,MOD_CK2_1,Casein kinase 2 (CK2) Phosphorylation site,MOD,Casein kinase 2 (CK2) phosphorylation site,PF00069,Pkinase,Protein kinase domain,...([ST])..E,WEMTLKE,148,154,AKT1_HUMAN,Homo sapiens,15818404,true positive,34,0,ordered
ELME000064,MOD_CK2_1,Casein kinase 2 (CK2) Phosphorylation site,MOD,Casein kinase 2 (CK2) phosphorylation site,PF00069,Pkinase,Protein kinase domain,...([ST])..E,WEMTLKE,148,154,AP2A_HUMAN,Homo sapiens,21777522,true positive,34,0,ordered
ELME000064,MOD_CK2_1,Casein kinase 2 (CK2) Phosphorylation site,MOD,Casein kinase 2 (CK2) phosphorylation site,PF00069,Pkinase,Protein kinase domain,...([ST])..E,WEMTLKE,148,154,BRMS1_HUMAN,Homo sapiens,26980766,true positive,34,0,ordered
ELME000064,MOD_CK2_1,Casein kinase 2 (CK2) Phosphorylation site,MOD,Casein kinase 2 (CK2) phosphorylation site,PF00069,Pkinase,Protein kinase domain,...([ST])..E,WEMTLKE,148,154,CASP9_MOUSE,Mus musculus,18467326,true positive,34,0,ordered
ELME000064,MOD_CK2_1,Casein kinase 2 (CK2) Phosphorylation site,MOD,Casein kinase 2 (CK2) phosphorylation site,PF00069,Pkinase,Protein kinase domain,...([ST])..E,WEMTLKE,148,154,COR1C_HUMAN,Homo sapiens,22355754,true positive,34,0,ordered
ELME000064,MOD_CK2_1,Casein kinase 2 (CK2) Phosphorylation site,MOD,Casein kinase 2 (CK2) phosphorylation site,PF00069,Pkinase,Protein kinase domain,...([ST])..E,WEMTLKE,148,154,DNJB2_HUMAN,Homo sapiens,28031292,true positive,34,0,ordered
ELME000064,MOD_CK2_1,Casein kinase 2 (CK2) Phosphorylation site,MOD,Casein kinase 2 (CK2) phosphorylation site,PF00069,Pkinase,Protein kinase domain,...([ST])..E,WEMTLKE,148,154,DOK7_MOUSE,Mus musculus,26198629,true positive,34,0,ordered
ELME000064,MOD_CK2_1,Casein kinase 2 (CK2) Phosphorylation site,MOD,Casein kinase 2 (CK2) phosphorylation site,PF00069,Pkinase,Protein kinase domain,...([ST])..E,WEMTLKE,148,154,EIF3J_HUMAN,Homo sapiens,25887626,true positive,34,0,ordered
ELME000064,MOD_CK2_1,Casein kinase 2 (CK2) Phosphorylation site,MOD,Casein kinase 2 (CK2) phosphorylation site,PF00069,Pkinase,Protein kinase domain,...([ST])..E,WEMTLKE,148,154,FADD_HUMAN,Homo sapiens,26253696,unknown,34,0,ordered
ELME000064,MOD_CK2_1,Casein kinase 2 (CK2) Phosphorylation site,MOD,Casein kinase 2 (CK2) phosphorylation site,PF00069,Pkinase,Protein kinase domain,...([ST])..E,WEMTLKE,148,154,FMR1_MOUSE,Mus musculus,27957526,true positive,34,0,ordered
ELME000064,MOD_CK2_1,Casein kinase 2 (CK2) Phosphorylation site,MOD,Casein kinase 2 (CK2) phosphorylation site,PF00069,Pkinase,Protein kinase domain,...([ST])..E,WEMTLKE,148,154,HS90B_HUMAN,Homo sapiens,25995454,true positive,34,0,ordered
ELME000064,MOD_CK2_1,Casein kinase 2 (CK2) Phosphorylation site,MOD,Casein kinase 2 (CK2) phosphorylation site,PF00069,Pkinase,Protein kinase domain,...([ST])..E,WEMTLKE,148,154,IRS1_HUMAN,Homo sapiens,,unknown,34,0,ordered
ELME000064,MOD_CK2_1,Casein kinase 2 (CK2) Phosphorylation site,MOD,Casein kinase 2 (CK2) phosphorylation site,PF00069,Pkinase,Protein kinase domain,...([ST])..E,WEMTLKE,148,154,IRS1_RAT,Rattus norvegicus,8349691,true positive,34,0,ordered
ELME000064,MOD_CK2_1,Casein kinase 2 (CK2) Phosphorylation site,MOD,Casein kinase 2 (CK2) phosphorylation site,PF00069,Pkinase,Protein kinase domain,...([ST])..E,WEMTLKE,148,154,KDM1A_HUMAN,Homo sapiens,25999347,true positive,34,0,ordered
ELME000064,MOD_CK2_1,Casein kinase 2 (CK2) Phosphorylation site,MOD,Casein kinase 2 (CK2) phosphorylation site,PF00069,Pkinase,Protein kinase domain,...([ST])..E,WEMTLKE,148,154,KS6B1_RAT,Rattus norvegicus,16895915,true positive,34,0,ordered
ELME000064,MOD_CK2_1,Casein kinase 2 (CK2) Phosphorylation site,MOD,Casein kinase 2 (CK2) phosphorylation site,PF00069,Pkinase,Protein kinase domain,...([ST])..E,WEMTLKE,148,154,MUSK_RAT,Rattus norvegicus,16818610,true positive,34,0,ordered
ELME000064,MOD_CK2_1,Casein kinase 2 (CK2) Phosphorylation site,MOD,Casein kinase 2 (CK2) phosphorylation site,PF00069,Pkinase,Protein kinase domain,...([ST])..E,WEMTLKE,148,154,NKX31_HUMAN,Homo sapiens,16581776,true positive,34,0,ordered
ELME000064,MOD_CK2_1,Casein kinase 2 (CK2) Phosphorylation site,MOD,Casein kinase 2 (CK2) phosphorylation site,PF00069,Pkinase,Protein kinase domain,...([ST])..E,WEMTLKE,148,154,NOL3_RAT,Rattus norvegicus,12191471,true positive,34,0,ordered
ELME000064,MOD_CK2_1,Casein kinase 2 (CK2) Phosphorylation site,MOD,Casein kinase 2 (CK2) phosphorylation site,PF00069,Pkinase,Protein kinase domain,...([ST])..E,WEMTLKE,148,154,OLIG2_HUMAN,Homo sapiens,28355568,true positive,34,0,ordered
ELME000064,MOD_CK2_1,Casein kinase 2 (CK2) Phosphorylation site,MOD,Casein kinase 2 (CK2) phosphorylation site,PF00069,Pkinase,Protein kinase domain,...([ST])..E,WEMTLKE,148,154,OTUB1_HUMAN,Homo sapiens,25872870,true positive,34,0,ordered
ELME000064,MOD_CK2_1,Casein kinase 2 (CK2) Phosphorylation site,MOD,Casein kinase 2 (CK2) phosphorylation site,PF00069,Pkinase,Protein kinase domain,...([ST])..E,WEMTLKE,148,154,PAWR_HUMAN,Homo sapiens,24457960,true positive,34,0,ordered
ELME000064,MOD_CK2_1,Casein kinase 2 (CK2) Phosphorylation site,MOD,Casein kinase 2 (CK2) phosphorylation site,PF00069,Pkinase,Protein kinase domain,...([ST])..E,WEMTLKE,148,154,PAWR_RAT,Rattus norvegicus,24457960,true positive,34,0,ordered
ELME000064,MOD_CK2_1,Casein kinase 2 (CK2) Phosphorylation site,MOD,Casein kinase 2 (CK2) phosphorylation site,PF00069,Pkinase,Protein kinase domain,...([ST])..E,WEMTLKE,148,154,PDX1_MOUSE,Mus musculus,28036027,true positive,34,0,ordered
ELME000064,MOD_CK2_1,Casein kinase 2 (CK2) Phosphorylation site,MOD,Casein kinase 2 (CK2) phosphorylation site,PF00069,Pkinase,Protein kinase domain,...([ST])..E,WEMTLKE,148,154,PTEN_HUMAN,Homo sapiens,12788938,true positive,34,0,ordered
ELME000064,MOD_CK2_1,Casein kinase 2 (CK2) Phosphorylation site,MOD,Casein kinase 2 (CK2) phosphorylation site,PF00069,Pkinase,Protein kinase domain,...([ST])..E,WEMTLKE,148,154,VPU_HV1BR,Human immunodeficiency virus type 1 (BRU ISOLATE),8139011,true positive,34,0,ordered
ELME000064,MOD_CK2_1,Casein kinase 2 (CK2) Phosphorylation site,MOD,Casein kinase 2 (CK2) phosphorylation site,PF00069,Pkinase,Protein kinase domain,...([ST])..E,WEMTLKE,148,154,XRCC1_HUMAN,Homo sapiens,19155274,true positive,34,0,ordered
ELME000064,MOD_CK2_1,Casein kinase 2 (CK2) Phosphorylation site,MOD,Casein kinase 2 (CK2) phosphorylation site,PF00069,Pkinase,Protein kinase domain,...([ST])..E,WEMTLKE,148,154,XRCC1_HUMAN,Homo sapiens,19155274 15066279,true positive,34,0,ordered
ELME000064,MOD_CK2_1,Casein kinase 2 (CK2) Phosphorylation site,MOD,Casein kinase 2 (CK2) phosphorylation site,PF00069,Pkinase,Protein kinase domain,...([ST])..E,DDSSVTE,169,175,AKT1_HUMAN,Homo sapiens,15818404,true positive,34,0,ordered
ELME000064,MOD_CK2_1,Casein kinase 2 (CK2) Phosphorylation site,MOD,Casein kinase 2 (CK2) phosphorylation site,PF00069,Pkinase,Protein kinase domain,...([ST])..E,DDSSVTE,169,175,AP2A_HUMAN,Homo sapiens,21777522,true positive,34,0,ordered
ELME000064,MOD_CK2_1,Casein kinase 2 (CK2) Phosphorylation site,MOD,Casein kinase 2 (CK2) phosphorylation site,PF00069,Pkinase,Protein kinase domain,...([ST])..E,DDSSVTE,169,175,BRMS1_HUMAN,Homo sapiens,26980766,true positive,34,0,ordered
ELME000064,MOD_CK2_1,Casein kinase 2 (CK2) Phosphorylation site,MOD,Casein kinase 2 (CK2) phosphorylation site,PF00069,Pkinase,Protein kinase domain,...([ST])..E,DDSSVTE,169,175,CASP9_MOUSE,Mus musculus,18467326,true positive,34,0,ordered
ELME000064,MOD_CK2_1,Casein kinase 2 (CK2) Phosphorylation site,MOD,Casein kinase 2 (CK2) phosphorylation site,PF00069,Pkinase,Protein kinase domain,...([ST])..E,DDSSVTE,169,175,COR1C_HUMAN,Homo sapiens,22355754,true positive,34,0,ordered
ELME000064,MOD_CK2_1,Casein kinase 2 (CK2) Phosphorylation site,MOD,Casein kinase 2 (CK2) phosphorylation site,PF00069,Pkinase,Protein kinase domain,...([ST])..E,DDSSVTE,169,175,DNJB2_HUMAN,Homo sapiens,28031292,true positive,34,0,ordered
ELME000064,MOD_CK2_1,Casein kinase 2 (CK2) Phosphorylation site,MOD,Casein kinase 2 (CK2) phosphorylation site,PF00069,Pkinase,Protein kinase domain,...([ST])..E,DDSSVTE,169,175,DOK7_MOUSE,Mus musculus,26198629,true positive,34,0,ordered
ELME000064,MOD_CK2_1,Casein kinase 2 (CK2) Phosphorylation site,MOD,Casein kinase 2 (CK2) phosphorylation site,PF00069,Pkinase,Protein kinase domain,...([ST])..E,DDSSVTE,169,175,EIF3J_HUMAN,Homo sapiens,25887626,true positive,34,0,ordered
ELME000064,MOD_CK2_1,Casein kinase 2 (CK2) Phosphorylation site,MOD,Casein kinase 2 (CK2) phosphorylation site,PF00069,Pkinase,Protein kinase domain,...([ST])..E,DDSSVTE,169,175,FADD_HUMAN,Homo sapiens,26253696,unknown,34,0,ordered
ELME000064,MOD_CK2_1,Casein kinase 2 (CK2) Phosphorylation site,MOD,Casein kinase 2 (CK2) phosphorylation site,PF00069,Pkinase,Protein kinase domain,...([ST])..E,DDSSVTE,169,175,FMR1_MOUSE,Mus musculus,27957526,true positive,34,0,ordered
ELME000064,MOD_CK2_1,Casein kinase 2 (CK2) Phosphorylation site,MOD,Casein kinase 2 (CK2) phosphorylation site,PF00069,Pkinase,Protein kinase domain,...([ST])..E,DDSSVTE,169,175,HS90B_HUMAN,Homo sapiens,25995454,true positive,34,0,ordered
ELME000064,MOD_CK2_1,Casein kinase 2 (CK2) Phosphorylation site,MOD,Casein kinase 2 (CK2) phosphorylation site,PF00069,Pkinase,Protein kinase domain,...([ST])..E,DDSSVTE,169,175,IRS1_HUMAN,Homo sapiens,,unknown,34,0,ordered
ELME000064,MOD_CK2_1,Casein kinase 2 (CK2) Phosphorylation site,MOD,Casein kinase 2 (CK2) phosphorylation site,PF00069,Pkinase,Protein kinase domain,...([ST])..E,DDSSVTE,169,175,IRS1_RAT,Rattus norvegicus,8349691,true positive,34,0,ordered
ELME000064,MOD_CK2_1,Casein kinase 2 (CK2) Phosphorylation site,MOD,Casein kinase 2 (CK2) phosphorylation site,PF00069,Pkinase,Protein kinase domain,...([ST])..E,DDSSVTE,169,175,KDM1A_HUMAN,Homo sapiens,25999347,true positive,34,0,ordered
ELME000064,MOD_CK2_1,Casein kinase 2 (CK2) Phosphorylation site,MOD,Casein kinase 2 (CK2) phosphorylation site,PF00069,Pkinase,Protein kinase domain,...([ST])..E,DDSSVTE,169,175,KS6B1_RAT,Rattus norvegicus,16895915,true positive,34,0,ordered
ELME000064,MOD_CK2_1,Casein kinase 2 (CK2) Phosphorylation site,MOD,Casein kinase 2 (CK2) phosphorylation site,PF00069,Pkinase,Protein kinase domain,...([ST])..E,DDSSVTE,169,175,MUSK_RAT,Rattus norvegicus,16818610,true positive,34,0,ordered
ELME000064,MOD_CK2_1,Casein kinase 2 (CK2) Phosphorylation site,MOD,Casein kinase 2 (CK2) phosphorylation site,PF00069,Pkinase,Protein kinase domain,...([ST])..E,DDSSVTE,169,175,NKX31_HUMAN,Homo sapiens,16581776,true positive,34,0,ordered
ELME000064,MOD_CK2_1,Casein kinase 2 (CK2) Phosphorylation site,MOD,Casein kinase 2 (CK2) phosphorylation site,PF00069,Pkinase,Protein kinase domain,...([ST])..E,DDSSVTE,169,175,NOL3_RAT,Rattus norvegicus,12191471,true positive,34,0,ordered
ELME000064,MOD_CK2_1,Casein kinase 2 (CK2) Phosphorylation site,MOD,Casein kinase 2 (CK2) phosphorylation site,PF00069,Pkinase,Protein kinase domain,...([ST])..E,DDSSVTE,169,175,OLIG2_HUMAN,Homo sapiens,28355568,true positive,34,0,ordered
ELME000064,MOD_CK2_1,Casein kinase 2 (CK2) Phosphorylation site,MOD,Casein kinase 2 (CK2) phosphorylation site,PF00069,Pkinase,Protein kinase domain,...([ST])..E,DDSSVTE,169,175,OTUB1_HUMAN,Homo sapiens,25872870,true positive,34,0,ordered
ELME000064,MOD_CK2_1,Casein kinase 2 (CK2) Phosphorylation site,MOD,Casein kinase 2 (CK2) phosphorylation site,PF00069,Pkinase,Protein kinase domain,...([ST])..E,DDSSVTE,169,175,PAWR_HUMAN,Homo sapiens,24457960,true positive,34,0,ordered
ELME000064,MOD_CK2_1,Casein kinase 2 (CK2) Phosphorylation site,MOD,Casein kinase 2 (CK2) phosphorylation site,PF00069,Pkinase,Protein kinase domain,...([ST])..E,DDSSVTE,169,175,PAWR_RAT,Rattus norvegicus,24457960,true positive,34,0,ordered
ELME000064,MOD_CK2_1,Casein kinase 2 (CK2) Phosphorylation site,MOD,Casein kinase 2 (CK2) phosphorylation site,PF00069,Pkinase,Protein kinase domain,...([ST])..E,DDSSVTE,169,175,PDX1_MOUSE,Mus musculus,28036027,true positive,34,0,ordered
ELME000064,MOD_CK2_1,Casein kinase 2 (CK2) Phosphorylation site,MOD,Casein kinase 2 (CK2) phosphorylation site,PF00069,Pkinase,Protein kinase domain,...([ST])..E,DDSSVTE,169,175,PTEN_HUMAN,Homo sapiens,12788938,true positive,34,0,ordered
ELME000064,MOD_CK2_1,Casein kinase 2 (CK2) Phosphorylation site,MOD,Casein kinase 2 (CK2) phosphorylation site,PF00069,Pkinase,Protein kinase domain,...([ST])..E,DDSSVTE,169,175,VPU_HV1BR,Human immunodeficiency virus type 1 (BRU ISOLATE),8139011,true positive,34,0,ordered
ELME000064,MOD_CK2_1,Casein kinase 2 (CK2) Phosphorylation site,MOD,Casein kinase 2 (CK2) phosphorylation site,PF00069,Pkinase,Protein kinase domain,...([ST])..E,DDSSVTE,169,175,XRCC1_HUMAN,Homo sapiens,19155274,true positive,34,0,ordered
ELME000064,MOD_CK2_1,Casein kinase 2 (CK2) Phosphorylation site,MOD,Casein kinase 2 (CK2) phosphorylation site,PF00069,Pkinase,Protein kinase domain,...([ST])..E,DDSSVTE,169,175,XRCC1_HUMAN,Homo sapiens,19155274 15066279,true positive,34,0,ordered
ELME000064,MOD_CK2_1,Casein kinase 2 (CK2) Phosphorylation site,MOD,Casein kinase 2 (CK2) phosphorylation site,PF00069,Pkinase,Protein kinase domain,...([ST])..E,KTFSYLE,201,207,AKT1_HUMAN,Homo sapiens,15818404,true positive,34,0,ordered
ELME000064,MOD_CK2_1,Casein kinase 2 (CK2) Phosphorylation site,MOD,Casein kinase 2 (CK2) phosphorylation site,PF00069,Pkinase,Protein kinase domain,...([ST])..E,KTFSYLE,201,207,AP2A_HUMAN,Homo sapiens,21777522,true positive,34,0,ordered
ELME000064,MOD_CK2_1,Casein kinase 2 (CK2) Phosphorylation site,MOD,Casein kinase 2 (CK2) phosphorylation site,PF00069,Pkinase,Protein kinase domain,...([ST])..E,KTFSYLE,201,207,BRMS1_HUMAN,Homo sapiens,26980766,true positive,34,0,ordered
ELME000064,MOD_CK2_1,Casein kinase 2 (CK2) Phosphorylation site,MOD,Casein kinase 2 (CK2) phosphorylation site,PF00069,Pkinase,Protein kinase domain,...([ST])..E,KTFSYLE,201,207,CASP9_MOUSE,Mus musculus,18467326,true positive,34,0,ordered
ELME000064,MOD_CK2_1,Casein kinase 2 (CK2) Phosphorylation site,MOD,Casein kinase 2 (CK2) phosphorylation site,PF00069,Pkinase,Protein kinase domain,...([ST])..E,KTFSYLE,201,207,COR1C_HUMAN,Homo sapiens,22355754,true positive,34,0,ordered
ELME000064,MOD_CK2_1,Casein kinase 2 (CK2) Phosphorylation site,MOD,Casein kinase 2 (CK2) phosphorylation site,PF00069,Pkinase,Protein kinase domain,...([ST])..E,KTFSYLE,201,207,DNJB2_HUMAN,Homo sapiens,28031292,true positive,34,0,ordered
ELME000064,MOD_CK2_1,Casein kinase 2 (CK2) Phosphorylation site,MOD,Casein kinase 2 (CK2) phosphorylation site,PF00069,Pkinase,Protein kinase domain,...([ST])..E,KTFSYLE,201,207,DOK7_MOUSE,Mus musculus,26198629,true positive,34,0,ordered
ELME000064,MOD_CK2_1,Casein kinase 2 (CK2) Phosphorylation site,MOD,Casein kinase 2 (CK2) phosphorylation site,PF00069,Pkinase,Protein kinase domain,...([ST])..E,KTFSYLE,201,207,EIF3J_HUMAN,Homo sapiens,25887626,true positive,34,0,ordered
ELME000064,MOD_CK2_1,Casein kinase 2 (CK2) Phosphorylation site,MOD,Casein kinase 2 (CK2) phosphorylation site,PF00069,Pkinase,Protein kinase domain,...([ST])..E,KTFSYLE,201,207,FADD_HUMAN,Homo sapiens,26253696,unknown,34,0,ordered
ELME000064,MOD_CK2_1,Casein kinase 2 (CK2) Phosphorylation site,MOD,Casein kinase 2 (CK2) phosphorylation site,PF00069,Pkinase,Protein kinase domain,...([ST])..E,KTFSYLE,201,207,FMR1_MOUSE,Mus musculus,27957526,true positive,34,0,ordered
ELME000064,MOD_CK2_1,Casein kinase 2 (CK2) Phosphorylation site,MOD,Casein kinase 2 (CK2) phosphorylation site,PF00069,Pkinase,Protein kinase domain,...([ST])..E,KTFSYLE,201,207,HS90B_HUMAN,Homo sapiens,25995454,true positive,34,0,ordered
ELME000064,MOD_CK2_1,Casein kinase 2 (CK2) Phosphorylation site,MOD,Casein kinase 2 (CK2) phosphorylation site,PF00069,Pkinase,Protein kinase domain,...([ST])..E,KTFSYLE,201,207,IRS1_HUMAN,Homo sapiens,,unknown,34,0,ordered
ELME000064,MOD_CK2_1,Casein kinase 2 (CK2) Phosphorylation site,MOD,Casein kinase 2 (CK2) phosphorylation site,PF00069,Pkinase,Protein kinase domain,...([ST])..E,KTFSYLE,201,207,IRS1_RAT,Rattus norvegicus,8349691,true positive,34,0,ordered
ELME000064,MOD_CK2_1,Casein kinase 2 (CK2) Phosphorylation site,MOD,Casein kinase 2 (CK2) phosphorylation site,PF00069,Pkinase,Protein kinase domain,...([ST])..E,KTFSYLE,201,207,KDM1A_HUMAN,Homo sapiens,25999347,true positive,34,0,ordered
ELME000064,MOD_CK2_1,Casein kinase 2 (CK2) Phosphorylation site,MOD,Casein kinase 2 (CK2) phosphorylation site,PF00069,Pkinase,Protein kinase domain,...([ST])..E,KTFSYLE,201,207,KS6B1_RAT,Rattus norvegicus,16895915,true positive,34,0,ordered
ELME000064,MOD_CK2_1,Casein kinase 2 (CK2) Phosphorylation site,MOD,Casein kinase 2 (CK2) phosphorylation site,PF00069,Pkinase,Protein kinase domain,...([ST])..E,KTFSYLE,201,207,MUSK_RAT,Rattus norvegicus,16818610,true positive,34,0,ordered
ELME000064,MOD_CK2_1,Casein kinase 2 (CK2) Phosphorylation site,MOD,Casein kinase 2 (CK2) phosphorylation site,PF00069,Pkinase,Protein kinase domain,...([ST])..E,KTFSYLE,201,207,NKX31_HUMAN,Homo sapiens,16581776,true positive,34,0,ordered
ELME000064,MOD_CK2_1,Casein kinase 2 (CK2) Phosphorylation site,MOD,Casein kinase 2 (CK2) phosphorylation site,PF00069,Pkinase,Protein kinase domain,...([ST])..E,KTFSYLE,201,207,NOL3_RAT,Rattus norvegicus,12191471,true positive,34,0,ordered
ELME000064,MOD_CK2_1,Casein kinase 2 (CK2) Phosphorylation site,MOD,Casein kinase 2 (CK2) phosphorylation site,PF00069,Pkinase,Protein kinase domain,...([ST])..E,KTFSYLE,201,207,OLIG2_HUMAN,Homo sapiens,28355568,true positive,34,0,ordered
ELME000064,MOD_CK2_1,Casein kinase 2 (CK2) Phosphorylation site,MOD,Casein kinase 2 (CK2) phosphorylation site,PF00069,Pkinase,Protein kinase domain,...([ST])..E,KTFSYLE,201,207,OTUB1_HUMAN,Homo sapiens,25872870,true positive,34,0,ordered
ELME000064,MOD_CK2_1,Casein kinase 2 (CK2) Phosphorylation site,MOD,Casein kinase 2 (CK2) phosphorylation site,PF00069,Pkinase,Protein kinase domain,...([ST])..E,KTFSYLE,201,207,PAWR_HUMAN,Homo sapiens,24457960,true positive,34,0,ordered
ELME000064,MOD_CK2_1,Casein kinase 2 (CK2) Phosphorylation site,MOD,Casein kinase 2 (CK2) phosphorylation site,PF00069,Pkinase,Protein kinase domain,...([ST])..E,KTFSYLE,201,207,PAWR_RAT,Rattus norvegicus,24457960,true positive,34,0,ordered
ELME000064,MOD_CK2_1,Casein kinase 2 (CK2) Phosphorylation site,MOD,Casein kinase 2 (CK2) phosphorylation site,PF00069,Pkinase,Protein kinase domain,...([ST])..E,KTFSYLE,201,207,PDX1_MOUSE,Mus musculus,28036027,true positive,34,0,ordered
ELME000064,MOD_CK2_1,Casein kinase 2 (CK2) Phosphorylation site,MOD,Casein kinase 2 (CK2) phosphorylation site,PF00069,Pkinase,Protein kinase domain,...([ST])..E,KTFSYLE,201,207,PTEN_HUMAN,Homo sapiens,12788938,true positive,34,0,ordered
ELME000064,MOD_CK2_1,Casein kinase 2 (CK2) Phosphorylation site,MOD,Casein kinase 2 (CK2) phosphorylation site,PF00069,Pkinase,Protein kinase domain,...([ST])..E,KTFSYLE,201,207,VPU_HV1BR,Human immunodeficiency virus type 1 (BRU ISOLATE),8139011,true positive,34,0,ordered
ELME000064,MOD_CK2_1,Casein kinase 2 (CK2) Phosphorylation site,MOD,Casein kinase 2 (CK2) phosphorylation site,PF00069,Pkinase,Protein kinase domain,...([ST])..E,KTFSYLE,201,207,XRCC1_HUMAN,Homo sapiens,19155274,true positive,34,0,ordered
ELME000064,MOD_CK2_1,Casein kinase 2 (CK2) Phosphorylation site,MOD,Casein kinase 2 (CK2) phosphorylation site,PF00069,Pkinase,Protein kinase domain,...([ST])..E,KTFSYLE,201,207,XRCC1_HUMAN,Homo sapiens,19155274 15066279,true positive,34,0,ordered
ELME000064,MOD_CK2_1,Casein kinase 2 (CK2) Phosphorylation site,MOD,Casein kinase 2 (CK2) phosphorylation site,PF00069,Pkinase,Protein kinase domain,...([ST])..E,LKASRPE,281,287,AKT1_HUMAN,Homo sapiens,15818404,true positive,34,0,inbetween
ELME000064,MOD_CK2_1,Casein kinase 2 (CK2) Phosphorylation site,MOD,Casein kinase 2 (CK2) phosphorylation site,PF00069,Pkinase,Protein kinase domain,...([ST])..E,LKASRPE,281,287,AP2A_HUMAN,Homo sapiens,21777522,true positive,34,0,inbetween
ELME000064,MOD_CK2_1,Casein kinase 2 (CK2) Phosphorylation site,MOD,Casein kinase 2 (CK2) phosphorylation site,PF00069,Pkinase,Protein kinase domain,...([ST])..E,LKASRPE,281,287,BRMS1_HUMAN,Homo sapiens,26980766,true positive,34,0,inbetween
ELME000064,MOD_CK2_1,Casein kinase 2 (CK2) Phosphorylation site,MOD,Casein kinase 2 (CK2) phosphorylation site,PF00069,Pkinase,Protein kinase domain,...([ST])..E,LKASRPE,281,287,CASP9_MOUSE,Mus musculus,18467326,true positive,34,0,inbetween
ELME000064,MOD_CK2_1,Casein kinase 2 (CK2) Phosphorylation site,MOD,Casein kinase 2 (CK2) phosphorylation site,PF00069,Pkinase,Protein kinase domain,...([ST])..E,LKASRPE,281,287,COR1C_HUMAN,Homo sapiens,22355754,true positive,34,0,inbetween
ELME000064,MOD_CK2_1,Casein kinase 2 (CK2) Phosphorylation site,MOD,Casein kinase 2 (CK2) phosphorylation site,PF00069,Pkinase,Protein kinase domain,...([ST])..E,LKASRPE,281,287,DNJB2_HUMAN,Homo sapiens,28031292,true positive,34,0,inbetween
ELME000064,MOD_CK2_1,Casein kinase 2 (CK2) Phosphorylation site,MOD,Casein kinase 2 (CK2) phosphorylation site,PF00069,Pkinase,Protein kinase domain,...([ST])..E,LKASRPE,281,287,DOK7_MOUSE,Mus musculus,26198629,true positive,34,0,inbetween
ELME000064,MOD_CK2_1,Casein kinase 2 (CK2) Phosphorylation site,MOD,Casein kinase 2 (CK2) phosphorylation site,PF00069,Pkinase,Protein kinase domain,...([ST])..E,LKASRPE,281,287,EIF3J_HUMAN,Homo sapiens,25887626,true positive,34,0,inbetween
ELME000064,MOD_CK2_1,Casein kinase 2 (CK2) Phosphorylation site,MOD,Casein kinase 2 (CK2) phosphorylation site,PF00069,Pkinase,Protein kinase domain,...([ST])..E,LKASRPE,281,287,FADD_HUMAN,Homo sapiens,26253696,unknown,34,0,inbetween
ELME000064,MOD_CK2_1,Casein kinase 2 (CK2) Phosphorylation site,MOD,Casein kinase 2 (CK2) phosphorylation site,PF00069,Pkinase,Protein kinase domain,...([ST])..E,LKASRPE,281,287,FMR1_MOUSE,Mus musculus,27957526,true positive,34,0,inbetween
ELME000064,MOD_CK2_1,Casein kinase 2 (CK2) Phosphorylation site,MOD,Casein kinase 2 (CK2) phosphorylation site,PF00069,Pkinase,Protein kinase domain,...([ST])..E,LKASRPE,281,287,HS90B_HUMAN,Homo sapiens,25995454,true positive,34,0,inbetween
ELME000064,MOD_CK2_1,Casein kinase 2 (CK2) Phosphorylation site,MOD,Casein kinase 2 (CK2) phosphorylation site,PF00069,Pkinase,Protein kinase domain,...([ST])..E,LKASRPE,281,287,IRS1_HUMAN,Homo sapiens,,unknown,34,0,inbetween
ELME000064,MOD_CK2_1,Casein kinase 2 (CK2) Phosphorylation site,MOD,Casein kinase 2 (CK2) phosphorylation site,PF00069,Pkinase,Protein kinase domain,...([ST])..E,LKASRPE,281,287,IRS1_RAT,Rattus norvegicus,8349691,true positive,34,0,inbetween
ELME000064,MOD_CK2_1,Casein kinase 2 (CK2) Phosphorylation site,MOD,Casein kinase 2 (CK2) phosphorylation site,PF00069,Pkinase,Protein kinase domain,...([ST])..E,LKASRPE,281,287,KDM1A_HUMAN,Homo sapiens,25999347,true positive,34,0,inbetween
ELME000064,MOD_CK2_1,Casein kinase 2 (CK2) Phosphorylation site,MOD,Casein kinase 2 (CK2) phosphorylation site,PF00069,Pkinase,Protein kinase domain,...([ST])..E,LKASRPE,281,287,KS6B1_RAT,Rattus norvegicus,16895915,true positive,34,0,inbetween
ELME000064,MOD_CK2_1,Casein kinase 2 (CK2) Phosphorylation site,MOD,Casein kinase 2 (CK2) phosphorylation site,PF00069,Pkinase,Protein kinase domain,...([ST])..E,LKASRPE,281,287,MUSK_RAT,Rattus norvegicus,16818610,true positive,34,0,inbetween
ELME000064,MOD_CK2_1,Casein kinase 2 (CK2) Phosphorylation site,MOD,Casein kinase 2 (CK2) phosphorylation site,PF00069,Pkinase,Protein kinase domain,...([ST])..E,LKASRPE,281,287,NKX31_HUMAN,Homo sapiens,16581776,true positive,34,0,inbetween
ELME000064,MOD_CK2_1,Casein kinase 2 (CK2) Phosphorylation site,MOD,Casein kinase 2 (CK2) phosphorylation site,PF00069,Pkinase,Protein kinase domain,...([ST])..E,LKASRPE,281,287,NOL3_RAT,Rattus norvegicus,12191471,true positive,34,0,inbetween
ELME000064,MOD_CK2_1,Casein kinase 2 (CK2) Phosphorylation site,MOD,Casein kinase 2 (CK2) phosphorylation site,PF00069,Pkinase,Protein kinase domain,...([ST])..E,LKASRPE,281,287,OLIG2_HUMAN,Homo sapiens,28355568,true positive,34,0,inbetween
ELME000064,MOD_CK2_1,Casein kinase 2 (CK2) Phosphorylation site,MOD,Casein kinase 2 (CK2) phosphorylation site,PF00069,Pkinase,Protein kinase domain,...([ST])..E,LKASRPE,281,287,OTUB1_HUMAN,Homo sapiens,25872870,true positive,34,0,inbetween
ELME000064,MOD_CK2_1,Casein kinase 2 (CK2) Phosphorylation site,MOD,Casein kinase 2 (CK2) phosphorylation site,PF00069,Pkinase,Protein kinase domain,...([ST])..E,LKASRPE,281,287,PAWR_HUMAN,Homo sapiens,24457960,true positive,34,0,inbetween
ELME000064,MOD_CK2_1,Casein kinase 2 (CK2) Phosphorylation site,MOD,Casein kinase 2 (CK2) phosphorylation site,PF00069,Pkinase,Protein kinase domain,...([ST])..E,LKASRPE,281,287,PAWR_RAT,Rattus norvegicus,24457960,true positive,34,0,inbetween
ELME000064,MOD_CK2_1,Casein kinase 2 (CK2) Phosphorylation site,MOD,Casein kinase 2 (CK2) phosphorylation site,PF00069,Pkinase,Protein kinase domain,...([ST])..E,LKASRPE,281,287,PDX1_MOUSE,Mus musculus,28036027,true positive,34,0,inbetween
ELME000064,MOD_CK2_1,Casein kinase 2 (CK2) Phosphorylation site,MOD,Casein kinase 2 (CK2) phosphorylation site,PF00069,Pkinase,Protein kinase domain,...([ST])..E,LKASRPE,281,287,PTEN_HUMAN,Homo sapiens,12788938,true positive,34,0,inbetween
ELME000064,MOD_CK2_1,Casein kinase 2 (CK2) Phosphorylation site,MOD,Casein kinase 2 (CK2) phosphorylation site,PF00069,Pkinase,Protein kinase domain,...([ST])..E,LKASRPE,281,287,VPU_HV1BR,Human immunodeficiency virus type 1 (BRU ISOLATE),8139011,true positive,34,0,inbetween
ELME000064,MOD_CK2_1,Casein kinase 2 (CK2) Phosphorylation site,MOD,Casein kinase 2 (CK2) phosphorylation site,PF00069,Pkinase,Protein kinase domain,...([ST])..E,LKASRPE,281,287,XRCC1_HUMAN,Homo sapiens,19155274,true positive,34,0,inbetween
ELME000064,MOD_CK2_1,Casein kinase 2 (CK2) Phosphorylation site,MOD,Casein kinase 2 (CK2) phosphorylation site,PF00069,Pkinase,Protein kinase domain,...([ST])..E,LKASRPE,281,287,XRCC1_HUMAN,Homo sapiens,19155274 15066279,true positive,34,0,inbetween
ELME000064,MOD_CK2_1,Casein kinase 2 (CK2) Phosphorylation site,MOD,Casein kinase 2 (CK2) phosphorylation site,PF00069,Pkinase,Protein kinase domain,...([ST])..E,TLITVDE,357,363,AKT1_HUMAN,Homo sapiens,15818404,true positive,34,0,disordered
ELME000064,MOD_CK2_1,Casein kinase 2 (CK2) Phosphorylation site,MOD,Casein kinase 2 (CK2) phosphorylation site,PF00069,Pkinase,Protein kinase domain,...([ST])..E,TLITVDE,357,363,AP2A_HUMAN,Homo sapiens,21777522,true positive,34,0,disordered
ELME000064,MOD_CK2_1,Casein kinase 2 (CK2) Phosphorylation site,MOD,Casein kinase 2 (CK2) phosphorylation site,PF00069,Pkinase,Protein kinase domain,...([ST])..E,TLITVDE,357,363,BRMS1_HUMAN,Homo sapiens,26980766,true positive,34,0,disordered
ELME000064,MOD_CK2_1,Casein kinase 2 (CK2) Phosphorylation site,MOD,Casein kinase 2 (CK2) phosphorylation site,PF00069,Pkinase,Protein kinase domain,...([ST])..E,TLITVDE,357,363,CASP9_MOUSE,Mus musculus,18467326,true positive,34,0,disordered
ELME000064,MOD_CK2_1,Casein kinase 2 (CK2) Phosphorylation site,MOD,Casein kinase 2 (CK2) phosphorylation site,PF00069,Pkinase,Protein kinase domain,...([ST])..E,TLITVDE,357,363,COR1C_HUMAN,Homo sapiens,22355754,true positive,34,0,disordered
ELME000064,MOD_CK2_1,Casein kinase 2 (CK2) Phosphorylation site,MOD,Casein kinase 2 (CK2) phosphorylation site,PF00069,Pkinase,Protein kinase domain,...([ST])..E,TLITVDE,357,363,DNJB2_HUMAN,Homo sapiens,28031292,true positive,34,0,disordered
ELME000064,MOD_CK2_1,Casein kinase 2 (CK2) Phosphorylation site,MOD,Casein kinase 2 (CK2) phosphorylation site,PF00069,Pkinase,Protein kinase domain,...([ST])..E,TLITVDE,357,363,DOK7_MOUSE,Mus musculus,26198629,true positive,34,0,disordered
ELME000064,MOD_CK2_1,Casein kinase 2 (CK2) Phosphorylation site,MOD,Casein kinase 2 (CK2) phosphorylation site,PF00069,Pkinase,Protein kinase domain,...([ST])..E,TLITVDE,357,363,EIF3J_HUMAN,Homo sapiens,25887626,true positive,34,0,disordered
ELME000064,MOD_CK2_1,Casein kinase 2 (CK2) Phosphorylation site,MOD,Casein kinase 2 (CK2) phosphorylation site,PF00069,Pkinase,Protein kinase domain,...([ST])..E,TLITVDE,357,363,FADD_HUMAN,Homo sapiens,26253696,unknown,34,0,disordered
ELME000064,MOD_CK2_1,Casein kinase 2 (CK2) Phosphorylation site,MOD,Casein kinase 2 (CK2) phosphorylation site,PF00069,Pkinase,Protein kinase domain,...([ST])..E,TLITVDE,357,363,FMR1_MOUSE,Mus musculus,27957526,true positive,34,0,disordered
ELME000064,MOD_CK2_1,Casein kinase 2 (CK2) Phosphorylation site,MOD,Casein kinase 2 (CK2) phosphorylation site,PF00069,Pkinase,Protein kinase domain,...([ST])..E,TLITVDE,357,363,HS90B_HUMAN,Homo sapiens,25995454,true positive,34,0,disordered
ELME000064,MOD_CK2_1,Casein kinase 2 (CK2) Phosphorylation site,MOD,Casein kinase 2 (CK2) phosphorylation site,PF00069,Pkinase,Protein kinase domain,...([ST])..E,TLITVDE,357,363,IRS1_HUMAN,Homo sapiens,,unknown,34,0,disordered
ELME000064,MOD_CK2_1,Casein kinase 2 (CK2) Phosphorylation site,MOD,Casein kinase 2 (CK2) phosphorylation site,PF00069,Pkinase,Protein kinase domain,...([ST])..E,TLITVDE,357,363,IRS1_RAT,Rattus norvegicus,8349691,true positive,34,0,disordered
ELME000064,MOD_CK2_1,Casein kinase 2 (CK2) Phosphorylation site,MOD,Casein kinase 2 (CK2) phosphorylation site,PF00069,Pkinase,Protein kinase domain,...([ST])..E,TLITVDE,357,363,KDM1A_HUMAN,Homo sapiens,25999347,true positive,34,0,disordered
ELME000064,MOD_CK2_1,Casein kinase 2 (CK2) Phosphorylation site,MOD,Casein kinase 2 (CK2) phosphorylation site,PF00069,Pkinase,Protein kinase domain,...([ST])..E,TLITVDE,357,363,KS6B1_RAT,Rattus norvegicus,16895915,true positive,34,0,disordered
ELME000064,MOD_CK2_1,Casein kinase 2 (CK2) Phosphorylation site,MOD,Casein kinase 2 (CK2) phosphorylation site,PF00069,Pkinase,Protein kinase domain,...([ST])..E,TLITVDE,357,363,MUSK_RAT,Rattus norvegicus,16818610,true positive,34,0,disordered
ELME000064,MOD_CK2_1,Casein kinase 2 (CK2) Phosphorylation site,MOD,Casein kinase 2 (CK2) phosphorylation site,PF00069,Pkinase,Protein kinase domain,...([ST])..E,TLITVDE,357,363,NKX31_HUMAN,Homo sapiens,16581776,true positive,34,0,disordered
ELME000064,MOD_CK2_1,Casein kinase 2 (CK2) Phosphorylation site,MOD,Casein kinase 2 (CK2) phosphorylation site,PF00069,Pkinase,Protein kinase domain,...([ST])..E,TLITVDE,357,363,NOL3_RAT,Rattus norvegicus,12191471,true positive,34,0,disordered
ELME000064,MOD_CK2_1,Casein kinase 2 (CK2) Phosphorylation site,MOD,Casein kinase 2 (CK2) phosphorylation site,PF00069,Pkinase,Protein kinase domain,...([ST])..E,TLITVDE,357,363,OLIG2_HUMAN,Homo sapiens,28355568,true positive,34,0,disordered
ELME000064,MOD_CK2_1,Casein kinase 2 (CK2) Phosphorylation site,MOD,Casein kinase 2 (CK2) phosphorylation site,PF00069,Pkinase,Protein kinase domain,...([ST])..E,TLITVDE,357,363,OTUB1_HUMAN,Homo sapiens,25872870,true positive,34,0,disordered
ELME000064,MOD_CK2_1,Casein kinase 2 (CK2) Phosphorylation site,MOD,Casein kinase 2 (CK2) phosphorylation site,PF00069,Pkinase,Protein kinase domain,...([ST])..E,TLITVDE,357,363,PAWR_HUMAN,Homo sapiens,24457960,true positive,34,0,disordered
ELME000064,MOD_CK2_1,Casein kinase 2 (CK2) Phosphorylation site,MOD,Casein kinase 2 (CK2) phosphorylation site,PF00069,Pkinase,Protein kinase domain,...([ST])..E,TLITVDE,357,363,PAWR_RAT,Rattus norvegicus,24457960,true positive,34,0,disordered
ELME000064,MOD_CK2_1,Casein kinase 2 (CK2) Phosphorylation site,MOD,Casein kinase 2 (CK2) phosphorylation site,PF00069,Pkinase,Protein kinase domain,...([ST])..E,TLITVDE,357,363,PDX1_MOUSE,Mus musculus,28036027,true positive,34,0,disordered
ELME000064,MOD_CK2_1,Casein kinase 2 (CK2) Phosphorylation site,MOD,Casein kinase 2 (CK2) phosphorylation site,PF00069,Pkinase,Protein kinase domain,...([ST])..E,TLITVDE,357,363,PTEN_HUMAN,Homo sapiens,12788938,true positive,34,0,disordered
ELME000064,MOD_CK2_1,Casein kinase 2 (CK2) Phosphorylation site,MOD,Casein kinase 2 (CK2) phosphorylation site,PF00069,Pkinase,Protein kinase domain,...([ST])..E,TLITVDE,357,363,VPU_HV1BR,Human immunodeficiency virus type 1 (BRU ISOLATE),8139011,true positive,34,0,disordered
ELME000064,MOD_CK2_1,Casein kinase 2 (CK2) Phosphorylation site,MOD,Casein kinase 2 (CK2) phosphorylation site,PF00069,Pkinase,Protein kinase domain,...([ST])..E,TLITVDE,357,363,XRCC1_HUMAN,Homo sapiens,19155274,true positive,34,0,disordered
ELME000064,MOD_CK2_1,Casein kinase 2 (CK2) Phosphorylation site,MOD,Casein kinase 2 (CK2) phosphorylation site,PF00069,Pkinase,Protein kinase domain,...([ST])..E,TLITVDE,357,363,XRCC1_HUMAN,Homo sapiens,19155274 15066279,true positive,34,0,disordered
ELME000064,MOD_CK2_1,Casein kinase 2 (CK2) Phosphorylation site,MOD,Casein kinase 2 (CK2) phosphorylation site,PF00069,Pkinase,Protein kinase domain,...([ST])..E,ASVTSEE,432,438,AKT1_HUMAN,Homo sapiens,15818404,true positive,34,0,disordered
ELME000064,MOD_CK2_1,Casein kinase 2 (CK2) Phosphorylation site,MOD,Casein kinase 2 (CK2) phosphorylation site,PF00069,Pkinase,Protein kinase domain,...([ST])..E,ASVTSEE,432,438,AP2A_HUMAN,Homo sapiens,21777522,true positive,34,0,disordered
ELME000064,MOD_CK2_1,Casein kinase 2 (CK2) Phosphorylation site,MOD,Casein kinase 2 (CK2) phosphorylation site,PF00069,Pkinase,Protein kinase domain,...([ST])..E,ASVTSEE,432,438,BRMS1_HUMAN,Homo sapiens,26980766,true positive,34,0,disordered
ELME000064,MOD_CK2_1,Casein kinase 2 (CK2) Phosphorylation site,MOD,Casein kinase 2 (CK2) phosphorylation site,PF00069,Pkinase,Protein kinase domain,...([ST])..E,ASVTSEE,432,438,CASP9_MOUSE,Mus musculus,18467326,true positive,34,0,disordered
ELME000064,MOD_CK2_1,Casein kinase 2 (CK2) Phosphorylation site,MOD,Casein kinase 2 (CK2) phosphorylation site,PF00069,Pkinase,Protein kinase domain,...([ST])..E,ASVTSEE,432,438,COR1C_HUMAN,Homo sapiens,22355754,true positive,34,0,disordered
ELME000064,MOD_CK2_1,Casein kinase 2 (CK2) Phosphorylation site,MOD,Casein kinase 2 (CK2) phosphorylation site,PF00069,Pkinase,Protein kinase domain,...([ST])..E,ASVTSEE,432,438,DNJB2_HUMAN,Homo sapiens,28031292,true positive,34,0,disordered
ELME000064,MOD_CK2_1,Casein kinase 2 (CK2) Phosphorylation site,MOD,Casein kinase 2 (CK2) phosphorylation site,PF00069,Pkinase,Protein kinase domain,...([ST])..E,ASVTSEE,432,438,DOK7_MOUSE,Mus musculus,26198629,true positive,34,0,disordered
ELME000064,MOD_CK2_1,Casein kinase 2 (CK2) Phosphorylation site,MOD,Casein kinase 2 (CK2) phosphorylation site,PF00069,Pkinase,Protein kinase domain,...([ST])..E,ASVTSEE,432,438,EIF3J_HUMAN,Homo sapiens,25887626,true positive,34,0,disordered
ELME000064,MOD_CK2_1,Casein kinase 2 (CK2) Phosphorylation site,MOD,Casein kinase 2 (CK2) phosphorylation site,PF00069,Pkinase,Protein kinase domain,...([ST])..E,ASVTSEE,432,438,FADD_HUMAN,Homo sapiens,26253696,unknown,34,0,disordered
ELME000064,MOD_CK2_1,Casein kinase 2 (CK2) Phosphorylation site,MOD,Casein kinase 2 (CK2) phosphorylation site,PF00069,Pkinase,Protein kinase domain,...([ST])..E,ASVTSEE,432,438,FMR1_MOUSE,Mus musculus,27957526,true positive,34,0,disordered
ELME000064,MOD_CK2_1,Casein kinase 2 (CK2) Phosphorylation site,MOD,Casein kinase 2 (CK2) phosphorylation site,PF00069,Pkinase,Protein kinase domain,...([ST])..E,ASVTSEE,432,438,HS90B_HUMAN,Homo sapiens,25995454,true positive,34,0,disordered
ELME000064,MOD_CK2_1,Casein kinase 2 (CK2) Phosphorylation site,MOD,Casein kinase 2 (CK2) phosphorylation site,PF00069,Pkinase,Protein kinase domain,...([ST])..E,ASVTSEE,432,438,IRS1_HUMAN,Homo sapiens,,unknown,34,0,disordered
ELME000064,MOD_CK2_1,Casein kinase 2 (CK2) Phosphorylation site,MOD,Casein kinase 2 (CK2) phosphorylation site,PF00069,Pkinase,Protein kinase domain,...([ST])..E,ASVTSEE,432,438,IRS1_RAT,Rattus norvegicus,8349691,true positive,34,0,disordered
ELME000064,MOD_CK2_1,Casein kinase 2 (CK2) Phosphorylation site,MOD,Casein kinase 2 (CK2) phosphorylation site,PF00069,Pkinase,Protein kinase domain,...([ST])..E,ASVTSEE,432,438,KDM1A_HUMAN,Homo sapiens,25999347,true positive,34,0,disordered
ELME000064,MOD_CK2_1,Casein kinase 2 (CK2) Phosphorylation site,MOD,Casein kinase 2 (CK2) phosphorylation site,PF00069,Pkinase,Protein kinase domain,...([ST])..E,ASVTSEE,432,438,KS6B1_RAT,Rattus norvegicus,16895915,true positive,34,0,disordered
ELME000064,MOD_CK2_1,Casein kinase 2 (CK2) Phosphorylation site,MOD,Casein kinase 2 (CK2) phosphorylation site,PF00069,Pkinase,Protein kinase domain,...([ST])..E,ASVTSEE,432,438,MUSK_RAT,Rattus norvegicus,16818610,true positive,34,0,disordered
ELME000064,MOD_CK2_1,Casein kinase 2 (CK2) Phosphorylation site,MOD,Casein kinase 2 (CK2) phosphorylation site,PF00069,Pkinase,Protein kinase domain,...([ST])..E,ASVTSEE,432,438,NKX31_HUMAN,Homo sapiens,16581776,true positive,34,0,disordered
ELME000064,MOD_CK2_1,Casein kinase 2 (CK2) Phosphorylation site,MOD,Casein kinase 2 (CK2) phosphorylation site,PF00069,Pkinase,Protein kinase domain,...([ST])..E,ASVTSEE,432,438,NOL3_RAT,Rattus norvegicus,12191471,true positive,34,0,disordered
ELME000064,MOD_CK2_1,Casein kinase 2 (CK2) Phosphorylation site,MOD,Casein kinase 2 (CK2) phosphorylation site,PF00069,Pkinase,Protein kinase domain,...([ST])..E,ASVTSEE,432,438,OLIG2_HUMAN,Homo sapiens,28355568,true positive,34,0,disordered
ELME000064,MOD_CK2_1,Casein kinase 2 (CK2) Phosphorylation site,MOD,Casein kinase 2 (CK2) phosphorylation site,PF00069,Pkinase,Protein kinase domain,...([ST])..E,ASVTSEE,432,438,OTUB1_HUMAN,Homo sapiens,25872870,true positive,34,0,disordered
ELME000064,MOD_CK2_1,Casein kinase 2 (CK2) Phosphorylation site,MOD,Casein kinase 2 (CK2) phosphorylation site,PF00069,Pkinase,Protein kinase domain,...([ST])..E,ASVTSEE,432,438,PAWR_HUMAN,Homo sapiens,24457960,true positive,34,0,disordered
ELME000064,MOD_CK2_1,Casein kinase 2 (CK2) Phosphorylation site,MOD,Casein kinase 2 (CK2) phosphorylation site,PF00069,Pkinase,Protein kinase domain,...([ST])..E,ASVTSEE,432,438,PAWR_RAT,Rattus norvegicus,24457960,true positive,34,0,disordered
ELME000064,MOD_CK2_1,Casein kinase 2 (CK2) Phosphorylation site,MOD,Casein kinase 2 (CK2) phosphorylation site,PF00069,Pkinase,Protein kinase domain,...([ST])..E,ASVTSEE,432,438,PDX1_MOUSE,Mus musculus,28036027,true positive,34,0,disordered
ELME000064,MOD_CK2_1,Casein kinase 2 (CK2) Phosphorylation site,MOD,Casein kinase 2 (CK2) phosphorylation site,PF00069,Pkinase,Protein kinase domain,...([ST])..E,ASVTSEE,432,438,PTEN_HUMAN,Homo sapiens,12788938,true positive,34,0,disordered
ELME000064,MOD_CK2_1,Casein kinase 2 (CK2) Phosphorylation site,MOD,Casein kinase 2 (CK2) phosphorylation site,PF00069,Pkinase,Protein kinase domain,...([ST])..E,ASVTSEE,432,438,VPU_HV1BR,Human immunodeficiency virus type 1 (BRU ISOLATE),8139011,true positive,34,0,disordered
ELME000064,MOD_CK2_1,Casein kinase 2 (CK2) Phosphorylation site,MOD,Casein kinase 2 (CK2) phosphorylation site,PF00069,Pkinase,Protein kinase domain,...([ST])..E,ASVTSEE,432,438,XRCC1_HUMAN,Homo sapiens,19155274,true positive,34,0,disordered
ELME000064,MOD_CK2_1,Casein kinase 2 (CK2) Phosphorylation site,MOD,Casein kinase 2 (CK2) phosphorylation site,PF00069,Pkinase,Protein kinase domain,...([ST])..E,ASVTSEE,432,438,XRCC1_HUMAN,Homo sapiens,19155274 15066279,true positive,34,0,disordered
ELME000064,MOD_CK2_1,Casein kinase 2 (CK2) Phosphorylation site,MOD,Casein kinase 2 (CK2) phosphorylation site,PF00069,Pkinase,Protein kinase domain,...([ST])..E,RVITREE,499,505,AKT1_HUMAN,Homo sapiens,15818404,true positive,34,0,disordered
ELME000064,MOD_CK2_1,Casein kinase 2 (CK2) Phosphorylation site,MOD,Casein kinase 2 (CK2) phosphorylation site,PF00069,Pkinase,Protein kinase domain,...([ST])..E,RVITREE,499,505,AP2A_HUMAN,Homo sapiens,21777522,true positive,34,0,disordered
ELME000064,MOD_CK2_1,Casein kinase 2 (CK2) Phosphorylation site,MOD,Casein kinase 2 (CK2) phosphorylation site,PF00069,Pkinase,Protein kinase domain,...([ST])..E,RVITREE,499,505,BRMS1_HUMAN,Homo sapiens,26980766,true positive,34,0,disordered
ELME000064,MOD_CK2_1,Casein kinase 2 (CK2) Phosphorylation site,MOD,Casein kinase 2 (CK2) phosphorylation site,PF00069,Pkinase,Protein kinase domain,...([ST])..E,RVITREE,499,505,CASP9_MOUSE,Mus musculus,18467326,true positive,34,0,disordered
ELME000064,MOD_CK2_1,Casein kinase 2 (CK2) Phosphorylation site,MOD,Casein kinase 2 (CK2) phosphorylation site,PF00069,Pkinase,Protein kinase domain,...([ST])..E,RVITREE,499,505,COR1C_HUMAN,Homo sapiens,22355754,true positive,34,0,disordered
ELME000064,MOD_CK2_1,Casein kinase 2 (CK2) Phosphorylation site,MOD,Casein kinase 2 (CK2) phosphorylation site,PF00069,Pkinase,Protein kinase domain,...([ST])..E,RVITREE,499,505,DNJB2_HUMAN,Homo sapiens,28031292,true positive,34,0,disordered
ELME000064,MOD_CK2_1,Casein kinase 2 (CK2) Phosphorylation site,MOD,Casein kinase 2 (CK2) phosphorylation site,PF00069,Pkinase,Protein kinase domain,...([ST])..E,RVITREE,499,505,DOK7_MOUSE,Mus musculus,26198629,true positive,34,0,disordered
ELME000064,MOD_CK2_1,Casein kinase 2 (CK2) Phosphorylation site,MOD,Casein kinase 2 (CK2) phosphorylation site,PF00069,Pkinase,Protein kinase domain,...([ST])..E,RVITREE,499,505,EIF3J_HUMAN,Homo sapiens,25887626,true positive,34,0,disordered
ELME000064,MOD_CK2_1,Casein kinase 2 (CK2) Phosphorylation site,MOD,Casein kinase 2 (CK2) phosphorylation site,PF00069,Pkinase,Protein kinase domain,...([ST])..E,RVITREE,499,505,FADD_HUMAN,Homo sapiens,26253696,unknown,34,0,disordered
ELME000064,MOD_CK2_1,Casein kinase 2 (CK2) Phosphorylation site,MOD,Casein kinase 2 (CK2) phosphorylation site,PF00069,Pkinase,Protein kinase domain,...([ST])..E,RVITREE,499,505,FMR1_MOUSE,Mus musculus,27957526,true positive,34,0,disordered
ELME000064,MOD_CK2_1,Casein kinase 2 (CK2) Phosphorylation site,MOD,Casein kinase 2 (CK2) phosphorylation site,PF00069,Pkinase,Protein kinase domain,...([ST])..E,RVITREE,499,505,HS90B_HUMAN,Homo sapiens,25995454,true positive,34,0,disordered
ELME000064,MOD_CK2_1,Casein kinase 2 (CK2) Phosphorylation site,MOD,Casein kinase 2 (CK2) phosphorylation site,PF00069,Pkinase,Protein kinase domain,...([ST])..E,RVITREE,499,505,IRS1_HUMAN,Homo sapiens,,unknown,34,0,disordered
ELME000064,MOD_CK2_1,Casein kinase 2 (CK2) Phosphorylation site,MOD,Casein kinase 2 (CK2) phosphorylation site,PF00069,Pkinase,Protein kinase domain,...([ST])..E,RVITREE,499,505,IRS1_RAT,Rattus norvegicus,8349691,true positive,34,0,disordered
ELME000064,MOD_CK2_1,Casein kinase 2 (CK2) Phosphorylation site,MOD,Casein kinase 2 (CK2) phosphorylation site,PF00069,Pkinase,Protein kinase domain,...([ST])..E,RVITREE,499,505,KDM1A_HUMAN,Homo sapiens,25999347,true positive,34,0,disordered
ELME000064,MOD_CK2_1,Casein kinase 2 (CK2) Phosphorylation site,MOD,Casein kinase 2 (CK2) phosphorylation site,PF00069,Pkinase,Protein kinase domain,...([ST])..E,RVITREE,499,505,KS6B1_RAT,Rattus norvegicus,16895915,true positive,34,0,disordered
ELME000064,MOD_CK2_1,Casein kinase 2 (CK2) Phosphorylation site,MOD,Casein kinase 2 (CK2) phosphorylation site,PF00069,Pkinase,Protein kinase domain,...([ST])..E,RVITREE,499,505,MUSK_RAT,Rattus norvegicus,16818610,true positive,34,0,disordered
ELME000064,MOD_CK2_1,Casein kinase 2 (CK2) Phosphorylation site,MOD,Casein kinase 2 (CK2) phosphorylation site,PF00069,Pkinase,Protein kinase domain,...([ST])..E,RVITREE,499,505,NKX31_HUMAN,Homo sapiens,16581776,true positive,34,0,disordered
ELME000064,MOD_CK2_1,Casein kinase 2 (CK2) Phosphorylation site,MOD,Casein kinase 2 (CK2) phosphorylation site,PF00069,Pkinase,Protein kinase domain,...([ST])..E,RVITREE,499,505,NOL3_RAT,Rattus norvegicus,12191471,true positive,34,0,disordered
ELME000064,MOD_CK2_1,Casein kinase 2 (CK2) Phosphorylation site,MOD,Casein kinase 2 (CK2) phosphorylation site,PF00069,Pkinase,Protein kinase domain,...([ST])..E,RVITREE,499,505,OLIG2_HUMAN,Homo sapiens,28355568,true positive,34,0,disordered
ELME000064,MOD_CK2_1,Casein kinase 2 (CK2) Phosphorylation site,MOD,Casein kinase 2 (CK2) phosphorylation site,PF00069,Pkinase,Protein kinase domain,...([ST])..E,RVITREE,499,505,OTUB1_HUMAN,Homo sapiens,25872870,true positive,34,0,disordered
ELME000064,MOD_CK2_1,Casein kinase 2 (CK2) Phosphorylation site,MOD,Casein kinase 2 (CK2) phosphorylation site,PF00069,Pkinase,Protein kinase domain,...([ST])..E,RVITREE,499,505,PAWR_HUMAN,Homo sapiens,24457960,true positive,34,0,disordered
ELME000064,MOD_CK2_1,Casein kinase 2 (CK2) Phosphorylation site,MOD,Casein kinase 2 (CK2) phosphorylation site,PF00069,Pkinase,Protein kinase domain,...([ST])..E,RVITREE,499,505,PAWR_RAT,Rattus norvegicus,24457960,true positive,34,0,disordered
ELME000064,MOD_CK2_1,Casein kinase 2 (CK2) Phosphorylation site,MOD,Casein kinase 2 (CK2) phosphorylation site,PF00069,Pkinase,Protein kinase domain,...([ST])..E,RVITREE,499,505,PDX1_MOUSE,Mus musculus,28036027,true positive,34,0,disordered
ELME000064,MOD_CK2_1,Casein kinase 2 (CK2) Phosphorylation site,MOD,Casein kinase 2 (CK2) phosphorylation site,PF00069,Pkinase,Protein kinase domain,...([ST])..E,RVITREE,499,505,PTEN_HUMAN,Homo sapiens,12788938,true positive,34,0,disordered
ELME000064,MOD_CK2_1,Casein kinase 2 (CK2) Phosphorylation site,MOD,Casein kinase 2 (CK2) phosphorylation site,PF00069,Pkinase,Protein kinase domain,...([ST])..E,RVITREE,499,505,VPU_HV1BR,Human immunodeficiency virus type 1 (BRU ISOLATE),8139011,true positive,34,0,disordered
ELME000064,MOD_CK2_1,Casein kinase 2 (CK2) Phosphorylation site,MOD,Casein kinase 2 (CK2) phosphorylation site,PF00069,Pkinase,Protein kinase domain,...([ST])..E,RVITREE,499,505,XRCC1_HUMAN,Homo sapiens,19155274,true positive,34,0,disordered
ELME000064,MOD_CK2_1,Casein kinase 2 (CK2) Phosphorylation site,MOD,Casein kinase 2 (CK2) phosphorylation site,PF00069,Pkinase,Protein kinase domain,...([ST])..E,RVITREE,499,505,XRCC1_HUMAN,Homo sapiens,19155274 15066279,true positive,34,0,disordered
ELME000064,MOD_CK2_1,Casein kinase 2 (CK2) Phosphorylation site,MOD,Casein kinase 2 (CK2) phosphorylation site,PF00069,Pkinase,Protein kinase domain,...([ST])..E,RVITREE,533,539,AKT1_HUMAN,Homo sapiens,15818404,true positive,34,0,inbetween
ELME000064,MOD_CK2_1,Casein kinase 2 (CK2) Phosphorylation site,MOD,Casein kinase 2 (CK2) phosphorylation site,PF00069,Pkinase,Protein kinase domain,...([ST])..E,RVITREE,533,539,AP2A_HUMAN,Homo sapiens,21777522,true positive,34,0,inbetween
ELME000064,MOD_CK2_1,Casein kinase 2 (CK2) Phosphorylation site,MOD,Casein kinase 2 (CK2) phosphorylation site,PF00069,Pkinase,Protein kinase domain,...([ST])..E,RVITREE,533,539,BRMS1_HUMAN,Homo sapiens,26980766,true positive,34,0,inbetween
ELME000064,MOD_CK2_1,Casein kinase 2 (CK2) Phosphorylation site,MOD,Casein kinase 2 (CK2) phosphorylation site,PF00069,Pkinase,Protein kinase domain,...([ST])..E,RVITREE,533,539,CASP9_MOUSE,Mus musculus,18467326,true positive,34,0,inbetween
ELME000064,MOD_CK2_1,Casein kinase 2 (CK2) Phosphorylation site,MOD,Casein kinase 2 (CK2) phosphorylation site,PF00069,Pkinase,Protein kinase domain,...([ST])..E,RVITREE,533,539,COR1C_HUMAN,Homo sapiens,22355754,true positive,34,0,inbetween
ELME000064,MOD_CK2_1,Casein kinase 2 (CK2) Phosphorylation site,MOD,Casein kinase 2 (CK2) phosphorylation site,PF00069,Pkinase,Protein kinase domain,...([ST])..E,RVITREE,533,539,DNJB2_HUMAN,Homo sapiens,28031292,true positive,34,0,inbetween
ELME000064,MOD_CK2_1,Casein kinase 2 (CK2) Phosphorylation site,MOD,Casein kinase 2 (CK2) phosphorylation site,PF00069,Pkinase,Protein kinase domain,...([ST])..E,RVITREE,533,539,DOK7_MOUSE,Mus musculus,26198629,true positive,34,0,inbetween
ELME000064,MOD_CK2_1,Casein kinase 2 (CK2) Phosphorylation site,MOD,Casein kinase 2 (CK2) phosphorylation site,PF00069,Pkinase,Protein kinase domain,...([ST])..E,RVITREE,533,539,EIF3J_HUMAN,Homo sapiens,25887626,true positive,34,0,inbetween
ELME000064,MOD_CK2_1,Casein kinase 2 (CK2) Phosphorylation site,MOD,Casein kinase 2 (CK2) phosphorylation site,PF00069,Pkinase,Protein kinase domain,...([ST])..E,RVITREE,533,539,FADD_HUMAN,Homo sapiens,26253696,unknown,34,0,inbetween
ELME000064,MOD_CK2_1,Casein kinase 2 (CK2) Phosphorylation site,MOD,Casein kinase 2 (CK2) phosphorylation site,PF00069,Pkinase,Protein kinase domain,...([ST])..E,RVITREE,533,539,FMR1_MOUSE,Mus musculus,27957526,true positive,34,0,inbetween
ELME000064,MOD_CK2_1,Casein kinase 2 (CK2) Phosphorylation site,MOD,Casein kinase 2 (CK2) phosphorylation site,PF00069,Pkinase,Protein kinase domain,...([ST])..E,RVITREE,533,539,HS90B_HUMAN,Homo sapiens,25995454,true positive,34,0,inbetween
ELME000064,MOD_CK2_1,Casein kinase 2 (CK2) Phosphorylation site,MOD,Casein kinase 2 (CK2) phosphorylation site,PF00069,Pkinase,Protein kinase domain,...([ST])..E,RVITREE,533,539,IRS1_HUMAN,Homo sapiens,,unknown,34,0,inbetween
ELME000064,MOD_CK2_1,Casein kinase 2 (CK2) Phosphorylation site,MOD,Casein kinase 2 (CK2) phosphorylation site,PF00069,Pkinase,Protein kinase domain,...([ST])..E,RVITREE,533,539,IRS1_RAT,Rattus norvegicus,8349691,true positive,34,0,inbetween
ELME000064,MOD_CK2_1,Casein kinase 2 (CK2) Phosphorylation site,MOD,Casein kinase 2 (CK2) phosphorylation site,PF00069,Pkinase,Protein kinase domain,...([ST])..E,RVITREE,533,539,KDM1A_HUMAN,Homo sapiens,25999347,true positive,34,0,inbetween
ELME000064,MOD_CK2_1,Casein kinase 2 (CK2) Phosphorylation site,MOD,Casein kinase 2 (CK2) phosphorylation site,PF00069,Pkinase,Protein kinase domain,...([ST])..E,RVITREE,533,539,KS6B1_RAT,Rattus norvegicus,16895915,true positive,34,0,inbetween
ELME000064,MOD_CK2_1,Casein kinase 2 (CK2) Phosphorylation site,MOD,Casein kinase 2 (CK2) phosphorylation site,PF00069,Pkinase,Protein kinase domain,...([ST])..E,RVITREE,533,539,MUSK_RAT,Rattus norvegicus,16818610,true positive,34,0,inbetween
ELME000064,MOD_CK2_1,Casein kinase 2 (CK2) Phosphorylation site,MOD,Casein kinase 2 (CK2) phosphorylation site,PF00069,Pkinase,Protein kinase domain,...([ST])..E,RVITREE,533,539,NKX31_HUMAN,Homo sapiens,16581776,true positive,34,0,inbetween
ELME000064,MOD_CK2_1,Casein kinase 2 (CK2) Phosphorylation site,MOD,Casein kinase 2 (CK2) phosphorylation site,PF00069,Pkinase,Protein kinase domain,...([ST])..E,RVITREE,533,539,NOL3_RAT,Rattus norvegicus,12191471,true positive,34,0,inbetween
ELME000064,MOD_CK2_1,Casein kinase 2 (CK2) Phosphorylation site,MOD,Casein kinase 2 (CK2) phosphorylation site,PF00069,Pkinase,Protein kinase domain,...([ST])..E,RVITREE,533,539,OLIG2_HUMAN,Homo sapiens,28355568,true positive,34,0,inbetween
ELME000064,MOD_CK2_1,Casein kinase 2 (CK2) Phosphorylation site,MOD,Casein kinase 2 (CK2) phosphorylation site,PF00069,Pkinase,Protein kinase domain,...([ST])..E,RVITREE,533,539,OTUB1_HUMAN,Homo sapiens,25872870,true positive,34,0,inbetween
ELME000064,MOD_CK2_1,Casein kinase 2 (CK2) Phosphorylation site,MOD,Casein kinase 2 (CK2) phosphorylation site,PF00069,Pkinase,Protein kinase domain,...([ST])..E,RVITREE,533,539,PAWR_HUMAN,Homo sapiens,24457960,true positive,34,0,inbetween
ELME000064,MOD_CK2_1,Casein kinase 2 (CK2) Phosphorylation site,MOD,Casein kinase 2 (CK2) phosphorylation site,PF00069,Pkinase,Protein kinase domain,...([ST])..E,RVITREE,533,539,PAWR_RAT,Rattus norvegicus,24457960,true positive,34,0,inbetween
ELME000064,MOD_CK2_1,Casein kinase 2 (CK2) Phosphorylation site,MOD,Casein kinase 2 (CK2) phosphorylation site,PF00069,Pkinase,Protein kinase domain,...([ST])..E,RVITREE,533,539,PDX1_MOUSE,Mus musculus,28036027,true positive,34,0,inbetween
ELME000064,MOD_CK2_1,Casein kinase 2 (CK2) Phosphorylation site,MOD,Casein kinase 2 (CK2) phosphorylation site,PF00069,Pkinase,Protein kinase domain,...([ST])..E,RVITREE,533,539,PTEN_HUMAN,Homo sapiens,12788938,true positive,34,0,inbetween
ELME000064,MOD_CK2_1,Casein kinase 2 (CK2) Phosphorylation site,MOD,Casein kinase 2 (CK2) phosphorylation site,PF00069,Pkinase,Protein kinase domain,...([ST])..E,RVITREE,533,539,VPU_HV1BR,Human immunodeficiency virus type 1 (BRU ISOLATE),8139011,true positive,34,0,inbetween
ELME000064,MOD_CK2_1,Casein kinase 2 (CK2) Phosphorylation site,MOD,Casein kinase 2 (CK2) phosphorylation site,PF00069,Pkinase,Protein kinase domain,...([ST])..E,RVITREE,533,539,XRCC1_HUMAN,Homo sapiens,19155274,true positive,34,0,inbetween
ELME000064,MOD_CK2_1,Casein kinase 2 (CK2) Phosphorylation site,MOD,Casein kinase 2 (CK2) phosphorylation site,PF00069,Pkinase,Protein kinase domain,...([ST])..E,RVITREE,533,539,XRCC1_HUMAN,Homo sapiens,19155274 15066279,true positive,34,0,inbetween
ELME000093,MOD_Cter_Amidation,Peptide Amidation Site,,Peptide C-terminal amidation,PF01082,Cu2_monooxygen,"Copper type II ascorbate-dependent monooxygenase, N-terminal domain",(.)G[RK][RK],AGRK,190,193,,,,,0,0,ordered
ELME000085,MOD_GlcNHglycan,Glycosaminoglycan attachment site,MOD,Glycosaminoglycan attachment site,PF02485,Branch,Core-2/I-Branching enzyme,"[ED]{0,3}.(S)[GA].",FSGN,114,117,SDC1_MOUSE,Mus musculus,8163535,true positive,6,0,ordered
ELME000085,MOD_GlcNHglycan,Glycosaminoglycan attachment site,MOD,Glycosaminoglycan attachment site,PF01048,PNP_UDP_1,Phosphorylase superfamily,"[ED]{0,3}.(S)[GA].",FSGN,114,117,SDC1_MOUSE,Mus musculus,8163535,true positive,6,0,ordered
ELME000085,MOD_GlcNHglycan,Glycosaminoglycan attachment site,MOD,Glycosaminoglycan attachment site,PF02485,Branch,Core-2/I-Branching enzyme,"[ED]{0,3}.(S)[GA].",FSGN,114,117,SDC_CAEEL,Caenorhabditis elegans,17369258,true positive,6,0,ordered
ELME000085,MOD_GlcNHglycan,Glycosaminoglycan attachment site,MOD,Glycosaminoglycan attachment site,PF01048,PNP_UDP_1,Phosphorylase superfamily,"[ED]{0,3}.(S)[GA].",FSGN,114,117,SDC_CAEEL,Caenorhabditis elegans,17369258,true positive,6,0,ordered
ELME000085,MOD_GlcNHglycan,Glycosaminoglycan attachment site,MOD,Glycosaminoglycan attachment site,PF02485,Branch,Core-2/I-Branching enzyme,"[ED]{0,3}.(S)[GA].",RSAS,517,520,SDC1_MOUSE,Mus musculus,8163535,true positive,6,0,disordered
ELME000085,MOD_GlcNHglycan,Glycosaminoglycan attachment site,MOD,Glycosaminoglycan attachment site,PF01048,PNP_UDP_1,Phosphorylase superfamily,"[ED]{0,3}.(S)[GA].",RSAS,517,520,SDC1_MOUSE,Mus musculus,8163535,true positive,6,0,disordered
ELME000085,MOD_GlcNHglycan,Glycosaminoglycan attachment site,MOD,Glycosaminoglycan attachment site,PF02485,Branch,Core-2/I-Branching enzyme,"[ED]{0,3}.(S)[GA].",RSAS,517,520,SDC_CAEEL,Caenorhabditis elegans,17369258,true positive,6,0,disordered
ELME000085,MOD_GlcNHglycan,Glycosaminoglycan attachment site,MOD,Glycosaminoglycan attachment site,PF01048,PNP_UDP_1,Phosphorylase superfamily,"[ED]{0,3}.(S)[GA].",RSAS,517,520,SDC_CAEEL,Caenorhabditis elegans,17369258,true positive,6,0,disordered
ELME000053,MOD_GSK3_1,GSK3 phosphorylation site,MOD,GSK3 phosphorylation recognition site,PF00069,Pkinase,Protein kinase domain,...([ST])...[ST],LLSTGIFS,108,115,ATX3_HUMAN,Homo sapiens,17434145,true positive,22,0,ordered
ELME000053,MOD_GSK3_1,GSK3 phosphorylation site,MOD,GSK3 phosphorylation recognition site,PF00069,Pkinase,Protein kinase domain,...([ST])...[ST],LLSTGIFS,108,115,CCNE1_HUMAN,Homo sapiens,14536078,true positive,22,0,ordered
ELME000053,MOD_GSK3_1,GSK3 phosphorylation site,MOD,GSK3 phosphorylation recognition site,PF00069,Pkinase,Protein kinase domain,...([ST])...[ST],LLSTGIFS,108,115,CTNB1_HUMAN,Homo sapiens,11955436 19061640 10074433,true positive,22,0,ordered
ELME000053,MOD_GSK3_1,GSK3 phosphorylation site,MOD,GSK3 phosphorylation recognition site,PF00069,Pkinase,Protein kinase domain,...([ST])...[ST],LLSTGIFS,108,115,CTNB1_MOUSE,Mus musculus,12417018,true positive,22,0,ordered
ELME000053,MOD_GSK3_1,GSK3 phosphorylation site,MOD,GSK3 phosphorylation recognition site,PF00069,Pkinase,Protein kinase domain,...([ST])...[ST],LLSTGIFS,108,115,ESR2_HUMAN,Homo sapiens,22586270,true positive,22,0,ordered
ELME000053,MOD_GSK3_1,GSK3 phosphorylation site,MOD,GSK3 phosphorylation recognition site,PF00069,Pkinase,Protein kinase domain,...([ST])...[ST],LLSTGIFS,108,115,FGD1_HUMAN,Homo sapiens,15743413,true positive,22,0,ordered
ELME000053,MOD_GSK3_1,GSK3 phosphorylation site,MOD,GSK3 phosphorylation recognition site,PF00069,Pkinase,Protein kinase domain,...([ST])...[ST],LLSTGIFS,108,115,FGD3_HUMAN,Homo sapiens,18363964,true positive,22,0,ordered
ELME000053,MOD_GSK3_1,GSK3 phosphorylation site,MOD,GSK3 phosphorylation recognition site,PF00069,Pkinase,Protein kinase domain,...([ST])...[ST],LLSTGIFS,108,115,HSF1_HUMAN,Homo sapiens,8940068,true positive,22,0,ordered
ELME000053,MOD_GSK3_1,GSK3 phosphorylation site,MOD,GSK3 phosphorylation recognition site,PF00069,Pkinase,Protein kinase domain,...([ST])...[ST],LLSTGIFS,108,115,JUN_HUMAN,Homo sapiens,1846781,true positive,22,0,ordered
ELME000053,MOD_GSK3_1,GSK3 phosphorylation site,MOD,GSK3 phosphorylation recognition site,PF00069,Pkinase,Protein kinase domain,...([ST])...[ST],LLSTGIFS,108,115,MK67I_HUMAN,Homo sapiens,16244663,true positive,22,0,ordered
ELME000053,MOD_GSK3_1,GSK3 phosphorylation site,MOD,GSK3 phosphorylation recognition site,PF00069,Pkinase,Protein kinase domain,...([ST])...[ST],LLSTGIFS,108,115,MYC_HUMAN,Homo sapiens,14563837,true positive,22,0,ordered
ELME000053,MOD_GSK3_1,GSK3 phosphorylation site,MOD,GSK3 phosphorylation recognition site,PF00069,Pkinase,Protein kinase domain,...([ST])...[ST],LLSTGIFS,108,115,NFAC1_HUMAN,Homo sapiens,12351631,true positive,22,0,ordered
ELME000053,MOD_GSK3_1,GSK3 phosphorylation site,MOD,GSK3 phosphorylation recognition site,PF00069,Pkinase,Protein kinase domain,...([ST])...[ST],LLSTGIFS,108,115,P53_HUMAN,Homo sapiens,11483158,true positive,22,0,ordered
ELME000053,MOD_GSK3_1,GSK3 phosphorylation site,MOD,GSK3 phosphorylation recognition site,PF00069,Pkinase,Protein kinase domain,...([ST])...[ST],LLSTGIFS,108,115,SMAD1_HUMAN,Homo sapiens,17289590,true positive,22,0,ordered
ELME000053,MOD_GSK3_1,GSK3 phosphorylation site,MOD,GSK3 phosphorylation recognition site,PF00069,Pkinase,Protein kinase domain,...([ST])...[ST],LLSTGIFS,108,115,SMAD1_HUMAN,Homo sapiens,18045539,true positive,22,0,ordered
ELME000053,MOD_GSK3_1,GSK3 phosphorylation site,MOD,GSK3 phosphorylation recognition site,PF00069,Pkinase,Protein kinase domain,...([ST])...[ST],LLSTGIFS,108,115,SMAD3_HUMAN,Homo sapiens,19218245,true positive,22,0,ordered
ELME000053,MOD_GSK3_1,GSK3 phosphorylation site,MOD,GSK3 phosphorylation recognition site,PF00069,Pkinase,Protein kinase domain,...([ST])...[ST],LLSTGIFS,108,115,SNAI1_HUMAN,Homo sapiens,15448698,true positive,22,0,ordered
ELME000053,MOD_GSK3_1,GSK3 phosphorylation site,MOD,GSK3 phosphorylation recognition site,PF00069,Pkinase,Protein kinase domain,...([ST])...[ST],HLLTALDT,127,134,ATX3_HUMAN,Homo sapiens,17434145,true positive,22,0,ordered
ELME000053,MOD_GSK3_1,GSK3 phosphorylation site,MOD,GSK3 phosphorylation recognition site,PF00069,Pkinase,Protein kinase domain,...([ST])...[ST],HLLTALDT,127,134,CCNE1_HUMAN,Homo sapiens,14536078,true positive,22,0,ordered
ELME000053,MOD_GSK3_1,GSK3 phosphorylation site,MOD,GSK3 phosphorylation recognition site,PF00069,Pkinase,Protein kinase domain,...([ST])...[ST],HLLTALDT,127,134,CTNB1_HUMAN,Homo sapiens,11955436 19061640 10074433,true positive,22,0,ordered
ELME000053,MOD_GSK3_1,GSK3 phosphorylation site,MOD,GSK3 phosphorylation recognition site,PF00069,Pkinase,Protein kinase domain,...([ST])...[ST],HLLTALDT,127,134,CTNB1_MOUSE,Mus musculus,12417018,true positive,22,0,ordered
ELME000053,MOD_GSK3_1,GSK3 phosphorylation site,MOD,GSK3 phosphorylation recognition site,PF00069,Pkinase,Protein kinase domain,...([ST])...[ST],HLLTALDT,127,134,ESR2_HUMAN,Homo sapiens,22586270,true positive,22,0,ordered
ELME000053,MOD_GSK3_1,GSK3 phosphorylation site,MOD,GSK3 phosphorylation recognition site,PF00069,Pkinase,Protein kinase domain,...([ST])...[ST],HLLTALDT,127,134,FGD1_HUMAN,Homo sapiens,15743413,true positive,22,0,ordered
ELME000053,MOD_GSK3_1,GSK3 phosphorylation site,MOD,GSK3 phosphorylation recognition site,PF00069,Pkinase,Protein kinase domain,...([ST])...[ST],HLLTALDT,127,134,FGD3_HUMAN,Homo sapiens,18363964,true positive,22,0,ordered
ELME000053,MOD_GSK3_1,GSK3 phosphorylation site,MOD,GSK3 phosphorylation recognition site,PF00069,Pkinase,Protein kinase domain,...([ST])...[ST],HLLTALDT,127,134,HSF1_HUMAN,Homo sapiens,8940068,true positive,22,0,ordered
ELME000053,MOD_GSK3_1,GSK3 phosphorylation site,MOD,GSK3 phosphorylation recognition site,PF00069,Pkinase,Protein kinase domain,...([ST])...[ST],HLLTALDT,127,134,JUN_HUMAN,Homo sapiens,1846781,true positive,22,0,ordered
ELME000053,MOD_GSK3_1,GSK3 phosphorylation site,MOD,GSK3 phosphorylation recognition site,PF00069,Pkinase,Protein kinase domain,...([ST])...[ST],HLLTALDT,127,134,MK67I_HUMAN,Homo sapiens,16244663,true positive,22,0,ordered
ELME000053,MOD_GSK3_1,GSK3 phosphorylation site,MOD,GSK3 phosphorylation recognition site,PF00069,Pkinase,Protein kinase domain,...([ST])...[ST],HLLTALDT,127,134,MYC_HUMAN,Homo sapiens,14563837,true positive,22,0,ordered
ELME000053,MOD_GSK3_1,GSK3 phosphorylation site,MOD,GSK3 phosphorylation recognition site,PF00069,Pkinase,Protein kinase domain,...([ST])...[ST],HLLTALDT,127,134,NFAC1_HUMAN,Homo sapiens,12351631,true positive,22,0,ordered
ELME000053,MOD_GSK3_1,GSK3 phosphorylation site,MOD,GSK3 phosphorylation recognition site,PF00069,Pkinase,Protein kinase domain,...([ST])...[ST],HLLTALDT,127,134,P53_HUMAN,Homo sapiens,11483158,true positive,22,0,ordered
ELME000053,MOD_GSK3_1,GSK3 phosphorylation site,MOD,GSK3 phosphorylation recognition site,PF00069,Pkinase,Protein kinase domain,...([ST])...[ST],HLLTALDT,127,134,SMAD1_HUMAN,Homo sapiens,17289590,true positive,22,0,ordered
ELME000053,MOD_GSK3_1,GSK3 phosphorylation site,MOD,GSK3 phosphorylation recognition site,PF00069,Pkinase,Protein kinase domain,...([ST])...[ST],HLLTALDT,127,134,SMAD1_HUMAN,Homo sapiens,18045539,true positive,22,0,ordered
ELME000053,MOD_GSK3_1,GSK3 phosphorylation site,MOD,GSK3 phosphorylation recognition site,PF00069,Pkinase,Protein kinase domain,...([ST])...[ST],HLLTALDT,127,134,SMAD3_HUMAN,Homo sapiens,19218245,true positive,22,0,ordered
ELME000053,MOD_GSK3_1,GSK3 phosphorylation site,MOD,GSK3 phosphorylation recognition site,PF00069,Pkinase,Protein kinase domain,...([ST])...[ST],HLLTALDT,127,134,SNAI1_HUMAN,Homo sapiens,15448698,true positive,22,0,ordered
ELME000053,MOD_GSK3_1,GSK3 phosphorylation site,MOD,GSK3 phosphorylation recognition site,PF00069,Pkinase,Protein kinase domain,...([ST])...[ST],ICISDDSS,165,172,ATX3_HUMAN,Homo sapiens,17434145,true positive,22,0,ordered
ELME000053,MOD_GSK3_1,GSK3 phosphorylation site,MOD,GSK3 phosphorylation recognition site,PF00069,Pkinase,Protein kinase domain,...([ST])...[ST],ICISDDSS,165,172,CCNE1_HUMAN,Homo sapiens,14536078,true positive,22,0,ordered
ELME000053,MOD_GSK3_1,GSK3 phosphorylation site,MOD,GSK3 phosphorylation recognition site,PF00069,Pkinase,Protein kinase domain,...([ST])...[ST],ICISDDSS,165,172,CTNB1_HUMAN,Homo sapiens,11955436 19061640 10074433,true positive,22,0,ordered
ELME000053,MOD_GSK3_1,GSK3 phosphorylation site,MOD,GSK3 phosphorylation recognition site,PF00069,Pkinase,Protein kinase domain,...([ST])...[ST],ICISDDSS,165,172,CTNB1_MOUSE,Mus musculus,12417018,true positive,22,0,ordered
ELME000053,MOD_GSK3_1,GSK3 phosphorylation site,MOD,GSK3 phosphorylation recognition site,PF00069,Pkinase,Protein kinase domain,...([ST])...[ST],ICISDDSS,165,172,ESR2_HUMAN,Homo sapiens,22586270,true positive,22,0,ordered
ELME000053,MOD_GSK3_1,GSK3 phosphorylation site,MOD,GSK3 phosphorylation recognition site,PF00069,Pkinase,Protein kinase domain,...([ST])...[ST],ICISDDSS,165,172,FGD1_HUMAN,Homo sapiens,15743413,true positive,22,0,ordered
ELME000053,MOD_GSK3_1,GSK3 phosphorylation site,MOD,GSK3 phosphorylation recognition site,PF00069,Pkinase,Protein kinase domain,...([ST])...[ST],ICISDDSS,165,172,FGD3_HUMAN,Homo sapiens,18363964,true positive,22,0,ordered
ELME000053,MOD_GSK3_1,GSK3 phosphorylation site,MOD,GSK3 phosphorylation recognition site,PF00069,Pkinase,Protein kinase domain,...([ST])...[ST],ICISDDSS,165,172,HSF1_HUMAN,Homo sapiens,8940068,true positive,22,0,ordered
ELME000053,MOD_GSK3_1,GSK3 phosphorylation site,MOD,GSK3 phosphorylation recognition site,PF00069,Pkinase,Protein kinase domain,...([ST])...[ST],ICISDDSS,165,172,JUN_HUMAN,Homo sapiens,1846781,true positive,22,0,ordered
ELME000053,MOD_GSK3_1,GSK3 phosphorylation site,MOD,GSK3 phosphorylation recognition site,PF00069,Pkinase,Protein kinase domain,...([ST])...[ST],ICISDDSS,165,172,MK67I_HUMAN,Homo sapiens,16244663,true positive,22,0,ordered
ELME000053,MOD_GSK3_1,GSK3 phosphorylation site,MOD,GSK3 phosphorylation recognition site,PF00069,Pkinase,Protein kinase domain,...([ST])...[ST],ICISDDSS,165,172,MYC_HUMAN,Homo sapiens,14563837,true positive,22,0,ordered
ELME000053,MOD_GSK3_1,GSK3 phosphorylation site,MOD,GSK3 phosphorylation recognition site,PF00069,Pkinase,Protein kinase domain,...([ST])...[ST],ICISDDSS,165,172,NFAC1_HUMAN,Homo sapiens,12351631,true positive,22,0,ordered
ELME000053,MOD_GSK3_1,GSK3 phosphorylation site,MOD,GSK3 phosphorylation recognition site,PF00069,Pkinase,Protein kinase domain,...([ST])...[ST],ICISDDSS,165,172,P53_HUMAN,Homo sapiens,11483158,true positive,22,0,ordered
ELME000053,MOD_GSK3_1,GSK3 phosphorylation site,MOD,GSK3 phosphorylation recognition site,PF00069,Pkinase,Protein kinase domain,...([ST])...[ST],ICISDDSS,165,172,SMAD1_HUMAN,Homo sapiens,17289590,true positive,22,0,ordered
ELME000053,MOD_GSK3_1,GSK3 phosphorylation site,MOD,GSK3 phosphorylation recognition site,PF00069,Pkinase,Protein kinase domain,...([ST])...[ST],ICISDDSS,165,172,SMAD1_HUMAN,Homo sapiens,18045539,true positive,22,0,ordered
ELME000053,MOD_GSK3_1,GSK3 phosphorylation site,MOD,GSK3 phosphorylation recognition site,PF00069,Pkinase,Protein kinase domain,...([ST])...[ST],ICISDDSS,165,172,SMAD3_HUMAN,Homo sapiens,19218245,true positive,22,0,ordered
ELME000053,MOD_GSK3_1,GSK3 phosphorylation site,MOD,GSK3 phosphorylation recognition site,PF00069,Pkinase,Protein kinase domain,...([ST])...[ST],ICISDDSS,165,172,SNAI1_HUMAN,Homo sapiens,15448698,true positive,22,0,ordered
ELME000053,MOD_GSK3_1,GSK3 phosphorylation site,MOD,GSK3 phosphorylation recognition site,PF00069,Pkinase,Protein kinase domain,...([ST])...[ST],YSTSDGKT,195,202,ATX3_HUMAN,Homo sapiens,17434145,true positive,22,0,ordered
ELME000053,MOD_GSK3_1,GSK3 phosphorylation site,MOD,GSK3 phosphorylation recognition site,PF00069,Pkinase,Protein kinase domain,...([ST])...[ST],YSTSDGKT,195,202,CCNE1_HUMAN,Homo sapiens,14536078,true positive,22,0,ordered
ELME000053,MOD_GSK3_1,GSK3 phosphorylation site,MOD,GSK3 phosphorylation recognition site,PF00069,Pkinase,Protein kinase domain,...([ST])...[ST],YSTSDGKT,195,202,CTNB1_HUMAN,Homo sapiens,11955436 19061640 10074433,true positive,22,0,ordered
ELME000053,MOD_GSK3_1,GSK3 phosphorylation site,MOD,GSK3 phosphorylation recognition site,PF00069,Pkinase,Protein kinase domain,...([ST])...[ST],YSTSDGKT,195,202,CTNB1_MOUSE,Mus musculus,12417018,true positive,22,0,ordered
ELME000053,MOD_GSK3_1,GSK3 phosphorylation site,MOD,GSK3 phosphorylation recognition site,PF00069,Pkinase,Protein kinase domain,...([ST])...[ST],YSTSDGKT,195,202,ESR2_HUMAN,Homo sapiens,22586270,true positive,22,0,ordered
ELME000053,MOD_GSK3_1,GSK3 phosphorylation site,MOD,GSK3 phosphorylation recognition site,PF00069,Pkinase,Protein kinase domain,...([ST])...[ST],YSTSDGKT,195,202,FGD1_HUMAN,Homo sapiens,15743413,true positive,22,0,ordered
ELME000053,MOD_GSK3_1,GSK3 phosphorylation site,MOD,GSK3 phosphorylation recognition site,PF00069,Pkinase,Protein kinase domain,...([ST])...[ST],YSTSDGKT,195,202,FGD3_HUMAN,Homo sapiens,18363964,true positive,22,0,ordered
ELME000053,MOD_GSK3_1,GSK3 phosphorylation site,MOD,GSK3 phosphorylation recognition site,PF00069,Pkinase,Protein kinase domain,...([ST])...[ST],YSTSDGKT,195,202,HSF1_HUMAN,Homo sapiens,8940068,true positive,22,0,ordered
ELME000053,MOD_GSK3_1,GSK3 phosphorylation site,MOD,GSK3 phosphorylation recognition site,PF00069,Pkinase,Protein kinase domain,...([ST])...[ST],YSTSDGKT,195,202,JUN_HUMAN,Homo sapiens,1846781,true positive,22,0,ordered
ELME000053,MOD_GSK3_1,GSK3 phosphorylation site,MOD,GSK3 phosphorylation recognition site,PF00069,Pkinase,Protein kinase domain,...([ST])...[ST],YSTSDGKT,195,202,MK67I_HUMAN,Homo sapiens,16244663,true positive,22,0,ordered
ELME000053,MOD_GSK3_1,GSK3 phosphorylation site,MOD,GSK3 phosphorylation recognition site,PF00069,Pkinase,Protein kinase domain,...([ST])...[ST],YSTSDGKT,195,202,MYC_HUMAN,Homo sapiens,14563837,true positive,22,0,ordered
ELME000053,MOD_GSK3_1,GSK3 phosphorylation site,MOD,GSK3 phosphorylation recognition site,PF00069,Pkinase,Protein kinase domain,...([ST])...[ST],YSTSDGKT,195,202,NFAC1_HUMAN,Homo sapiens,12351631,true positive,22,0,ordered
ELME000053,MOD_GSK3_1,GSK3 phosphorylation site,MOD,GSK3 phosphorylation recognition site,PF00069,Pkinase,Protein kinase domain,...([ST])...[ST],YSTSDGKT,195,202,P53_HUMAN,Homo sapiens,11483158,true positive,22,0,ordered
ELME000053,MOD_GSK3_1,GSK3 phosphorylation site,MOD,GSK3 phosphorylation recognition site,PF00069,Pkinase,Protein kinase domain,...([ST])...[ST],YSTSDGKT,195,202,SMAD1_HUMAN,Homo sapiens,17289590,true positive,22,0,ordered
ELME000053,MOD_GSK3_1,GSK3 phosphorylation site,MOD,GSK3 phosphorylation recognition site,PF00069,Pkinase,Protein kinase domain,...([ST])...[ST],YSTSDGKT,195,202,SMAD1_HUMAN,Homo sapiens,18045539,true positive,22,0,ordered
ELME000053,MOD_GSK3_1,GSK3 phosphorylation site,MOD,GSK3 phosphorylation recognition site,PF00069,Pkinase,Protein kinase domain,...([ST])...[ST],YSTSDGKT,195,202,SMAD3_HUMAN,Homo sapiens,19218245,true positive,22,0,ordered
ELME000053,MOD_GSK3_1,GSK3 phosphorylation site,MOD,GSK3 phosphorylation recognition site,PF00069,Pkinase,Protein kinase domain,...([ST])...[ST],YSTSDGKT,195,202,SNAI1_HUMAN,Homo sapiens,15448698,true positive,22,0,ordered
ELME000053,MOD_GSK3_1,GSK3 phosphorylation site,MOD,GSK3 phosphorylation recognition site,PF00069,Pkinase,Protein kinase domain,...([ST])...[ST],ESMSSIRS,242,249,ATX3_HUMAN,Homo sapiens,17434145,true positive,22,0,ordered
ELME000053,MOD_GSK3_1,GSK3 phosphorylation site,MOD,GSK3 phosphorylation recognition site,PF00069,Pkinase,Protein kinase domain,...([ST])...[ST],ESMSSIRS,242,249,CCNE1_HUMAN,Homo sapiens,14536078,true positive,22,0,ordered
ELME000053,MOD_GSK3_1,GSK3 phosphorylation site,MOD,GSK3 phosphorylation recognition site,PF00069,Pkinase,Protein kinase domain,...([ST])...[ST],ESMSSIRS,242,249,CTNB1_HUMAN,Homo sapiens,11955436 19061640 10074433,true positive,22,0,ordered
ELME000053,MOD_GSK3_1,GSK3 phosphorylation site,MOD,GSK3 phosphorylation recognition site,PF00069,Pkinase,Protein kinase domain,...([ST])...[ST],ESMSSIRS,242,249,CTNB1_MOUSE,Mus musculus,12417018,true positive,22,0,ordered
ELME000053,MOD_GSK3_1,GSK3 phosphorylation site,MOD,GSK3 phosphorylation recognition site,PF00069,Pkinase,Protein kinase domain,...([ST])...[ST],ESMSSIRS,242,249,ESR2_HUMAN,Homo sapiens,22586270,true positive,22,0,ordered
ELME000053,MOD_GSK3_1,GSK3 phosphorylation site,MOD,GSK3 phosphorylation recognition site,PF00069,Pkinase,Protein kinase domain,...([ST])...[ST],ESMSSIRS,242,249,FGD1_HUMAN,Homo sapiens,15743413,true positive,22,0,ordered
ELME000053,MOD_GSK3_1,GSK3 phosphorylation site,MOD,GSK3 phosphorylation recognition site,PF00069,Pkinase,Protein kinase domain,...([ST])...[ST],ESMSSIRS,242,249,FGD3_HUMAN,Homo sapiens,18363964,true positive,22,0,ordered
ELME000053,MOD_GSK3_1,GSK3 phosphorylation site,MOD,GSK3 phosphorylation recognition site,PF00069,Pkinase,Protein kinase domain,...([ST])...[ST],ESMSSIRS,242,249,HSF1_HUMAN,Homo sapiens,8940068,true positive,22,0,ordered
ELME000053,MOD_GSK3_1,GSK3 phosphorylation site,MOD,GSK3 phosphorylation recognition site,PF00069,Pkinase,Protein kinase domain,...([ST])...[ST],ESMSSIRS,242,249,JUN_HUMAN,Homo sapiens,1846781,true positive,22,0,ordered
ELME000053,MOD_GSK3_1,GSK3 phosphorylation site,MOD,GSK3 phosphorylation recognition site,PF00069,Pkinase,Protein kinase domain,...([ST])...[ST],ESMSSIRS,242,249,MK67I_HUMAN,Homo sapiens,16244663,true positive,22,0,ordered
ELME000053,MOD_GSK3_1,GSK3 phosphorylation site,MOD,GSK3 phosphorylation recognition site,PF00069,Pkinase,Protein kinase domain,...([ST])...[ST],ESMSSIRS,242,249,MYC_HUMAN,Homo sapiens,14563837,true positive,22,0,ordered
ELME000053,MOD_GSK3_1,GSK3 phosphorylation site,MOD,GSK3 phosphorylation recognition site,PF00069,Pkinase,Protein kinase domain,...([ST])...[ST],ESMSSIRS,242,249,NFAC1_HUMAN,Homo sapiens,12351631,true positive,22,0,ordered
ELME000053,MOD_GSK3_1,GSK3 phosphorylation site,MOD,GSK3 phosphorylation recognition site,PF00069,Pkinase,Protein kinase domain,...([ST])...[ST],ESMSSIRS,242,249,P53_HUMAN,Homo sapiens,11483158,true positive,22,0,ordered
ELME000053,MOD_GSK3_1,GSK3 phosphorylation site,MOD,GSK3 phosphorylation recognition site,PF00069,Pkinase,Protein kinase domain,...([ST])...[ST],ESMSSIRS,242,249,SMAD1_HUMAN,Homo sapiens,17289590,true positive,22,0,ordered
ELME000053,MOD_GSK3_1,GSK3 phosphorylation site,MOD,GSK3 phosphorylation recognition site,PF00069,Pkinase,Protein kinase domain,...([ST])...[ST],ESMSSIRS,242,249,SMAD1_HUMAN,Homo sapiens,18045539,true positive,22,0,ordered
ELME000053,MOD_GSK3_1,GSK3 phosphorylation site,MOD,GSK3 phosphorylation recognition site,PF00069,Pkinase,Protein kinase domain,...([ST])...[ST],ESMSSIRS,242,249,SMAD3_HUMAN,Homo sapiens,19218245,true positive,22,0,ordered
ELME000053,MOD_GSK3_1,GSK3 phosphorylation site,MOD,GSK3 phosphorylation recognition site,PF00069,Pkinase,Protein kinase domain,...([ST])...[ST],ESMSSIRS,242,249,SNAI1_HUMAN,Homo sapiens,15448698,true positive,22,0,ordered
ELME000053,MOD_GSK3_1,GSK3 phosphorylation site,MOD,GSK3 phosphorylation recognition site,PF00069,Pkinase,Protein kinase domain,...([ST])...[ST],VEESEAST,253,260,ATX3_HUMAN,Homo sapiens,17434145,true positive,22,0,inbetween
ELME000053,MOD_GSK3_1,GSK3 phosphorylation site,MOD,GSK3 phosphorylation recognition site,PF00069,Pkinase,Protein kinase domain,...([ST])...[ST],VEESEAST,253,260,CCNE1_HUMAN,Homo sapiens,14536078,true positive,22,0,inbetween
ELME000053,MOD_GSK3_1,GSK3 phosphorylation site,MOD,GSK3 phosphorylation recognition site,PF00069,Pkinase,Protein kinase domain,...([ST])...[ST],VEESEAST,253,260,CTNB1_HUMAN,Homo sapiens,11955436 19061640 10074433,true positive,22,0,inbetween
ELME000053,MOD_GSK3_1,GSK3 phosphorylation site,MOD,GSK3 phosphorylation recognition site,PF00069,Pkinase,Protein kinase domain,...([ST])...[ST],VEESEAST,253,260,CTNB1_MOUSE,Mus musculus,12417018,true positive,22,0,inbetween
ELME000053,MOD_GSK3_1,GSK3 phosphorylation site,MOD,GSK3 phosphorylation recognition site,PF00069,Pkinase,Protein kinase domain,...([ST])...[ST],VEESEAST,253,260,ESR2_HUMAN,Homo sapiens,22586270,true positive,22,0,inbetween
ELME000053,MOD_GSK3_1,GSK3 phosphorylation site,MOD,GSK3 phosphorylation recognition site,PF00069,Pkinase,Protein kinase domain,...([ST])...[ST],VEESEAST,253,260,FGD1_HUMAN,Homo sapiens,15743413,true positive,22,0,inbetween
ELME000053,MOD_GSK3_1,GSK3 phosphorylation site,MOD,GSK3 phosphorylation recognition site,PF00069,Pkinase,Protein kinase domain,...([ST])...[ST],VEESEAST,253,260,FGD3_HUMAN,Homo sapiens,18363964,true positive,22,0,inbetween
ELME000053,MOD_GSK3_1,GSK3 phosphorylation site,MOD,GSK3 phosphorylation recognition site,PF00069,Pkinase,Protein kinase domain,...([ST])...[ST],VEESEAST,253,260,HSF1_HUMAN,Homo sapiens,8940068,true positive,22,0,inbetween
ELME000053,MOD_GSK3_1,GSK3 phosphorylation site,MOD,GSK3 phosphorylation recognition site,PF00069,Pkinase,Protein kinase domain,...([ST])...[ST],VEESEAST,253,260,JUN_HUMAN,Homo sapiens,1846781,true positive,22,0,inbetween
ELME000053,MOD_GSK3_1,GSK3 phosphorylation site,MOD,GSK3 phosphorylation recognition site,PF00069,Pkinase,Protein kinase domain,...([ST])...[ST],VEESEAST,253,260,MK67I_HUMAN,Homo sapiens,16244663,true positive,22,0,inbetween
ELME000053,MOD_GSK3_1,GSK3 phosphorylation site,MOD,GSK3 phosphorylation recognition site,PF00069,Pkinase,Protein kinase domain,...([ST])...[ST],VEESEAST,253,260,MYC_HUMAN,Homo sapiens,14563837,true positive,22,0,inbetween
ELME000053,MOD_GSK3_1,GSK3 phosphorylation site,MOD,GSK3 phosphorylation recognition site,PF00069,Pkinase,Protein kinase domain,...([ST])...[ST],VEESEAST,253,260,NFAC1_HUMAN,Homo sapiens,12351631,true positive,22,0,inbetween
ELME000053,MOD_GSK3_1,GSK3 phosphorylation site,MOD,GSK3 phosphorylation recognition site,PF00069,Pkinase,Protein kinase domain,...([ST])...[ST],VEESEAST,253,260,P53_HUMAN,Homo sapiens,11483158,true positive,22,0,inbetween
ELME000053,MOD_GSK3_1,GSK3 phosphorylation site,MOD,GSK3 phosphorylation recognition site,PF00069,Pkinase,Protein kinase domain,...([ST])...[ST],VEESEAST,253,260,SMAD1_HUMAN,Homo sapiens,17289590,true positive,22,0,inbetween
ELME000053,MOD_GSK3_1,GSK3 phosphorylation site,MOD,GSK3 phosphorylation recognition site,PF00069,Pkinase,Protein kinase domain,...([ST])...[ST],VEESEAST,253,260,SMAD1_HUMAN,Homo sapiens,18045539,true positive,22,0,inbetween
ELME000053,MOD_GSK3_1,GSK3 phosphorylation site,MOD,GSK3 phosphorylation recognition site,PF00069,Pkinase,Protein kinase domain,...([ST])...[ST],VEESEAST,253,260,SMAD3_HUMAN,Homo sapiens,19218245,true positive,22,0,inbetween
ELME000053,MOD_GSK3_1,GSK3 phosphorylation site,MOD,GSK3 phosphorylation recognition site,PF00069,Pkinase,Protein kinase domain,...([ST])...[ST],VEESEAST,253,260,SNAI1_HUMAN,Homo sapiens,15448698,true positive,22,0,inbetween
ELME000053,MOD_GSK3_1,GSK3 phosphorylation site,MOD,GSK3 phosphorylation recognition site,PF00069,Pkinase,Protein kinase domain,...([ST])...[ST],SEASTPPS,256,263,ATX3_HUMAN,Homo sapiens,17434145,true positive,22,0,inbetween
ELME000053,MOD_GSK3_1,GSK3 phosphorylation site,MOD,GSK3 phosphorylation recognition site,PF00069,Pkinase,Protein kinase domain,...([ST])...[ST],SEASTPPS,256,263,CCNE1_HUMAN,Homo sapiens,14536078,true positive,22,0,inbetween
ELME000053,MOD_GSK3_1,GSK3 phosphorylation site,MOD,GSK3 phosphorylation recognition site,PF00069,Pkinase,Protein kinase domain,...([ST])...[ST],SEASTPPS,256,263,CTNB1_HUMAN,Homo sapiens,11955436 19061640 10074433,true positive,22,0,inbetween
ELME000053,MOD_GSK3_1,GSK3 phosphorylation site,MOD,GSK3 phosphorylation recognition site,PF00069,Pkinase,Protein kinase domain,...([ST])...[ST],SEASTPPS,256,263,CTNB1_MOUSE,Mus musculus,12417018,true positive,22,0,inbetween
ELME000053,MOD_GSK3_1,GSK3 phosphorylation site,MOD,GSK3 phosphorylation recognition site,PF00069,Pkinase,Protein kinase domain,...([ST])...[ST],SEASTPPS,256,263,ESR2_HUMAN,Homo sapiens,22586270,true positive,22,0,inbetween
ELME000053,MOD_GSK3_1,GSK3 phosphorylation site,MOD,GSK3 phosphorylation recognition site,PF00069,Pkinase,Protein kinase domain,...([ST])...[ST],SEASTPPS,256,263,FGD1_HUMAN,Homo sapiens,15743413,true positive,22,0,inbetween
ELME000053,MOD_GSK3_1,GSK3 phosphorylation site,MOD,GSK3 phosphorylation recognition site,PF00069,Pkinase,Protein kinase domain,...([ST])...[ST],SEASTPPS,256,263,FGD3_HUMAN,Homo sapiens,18363964,true positive,22,0,inbetween
ELME000053,MOD_GSK3_1,GSK3 phosphorylation site,MOD,GSK3 phosphorylation recognition site,PF00069,Pkinase,Protein kinase domain,...([ST])...[ST],SEASTPPS,256,263,HSF1_HUMAN,Homo sapiens,8940068,true positive,22,0,inbetween
ELME000053,MOD_GSK3_1,GSK3 phosphorylation site,MOD,GSK3 phosphorylation recognition site,PF00069,Pkinase,Protein kinase domain,...([ST])...[ST],SEASTPPS,256,263,JUN_HUMAN,Homo sapiens,1846781,true positive,22,0,inbetween
ELME000053,MOD_GSK3_1,GSK3 phosphorylation site,MOD,GSK3 phosphorylation recognition site,PF00069,Pkinase,Protein kinase domain,...([ST])...[ST],SEASTPPS,256,263,MK67I_HUMAN,Homo sapiens,16244663,true positive,22,0,inbetween
ELME000053,MOD_GSK3_1,GSK3 phosphorylation site,MOD,GSK3 phosphorylation recognition site,PF00069,Pkinase,Protein kinase domain,...([ST])...[ST],SEASTPPS,256,263,MYC_HUMAN,Homo sapiens,14563837,true positive,22,0,inbetween
ELME000053,MOD_GSK3_1,GSK3 phosphorylation site,MOD,GSK3 phosphorylation recognition site,PF00069,Pkinase,Protein kinase domain,...([ST])...[ST],SEASTPPS,256,263,NFAC1_HUMAN,Homo sapiens,12351631,true positive,22,0,inbetween
ELME000053,MOD_GSK3_1,GSK3 phosphorylation site,MOD,GSK3 phosphorylation recognition site,PF00069,Pkinase,Protein kinase domain,...([ST])...[ST],SEASTPPS,256,263,P53_HUMAN,Homo sapiens,11483158,true positive,22,0,inbetween
ELME000053,MOD_GSK3_1,GSK3 phosphorylation site,MOD,GSK3 phosphorylation recognition site,PF00069,Pkinase,Protein kinase domain,...([ST])...[ST],SEASTPPS,256,263,SMAD1_HUMAN,Homo sapiens,17289590,true positive,22,0,inbetween
ELME000053,MOD_GSK3_1,GSK3 phosphorylation site,MOD,GSK3 phosphorylation recognition site,PF00069,Pkinase,Protein kinase domain,...([ST])...[ST],SEASTPPS,256,263,SMAD1_HUMAN,Homo sapiens,18045539,true positive,22,0,inbetween
ELME000053,MOD_GSK3_1,GSK3 phosphorylation site,MOD,GSK3 phosphorylation recognition site,PF00069,Pkinase,Protein kinase domain,...([ST])...[ST],SEASTPPS,256,263,SMAD3_HUMAN,Homo sapiens,19218245,true positive,22,0,inbetween
ELME000053,MOD_GSK3_1,GSK3 phosphorylation site,MOD,GSK3 phosphorylation recognition site,PF00069,Pkinase,Protein kinase domain,...([ST])...[ST],SEASTPPS,256,263,SNAI1_HUMAN,Homo sapiens,15448698,true positive,22,0,inbetween
ELME000053,MOD_GSK3_1,GSK3 phosphorylation site,MOD,GSK3 phosphorylation recognition site,PF00069,Pkinase,Protein kinase domain,...([ST])...[ST],EASTPPST,257,264,ATX3_HUMAN,Homo sapiens,17434145,true positive,22,0,inbetween
ELME000053,MOD_GSK3_1,GSK3 phosphorylation site,MOD,GSK3 phosphorylation recognition site,PF00069,Pkinase,Protein kinase domain,...([ST])...[ST],EASTPPST,257,264,CCNE1_HUMAN,Homo sapiens,14536078,true positive,22,0,inbetween
ELME000053,MOD_GSK3_1,GSK3 phosphorylation site,MOD,GSK3 phosphorylation recognition site,PF00069,Pkinase,Protein kinase domain,...([ST])...[ST],EASTPPST,257,264,CTNB1_HUMAN,Homo sapiens,11955436 19061640 10074433,true positive,22,0,inbetween
ELME000053,MOD_GSK3_1,GSK3 phosphorylation site,MOD,GSK3 phosphorylation recognition site,PF00069,Pkinase,Protein kinase domain,...([ST])...[ST],EASTPPST,257,264,CTNB1_MOUSE,Mus musculus,12417018,true positive,22,0,inbetween
ELME000053,MOD_GSK3_1,GSK3 phosphorylation site,MOD,GSK3 phosphorylation recognition site,PF00069,Pkinase,Protein kinase domain,...([ST])...[ST],EASTPPST,257,264,ESR2_HUMAN,Homo sapiens,22586270,true positive,22,0,inbetween
ELME000053,MOD_GSK3_1,GSK3 phosphorylation site,MOD,GSK3 phosphorylation recognition site,PF00069,Pkinase,Protein kinase domain,...([ST])...[ST],EASTPPST,257,264,FGD1_HUMAN,Homo sapiens,15743413,true positive,22,0,inbetween
ELME000053,MOD_GSK3_1,GSK3 phosphorylation site,MOD,GSK3 phosphorylation recognition site,PF00069,Pkinase,Protein kinase domain,...([ST])...[ST],EASTPPST,257,264,FGD3_HUMAN,Homo sapiens,18363964,true positive,22,0,inbetween
ELME000053,MOD_GSK3_1,GSK3 phosphorylation site,MOD,GSK3 phosphorylation recognition site,PF00069,Pkinase,Protein kinase domain,...([ST])...[ST],EASTPPST,257,264,HSF1_HUMAN,Homo sapiens,8940068,true positive,22,0,inbetween
ELME000053,MOD_GSK3_1,GSK3 phosphorylation site,MOD,GSK3 phosphorylation recognition site,PF00069,Pkinase,Protein kinase domain,...([ST])...[ST],EASTPPST,257,264,JUN_HUMAN,Homo sapiens,1846781,true positive,22,0,inbetween
ELME000053,MOD_GSK3_1,GSK3 phosphorylation site,MOD,GSK3 phosphorylation recognition site,PF00069,Pkinase,Protein kinase domain,...([ST])...[ST],EASTPPST,257,264,MK67I_HUMAN,Homo sapiens,16244663,true positive,22,0,inbetween
ELME000053,MOD_GSK3_1,GSK3 phosphorylation site,MOD,GSK3 phosphorylation recognition site,PF00069,Pkinase,Protein kinase domain,...([ST])...[ST],EASTPPST,257,264,MYC_HUMAN,Homo sapiens,14563837,true positive,22,0,inbetween
ELME000053,MOD_GSK3_1,GSK3 phosphorylation site,MOD,GSK3 phosphorylation recognition site,PF00069,Pkinase,Protein kinase domain,...([ST])...[ST],EASTPPST,257,264,NFAC1_HUMAN,Homo sapiens,12351631,true positive,22,0,inbetween
ELME000053,MOD_GSK3_1,GSK3 phosphorylation site,MOD,GSK3 phosphorylation recognition site,PF00069,Pkinase,Protein kinase domain,...([ST])...[ST],EASTPPST,257,264,P53_HUMAN,Homo sapiens,11483158,true positive,22,0,inbetween
ELME000053,MOD_GSK3_1,GSK3 phosphorylation site,MOD,GSK3 phosphorylation recognition site,PF00069,Pkinase,Protein kinase domain,...([ST])...[ST],EASTPPST,257,264,SMAD1_HUMAN,Homo sapiens,17289590,true positive,22,0,inbetween
ELME000053,MOD_GSK3_1,GSK3 phosphorylation site,MOD,GSK3 phosphorylation recognition site,PF00069,Pkinase,Protein kinase domain,...([ST])...[ST],EASTPPST,257,264,SMAD1_HUMAN,Homo sapiens,18045539,true positive,22,0,inbetween
ELME000053,MOD_GSK3_1,GSK3 phosphorylation site,MOD,GSK3 phosphorylation recognition site,PF00069,Pkinase,Protein kinase domain,...([ST])...[ST],EASTPPST,257,264,SMAD3_HUMAN,Homo sapiens,19218245,true positive,22,0,inbetween
ELME000053,MOD_GSK3_1,GSK3 phosphorylation site,MOD,GSK3 phosphorylation recognition site,PF00069,Pkinase,Protein kinase domain,...([ST])...[ST],EASTPPST,257,264,SNAI1_HUMAN,Homo sapiens,15448698,true positive,22,0,inbetween
ELME000053,MOD_GSK3_1,GSK3 phosphorylation site,MOD,GSK3 phosphorylation recognition site,PF00069,Pkinase,Protein kinase domain,...([ST])...[ST],EQITVCSS,287,294,ATX3_HUMAN,Homo sapiens,17434145,true positive,22,0,ordered
ELME000053,MOD_GSK3_1,GSK3 phosphorylation site,MOD,GSK3 phosphorylation recognition site,PF00069,Pkinase,Protein kinase domain,...([ST])...[ST],EQITVCSS,287,294,CCNE1_HUMAN,Homo sapiens,14536078,true positive,22,0,ordered
ELME000053,MOD_GSK3_1,GSK3 phosphorylation site,MOD,GSK3 phosphorylation recognition site,PF00069,Pkinase,Protein kinase domain,...([ST])...[ST],EQITVCSS,287,294,CTNB1_HUMAN,Homo sapiens,11955436 19061640 10074433,true positive,22,0,ordered
ELME000053,MOD_GSK3_1,GSK3 phosphorylation site,MOD,GSK3 phosphorylation recognition site,PF00069,Pkinase,Protein kinase domain,...([ST])...[ST],EQITVCSS,287,294,CTNB1_MOUSE,Mus musculus,12417018,true positive,22,0,ordered
ELME000053,MOD_GSK3_1,GSK3 phosphorylation site,MOD,GSK3 phosphorylation recognition site,PF00069,Pkinase,Protein kinase domain,...([ST])...[ST],EQITVCSS,287,294,ESR2_HUMAN,Homo sapiens,22586270,true positive,22,0,ordered
ELME000053,MOD_GSK3_1,GSK3 phosphorylation site,MOD,GSK3 phosphorylation recognition site,PF00069,Pkinase,Protein kinase domain,...([ST])...[ST],EQITVCSS,287,294,FGD1_HUMAN,Homo sapiens,15743413,true positive,22,0,ordered
ELME000053,MOD_GSK3_1,GSK3 phosphorylation site,MOD,GSK3 phosphorylation recognition site,PF00069,Pkinase,Protein kinase domain,...([ST])...[ST],EQITVCSS,287,294,FGD3_HUMAN,Homo sapiens,18363964,true positive,22,0,ordered
ELME000053,MOD_GSK3_1,GSK3 phosphorylation site,MOD,GSK3 phosphorylation recognition site,PF00069,Pkinase,Protein kinase domain,...([ST])...[ST],EQITVCSS,287,294,HSF1_HUMAN,Homo sapiens,8940068,true positive,22,0,ordered
ELME000053,MOD_GSK3_1,GSK3 phosphorylation site,MOD,GSK3 phosphorylation recognition site,PF00069,Pkinase,Protein kinase domain,...([ST])...[ST],EQITVCSS,287,294,JUN_HUMAN,Homo sapiens,1846781,true positive,22,0,ordered
ELME000053,MOD_GSK3_1,GSK3 phosphorylation site,MOD,GSK3 phosphorylation recognition site,PF00069,Pkinase,Protein kinase domain,...([ST])...[ST],EQITVCSS,287,294,MK67I_HUMAN,Homo sapiens,16244663,true positive,22,0,ordered
ELME000053,MOD_GSK3_1,GSK3 phosphorylation site,MOD,GSK3 phosphorylation recognition site,PF00069,Pkinase,Protein kinase domain,...([ST])...[ST],EQITVCSS,287,294,MYC_HUMAN,Homo sapiens,14563837,true positive,22,0,ordered
ELME000053,MOD_GSK3_1,GSK3 phosphorylation site,MOD,GSK3 phosphorylation recognition site,PF00069,Pkinase,Protein kinase domain,...([ST])...[ST],EQITVCSS,287,294,NFAC1_HUMAN,Homo sapiens,12351631,true positive,22,0,ordered
ELME000053,MOD_GSK3_1,GSK3 phosphorylation site,MOD,GSK3 phosphorylation recognition site,PF00069,Pkinase,Protein kinase domain,...([ST])...[ST],EQITVCSS,287,294,P53_HUMAN,Homo sapiens,11483158,true positive,22,0,ordered
ELME000053,MOD_GSK3_1,GSK3 phosphorylation site,MOD,GSK3 phosphorylation recognition site,PF00069,Pkinase,Protein kinase domain,...([ST])...[ST],EQITVCSS,287,294,SMAD1_HUMAN,Homo sapiens,17289590,true positive,22,0,ordered
ELME000053,MOD_GSK3_1,GSK3 phosphorylation site,MOD,GSK3 phosphorylation recognition site,PF00069,Pkinase,Protein kinase domain,...([ST])...[ST],EQITVCSS,287,294,SMAD1_HUMAN,Homo sapiens,18045539,true positive,22,0,ordered
ELME000053,MOD_GSK3_1,GSK3 phosphorylation site,MOD,GSK3 phosphorylation recognition site,PF00069,Pkinase,Protein kinase domain,...([ST])...[ST],EQITVCSS,287,294,SMAD3_HUMAN,Homo sapiens,19218245,true positive,22,0,ordered
ELME000053,MOD_GSK3_1,GSK3 phosphorylation site,MOD,GSK3 phosphorylation recognition site,PF00069,Pkinase,Protein kinase domain,...([ST])...[ST],EQITVCSS,287,294,SNAI1_HUMAN,Homo sapiens,15448698,true positive,22,0,ordered
ELME000053,MOD_GSK3_1,GSK3 phosphorylation site,MOD,GSK3 phosphorylation recognition site,PF00069,Pkinase,Protein kinase domain,...([ST])...[ST],TLITVDET,357,364,ATX3_HUMAN,Homo sapiens,17434145,true positive,22,0,disordered
ELME000053,MOD_GSK3_1,GSK3 phosphorylation site,MOD,GSK3 phosphorylation recognition site,PF00069,Pkinase,Protein kinase domain,...([ST])...[ST],TLITVDET,357,364,CCNE1_HUMAN,Homo sapiens,14536078,true positive,22,0,disordered
ELME000053,MOD_GSK3_1,GSK3 phosphorylation site,MOD,GSK3 phosphorylation recognition site,PF00069,Pkinase,Protein kinase domain,...([ST])...[ST],TLITVDET,357,364,CTNB1_HUMAN,Homo sapiens,11955436 19061640 10074433,true positive,22,0,disordered
ELME000053,MOD_GSK3_1,GSK3 phosphorylation site,MOD,GSK3 phosphorylation recognition site,PF00069,Pkinase,Protein kinase domain,...([ST])...[ST],TLITVDET,357,364,CTNB1_MOUSE,Mus musculus,12417018,true positive,22,0,disordered
ELME000053,MOD_GSK3_1,GSK3 phosphorylation site,MOD,GSK3 phosphorylation recognition site,PF00069,Pkinase,Protein kinase domain,...([ST])...[ST],TLITVDET,357,364,ESR2_HUMAN,Homo sapiens,22586270,true positive,22,0,disordered
ELME000053,MOD_GSK3_1,GSK3 phosphorylation site,MOD,GSK3 phosphorylation recognition site,PF00069,Pkinase,Protein kinase domain,...([ST])...[ST],TLITVDET,357,364,FGD1_HUMAN,Homo sapiens,15743413,true positive,22,0,disordered
ELME000053,MOD_GSK3_1,GSK3 phosphorylation site,MOD,GSK3 phosphorylation recognition site,PF00069,Pkinase,Protein kinase domain,...([ST])...[ST],TLITVDET,357,364,FGD3_HUMAN,Homo sapiens,18363964,true positive,22,0,disordered
ELME000053,MOD_GSK3_1,GSK3 phosphorylation site,MOD,GSK3 phosphorylation recognition site,PF00069,Pkinase,Protein kinase domain,...([ST])...[ST],TLITVDET,357,364,HSF1_HUMAN,Homo sapiens,8940068,true positive,22,0,disordered
ELME000053,MOD_GSK3_1,GSK3 phosphorylation site,MOD,GSK3 phosphorylation recognition site,PF00069,Pkinase,Protein kinase domain,...([ST])...[ST],TLITVDET,357,364,JUN_HUMAN,Homo sapiens,1846781,true positive,22,0,disordered
ELME000053,MOD_GSK3_1,GSK3 phosphorylation site,MOD,GSK3 phosphorylation recognition site,PF00069,Pkinase,Protein kinase domain,...([ST])...[ST],TLITVDET,357,364,MK67I_HUMAN,Homo sapiens,16244663,true positive,22,0,disordered
ELME000053,MOD_GSK3_1,GSK3 phosphorylation site,MOD,GSK3 phosphorylation recognition site,PF00069,Pkinase,Protein kinase domain,...([ST])...[ST],TLITVDET,357,364,MYC_HUMAN,Homo sapiens,14563837,true positive,22,0,disordered
ELME000053,MOD_GSK3_1,GSK3 phosphorylation site,MOD,GSK3 phosphorylation recognition site,PF00069,Pkinase,Protein kinase domain,...([ST])...[ST],TLITVDET,357,364,NFAC1_HUMAN,Homo sapiens,12351631,true positive,22,0,disordered
ELME000053,MOD_GSK3_1,GSK3 phosphorylation site,MOD,GSK3 phosphorylation recognition site,PF00069,Pkinase,Protein kinase domain,...([ST])...[ST],TLITVDET,357,364,P53_HUMAN,Homo sapiens,11483158,true positive,22,0,disordered
ELME000053,MOD_GSK3_1,GSK3 phosphorylation site,MOD,GSK3 phosphorylation recognition site,PF00069,Pkinase,Protein kinase domain,...([ST])...[ST],TLITVDET,357,364,SMAD1_HUMAN,Homo sapiens,17289590,true positive,22,0,disordered
ELME000053,MOD_GSK3_1,GSK3 phosphorylation site,MOD,GSK3 phosphorylation recognition site,PF00069,Pkinase,Protein kinase domain,...([ST])...[ST],TLITVDET,357,364,SMAD1_HUMAN,Homo sapiens,18045539,true positive,22,0,disordered
ELME000053,MOD_GSK3_1,GSK3 phosphorylation site,MOD,GSK3 phosphorylation recognition site,PF00069,Pkinase,Protein kinase domain,...([ST])...[ST],TLITVDET,357,364,SMAD3_HUMAN,Homo sapiens,19218245,true positive,22,0,disordered
ELME000053,MOD_GSK3_1,GSK3 phosphorylation site,MOD,GSK3 phosphorylation recognition site,PF00069,Pkinase,Protein kinase domain,...([ST])...[ST],TLITVDET,357,364,SNAI1_HUMAN,Homo sapiens,15448698,true positive,22,0,disordered
ELME000053,MOD_GSK3_1,GSK3 phosphorylation site,MOD,GSK3 phosphorylation recognition site,PF00069,Pkinase,Protein kinase domain,...([ST])...[ST],VDETRTRT,361,368,ATX3_HUMAN,Homo sapiens,17434145,true positive,22,0,disordered
ELME000053,MOD_GSK3_1,GSK3 phosphorylation site,MOD,GSK3 phosphorylation recognition site,PF00069,Pkinase,Protein kinase domain,...([ST])...[ST],VDETRTRT,361,368,CCNE1_HUMAN,Homo sapiens,14536078,true positive,22,0,disordered
ELME000053,MOD_GSK3_1,GSK3 phosphorylation site,MOD,GSK3 phosphorylation recognition site,PF00069,Pkinase,Protein kinase domain,...([ST])...[ST],VDETRTRT,361,368,CTNB1_HUMAN,Homo sapiens,11955436 19061640 10074433,true positive,22,0,disordered
ELME000053,MOD_GSK3_1,GSK3 phosphorylation site,MOD,GSK3 phosphorylation recognition site,PF00069,Pkinase,Protein kinase domain,...([ST])...[ST],VDETRTRT,361,368,CTNB1_MOUSE,Mus musculus,12417018,true positive,22,0,disordered
ELME000053,MOD_GSK3_1,GSK3 phosphorylation site,MOD,GSK3 phosphorylation recognition site,PF00069,Pkinase,Protein kinase domain,...([ST])...[ST],VDETRTRT,361,368,ESR2_HUMAN,Homo sapiens,22586270,true positive,22,0,disordered
ELME000053,MOD_GSK3_1,GSK3 phosphorylation site,MOD,GSK3 phosphorylation recognition site,PF00069,Pkinase,Protein kinase domain,...([ST])...[ST],VDETRTRT,361,368,FGD1_HUMAN,Homo sapiens,15743413,true positive,22,0,disordered
ELME000053,MOD_GSK3_1,GSK3 phosphorylation site,MOD,GSK3 phosphorylation recognition site,PF00069,Pkinase,Protein kinase domain,...([ST])...[ST],VDETRTRT,361,368,FGD3_HUMAN,Homo sapiens,18363964,true positive,22,0,disordered
ELME000053,MOD_GSK3_1,GSK3 phosphorylation site,MOD,GSK3 phosphorylation recognition site,PF00069,Pkinase,Protein kinase domain,...([ST])...[ST],VDETRTRT,361,368,HSF1_HUMAN,Homo sapiens,8940068,true positive,22,0,disordered
ELME000053,MOD_GSK3_1,GSK3 phosphorylation site,MOD,GSK3 phosphorylation recognition site,PF00069,Pkinase,Protein kinase domain,...([ST])...[ST],VDETRTRT,361,368,JUN_HUMAN,Homo sapiens,1846781,true positive,22,0,disordered
ELME000053,MOD_GSK3_1,GSK3 phosphorylation site,MOD,GSK3 phosphorylation recognition site,PF00069,Pkinase,Protein kinase domain,...([ST])...[ST],VDETRTRT,361,368,MK67I_HUMAN,Homo sapiens,16244663,true positive,22,0,disordered
ELME000053,MOD_GSK3_1,GSK3 phosphorylation site,MOD,GSK3 phosphorylation recognition site,PF00069,Pkinase,Protein kinase domain,...([ST])...[ST],VDETRTRT,361,368,MYC_HUMAN,Homo sapiens,14563837,true positive,22,0,disordered
ELME000053,MOD_GSK3_1,GSK3 phosphorylation site,MOD,GSK3 phosphorylation recognition site,PF00069,Pkinase,Protein kinase domain,...([ST])...[ST],VDETRTRT,361,368,NFAC1_HUMAN,Homo sapiens,12351631,true positive,22,0,disordered
ELME000053,MOD_GSK3_1,GSK3 phosphorylation site,MOD,GSK3 phosphorylation recognition site,PF00069,Pkinase,Protein kinase domain,...([ST])...[ST],VDETRTRT,361,368,P53_HUMAN,Homo sapiens,11483158,true positive,22,0,disordered
ELME000053,MOD_GSK3_1,GSK3 phosphorylation site,MOD,GSK3 phosphorylation recognition site,PF00069,Pkinase,Protein kinase domain,...([ST])...[ST],VDETRTRT,361,368,SMAD1_HUMAN,Homo sapiens,17289590,true positive,22,0,disordered
ELME000053,MOD_GSK3_1,GSK3 phosphorylation site,MOD,GSK3 phosphorylation recognition site,PF00069,Pkinase,Protein kinase domain,...([ST])...[ST],VDETRTRT,361,368,SMAD1_HUMAN,Homo sapiens,18045539,true positive,22,0,disordered
ELME000053,MOD_GSK3_1,GSK3 phosphorylation site,MOD,GSK3 phosphorylation recognition site,PF00069,Pkinase,Protein kinase domain,...([ST])...[ST],VDETRTRT,361,368,SMAD3_HUMAN,Homo sapiens,19218245,true positive,22,0,disordered
ELME000053,MOD_GSK3_1,GSK3 phosphorylation site,MOD,GSK3 phosphorylation recognition site,PF00069,Pkinase,Protein kinase domain,...([ST])...[ST],VDETRTRT,361,368,SNAI1_HUMAN,Homo sapiens,15448698,true positive,22,0,disordered
ELME000053,MOD_GSK3_1,GSK3 phosphorylation site,MOD,GSK3 phosphorylation recognition site,PF00069,Pkinase,Protein kinase domain,...([ST])...[ST],SLLSDGPT,383,390,ATX3_HUMAN,Homo sapiens,17434145,true positive,22,0,disordered
ELME000053,MOD_GSK3_1,GSK3 phosphorylation site,MOD,GSK3 phosphorylation recognition site,PF00069,Pkinase,Protein kinase domain,...([ST])...[ST],SLLSDGPT,383,390,CCNE1_HUMAN,Homo sapiens,14536078,true positive,22,0,disordered
ELME000053,MOD_GSK3_1,GSK3 phosphorylation site,MOD,GSK3 phosphorylation recognition site,PF00069,Pkinase,Protein kinase domain,...([ST])...[ST],SLLSDGPT,383,390,CTNB1_HUMAN,Homo sapiens,11955436 19061640 10074433,true positive,22,0,disordered
ELME000053,MOD_GSK3_1,GSK3 phosphorylation site,MOD,GSK3 phosphorylation recognition site,PF00069,Pkinase,Protein kinase domain,...([ST])...[ST],SLLSDGPT,383,390,CTNB1_MOUSE,Mus musculus,12417018,true positive,22,0,disordered
ELME000053,MOD_GSK3_1,GSK3 phosphorylation site,MOD,GSK3 phosphorylation recognition site,PF00069,Pkinase,Protein kinase domain,...([ST])...[ST],SLLSDGPT,383,390,ESR2_HUMAN,Homo sapiens,22586270,true positive,22,0,disordered
ELME000053,MOD_GSK3_1,GSK3 phosphorylation site,MOD,GSK3 phosphorylation recognition site,PF00069,Pkinase,Protein kinase domain,...([ST])...[ST],SLLSDGPT,383,390,FGD1_HUMAN,Homo sapiens,15743413,true positive,22,0,disordered
ELME000053,MOD_GSK3_1,GSK3 phosphorylation site,MOD,GSK3 phosphorylation recognition site,PF00069,Pkinase,Protein kinase domain,...([ST])...[ST],SLLSDGPT,383,390,FGD3_HUMAN,Homo sapiens,18363964,true positive,22,0,disordered
ELME000053,MOD_GSK3_1,GSK3 phosphorylation site,MOD,GSK3 phosphorylation recognition site,PF00069,Pkinase,Protein kinase domain,...([ST])...[ST],SLLSDGPT,383,390,HSF1_HUMAN,Homo sapiens,8940068,true positive,22,0,disordered
ELME000053,MOD_GSK3_1,GSK3 phosphorylation site,MOD,GSK3 phosphorylation recognition site,PF00069,Pkinase,Protein kinase domain,...([ST])...[ST],SLLSDGPT,383,390,JUN_HUMAN,Homo sapiens,1846781,true positive,22,0,disordered
ELME000053,MOD_GSK3_1,GSK3 phosphorylation site,MOD,GSK3 phosphorylation recognition site,PF00069,Pkinase,Protein kinase domain,...([ST])...[ST],SLLSDGPT,383,390,MK67I_HUMAN,Homo sapiens,16244663,true positive,22,0,disordered
ELME000053,MOD_GSK3_1,GSK3 phosphorylation site,MOD,GSK3 phosphorylation recognition site,PF00069,Pkinase,Protein kinase domain,...([ST])...[ST],SLLSDGPT,383,390,MYC_HUMAN,Homo sapiens,14563837,true positive,22,0,disordered
ELME000053,MOD_GSK3_1,GSK3 phosphorylation site,MOD,GSK3 phosphorylation recognition site,PF00069,Pkinase,Protein kinase domain,...([ST])...[ST],SLLSDGPT,383,390,NFAC1_HUMAN,Homo sapiens,12351631,true positive,22,0,disordered
ELME000053,MOD_GSK3_1,GSK3 phosphorylation site,MOD,GSK3 phosphorylation recognition site,PF00069,Pkinase,Protein kinase domain,...([ST])...[ST],SLLSDGPT,383,390,P53_HUMAN,Homo sapiens,11483158,true positive,22,0,disordered
ELME000053,MOD_GSK3_1,GSK3 phosphorylation site,MOD,GSK3 phosphorylation recognition site,PF00069,Pkinase,Protein kinase domain,...([ST])...[ST],SLLSDGPT,383,390,SMAD1_HUMAN,Homo sapiens,17289590,true positive,22,0,disordered
ELME000053,MOD_GSK3_1,GSK3 phosphorylation site,MOD,GSK3 phosphorylation recognition site,PF00069,Pkinase,Protein kinase domain,...([ST])...[ST],SLLSDGPT,383,390,SMAD1_HUMAN,Homo sapiens,18045539,true positive,22,0,disordered
ELME000053,MOD_GSK3_1,GSK3 phosphorylation site,MOD,GSK3 phosphorylation recognition site,PF00069,Pkinase,Protein kinase domain,...([ST])...[ST],SLLSDGPT,383,390,SMAD3_HUMAN,Homo sapiens,19218245,true positive,22,0,disordered
ELME000053,MOD_GSK3_1,GSK3 phosphorylation site,MOD,GSK3 phosphorylation recognition site,PF00069,Pkinase,Protein kinase domain,...([ST])...[ST],SLLSDGPT,383,390,SNAI1_HUMAN,Homo sapiens,15448698,true positive,22,0,disordered
ELME000053,MOD_GSK3_1,GSK3 phosphorylation site,MOD,GSK3 phosphorylation recognition site,PF00069,Pkinase,Protein kinase domain,...([ST])...[ST],GPPSVSSS,402,409,ATX3_HUMAN,Homo sapiens,17434145,true positive,22,0,disordered
ELME000053,MOD_GSK3_1,GSK3 phosphorylation site,MOD,GSK3 phosphorylation recognition site,PF00069,Pkinase,Protein kinase domain,...([ST])...[ST],GPPSVSSS,402,409,CCNE1_HUMAN,Homo sapiens,14536078,true positive,22,0,disordered
ELME000053,MOD_GSK3_1,GSK3 phosphorylation site,MOD,GSK3 phosphorylation recognition site,PF00069,Pkinase,Protein kinase domain,...([ST])...[ST],GPPSVSSS,402,409,CTNB1_HUMAN,Homo sapiens,11955436 19061640 10074433,true positive,22,0,disordered
ELME000053,MOD_GSK3_1,GSK3 phosphorylation site,MOD,GSK3 phosphorylation recognition site,PF00069,Pkinase,Protein kinase domain,...([ST])...[ST],GPPSVSSS,402,409,CTNB1_MOUSE,Mus musculus,12417018,true positive,22,0,disordered
ELME000053,MOD_GSK3_1,GSK3 phosphorylation site,MOD,GSK3 phosphorylation recognition site,PF00069,Pkinase,Protein kinase domain,...([ST])...[ST],GPPSVSSS,402,409,ESR2_HUMAN,Homo sapiens,22586270,true positive,22,0,disordered
ELME000053,MOD_GSK3_1,GSK3 phosphorylation site,MOD,GSK3 phosphorylation recognition site,PF00069,Pkinase,Protein kinase domain,...([ST])...[ST],GPPSVSSS,402,409,FGD1_HUMAN,Homo sapiens,15743413,true positive,22,0,disordered
ELME000053,MOD_GSK3_1,GSK3 phosphorylation site,MOD,GSK3 phosphorylation recognition site,PF00069,Pkinase,Protein kinase domain,...([ST])...[ST],GPPSVSSS,402,409,FGD3_HUMAN,Homo sapiens,18363964,true positive,22,0,disordered
ELME000053,MOD_GSK3_1,GSK3 phosphorylation site,MOD,GSK3 phosphorylation recognition site,PF00069,Pkinase,Protein kinase domain,...([ST])...[ST],GPPSVSSS,402,409,HSF1_HUMAN,Homo sapiens,8940068,true positive,22,0,disordered
ELME000053,MOD_GSK3_1,GSK3 phosphorylation site,MOD,GSK3 phosphorylation recognition site,PF00069,Pkinase,Protein kinase domain,...([ST])...[ST],GPPSVSSS,402,409,JUN_HUMAN,Homo sapiens,1846781,true positive,22,0,disordered
ELME000053,MOD_GSK3_1,GSK3 phosphorylation site,MOD,GSK3 phosphorylation recognition site,PF00069,Pkinase,Protein kinase domain,...([ST])...[ST],GPPSVSSS,402,409,MK67I_HUMAN,Homo sapiens,16244663,true positive,22,0,disordered
ELME000053,MOD_GSK3_1,GSK3 phosphorylation site,MOD,GSK3 phosphorylation recognition site,PF00069,Pkinase,Protein kinase domain,...([ST])...[ST],GPPSVSSS,402,409,MYC_HUMAN,Homo sapiens,14563837,true positive,22,0,disordered
ELME000053,MOD_GSK3_1,GSK3 phosphorylation site,MOD,GSK3 phosphorylation recognition site,PF00069,Pkinase,Protein kinase domain,...([ST])...[ST],GPPSVSSS,402,409,NFAC1_HUMAN,Homo sapiens,12351631,true positive,22,0,disordered
ELME000053,MOD_GSK3_1,GSK3 phosphorylation site,MOD,GSK3 phosphorylation recognition site,PF00069,Pkinase,Protein kinase domain,...([ST])...[ST],GPPSVSSS,402,409,P53_HUMAN,Homo sapiens,11483158,true positive,22,0,disordered
ELME000053,MOD_GSK3_1,GSK3 phosphorylation site,MOD,GSK3 phosphorylation recognition site,PF00069,Pkinase,Protein kinase domain,...([ST])...[ST],GPPSVSSS,402,409,SMAD1_HUMAN,Homo sapiens,17289590,true positive,22,0,disordered
ELME000053,MOD_GSK3_1,GSK3 phosphorylation site,MOD,GSK3 phosphorylation recognition site,PF00069,Pkinase,Protein kinase domain,...([ST])...[ST],GPPSVSSS,402,409,SMAD1_HUMAN,Homo sapiens,18045539,true positive,22,0,disordered
ELME000053,MOD_GSK3_1,GSK3 phosphorylation site,MOD,GSK3 phosphorylation recognition site,PF00069,Pkinase,Protein kinase domain,...([ST])...[ST],GPPSVSSS,402,409,SMAD3_HUMAN,Homo sapiens,19218245,true positive,22,0,disordered
ELME000053,MOD_GSK3_1,GSK3 phosphorylation site,MOD,GSK3 phosphorylation recognition site,PF00069,Pkinase,Protein kinase domain,...([ST])...[ST],GPPSVSSS,402,409,SNAI1_HUMAN,Homo sapiens,15448698,true positive,22,0,disordered
ELME000053,MOD_GSK3_1,GSK3 phosphorylation site,MOD,GSK3 phosphorylation recognition site,PF00069,Pkinase,Protein kinase domain,...([ST])...[ST],PSVSSSWS,404,411,ATX3_HUMAN,Homo sapiens,17434145,true positive,22,0,disordered
ELME000053,MOD_GSK3_1,GSK3 phosphorylation site,MOD,GSK3 phosphorylation recognition site,PF00069,Pkinase,Protein kinase domain,...([ST])...[ST],PSVSSSWS,404,411,CCNE1_HUMAN,Homo sapiens,14536078,true positive,22,0,disordered
ELME000053,MOD_GSK3_1,GSK3 phosphorylation site,MOD,GSK3 phosphorylation recognition site,PF00069,Pkinase,Protein kinase domain,...([ST])...[ST],PSVSSSWS,404,411,CTNB1_HUMAN,Homo sapiens,11955436 19061640 10074433,true positive,22,0,disordered
ELME000053,MOD_GSK3_1,GSK3 phosphorylation site,MOD,GSK3 phosphorylation recognition site,PF00069,Pkinase,Protein kinase domain,...([ST])...[ST],PSVSSSWS,404,411,CTNB1_MOUSE,Mus musculus,12417018,true positive,22,0,disordered
ELME000053,MOD_GSK3_1,GSK3 phosphorylation site,MOD,GSK3 phosphorylation recognition site,PF00069,Pkinase,Protein kinase domain,...([ST])...[ST],PSVSSSWS,404,411,ESR2_HUMAN,Homo sapiens,22586270,true positive,22,0,disordered
ELME000053,MOD_GSK3_1,GSK3 phosphorylation site,MOD,GSK3 phosphorylation recognition site,PF00069,Pkinase,Protein kinase domain,...([ST])...[ST],PSVSSSWS,404,411,FGD1_HUMAN,Homo sapiens,15743413,true positive,22,0,disordered
ELME000053,MOD_GSK3_1,GSK3 phosphorylation site,MOD,GSK3 phosphorylation recognition site,PF00069,Pkinase,Protein kinase domain,...([ST])...[ST],PSVSSSWS,404,411,FGD3_HUMAN,Homo sapiens,18363964,true positive,22,0,disordered
ELME000053,MOD_GSK3_1,GSK3 phosphorylation site,MOD,GSK3 phosphorylation recognition site,PF00069,Pkinase,Protein kinase domain,...([ST])...[ST],PSVSSSWS,404,411,HSF1_HUMAN,Homo sapiens,8940068,true positive,22,0,disordered
ELME000053,MOD_GSK3_1,GSK3 phosphorylation site,MOD,GSK3 phosphorylation recognition site,PF00069,Pkinase,Protein kinase domain,...([ST])...[ST],PSVSSSWS,404,411,JUN_HUMAN,Homo sapiens,1846781,true positive,22,0,disordered
ELME000053,MOD_GSK3_1,GSK3 phosphorylation site,MOD,GSK3 phosphorylation recognition site,PF00069,Pkinase,Protein kinase domain,...([ST])...[ST],PSVSSSWS,404,411,MK67I_HUMAN,Homo sapiens,16244663,true positive,22,0,disordered
ELME000053,MOD_GSK3_1,GSK3 phosphorylation site,MOD,GSK3 phosphorylation recognition site,PF00069,Pkinase,Protein kinase domain,...([ST])...[ST],PSVSSSWS,404,411,MYC_HUMAN,Homo sapiens,14563837,true positive,22,0,disordered
ELME000053,MOD_GSK3_1,GSK3 phosphorylation site,MOD,GSK3 phosphorylation recognition site,PF00069,Pkinase,Protein kinase domain,...([ST])...[ST],PSVSSSWS,404,411,NFAC1_HUMAN,Homo sapiens,12351631,true positive,22,0,disordered
ELME000053,MOD_GSK3_1,GSK3 phosphorylation site,MOD,GSK3 phosphorylation recognition site,PF00069,Pkinase,Protein kinase domain,...([ST])...[ST],PSVSSSWS,404,411,P53_HUMAN,Homo sapiens,11483158,true positive,22,0,disordered
ELME000053,MOD_GSK3_1,GSK3 phosphorylation site,MOD,GSK3 phosphorylation recognition site,PF00069,Pkinase,Protein kinase domain,...([ST])...[ST],PSVSSSWS,404,411,SMAD1_HUMAN,Homo sapiens,17289590,true positive,22,0,disordered
ELME000053,MOD_GSK3_1,GSK3 phosphorylation site,MOD,GSK3 phosphorylation recognition site,PF00069,Pkinase,Protein kinase domain,...([ST])...[ST],PSVSSSWS,404,411,SMAD1_HUMAN,Homo sapiens,18045539,true positive,22,0,disordered
ELME000053,MOD_GSK3_1,GSK3 phosphorylation site,MOD,GSK3 phosphorylation recognition site,PF00069,Pkinase,Protein kinase domain,...([ST])...[ST],PSVSSSWS,404,411,SMAD3_HUMAN,Homo sapiens,19218245,true positive,22,0,disordered
ELME000053,MOD_GSK3_1,GSK3 phosphorylation site,MOD,GSK3 phosphorylation recognition site,PF00069,Pkinase,Protein kinase domain,...([ST])...[ST],PSVSSSWS,404,411,SNAI1_HUMAN,Homo sapiens,15448698,true positive,22,0,disordered
ELME000053,MOD_GSK3_1,GSK3 phosphorylation site,MOD,GSK3 phosphorylation recognition site,PF00069,Pkinase,Protein kinase domain,...([ST])...[ST],DSLSILDT,421,428,ATX3_HUMAN,Homo sapiens,17434145,true positive,22,0,inbetween
ELME000053,MOD_GSK3_1,GSK3 phosphorylation site,MOD,GSK3 phosphorylation recognition site,PF00069,Pkinase,Protein kinase domain,...([ST])...[ST],DSLSILDT,421,428,CCNE1_HUMAN,Homo sapiens,14536078,true positive,22,0,inbetween
ELME000053,MOD_GSK3_1,GSK3 phosphorylation site,MOD,GSK3 phosphorylation recognition site,PF00069,Pkinase,Protein kinase domain,...([ST])...[ST],DSLSILDT,421,428,CTNB1_HUMAN,Homo sapiens,11955436 19061640 10074433,true positive,22,0,inbetween
ELME000053,MOD_GSK3_1,GSK3 phosphorylation site,MOD,GSK3 phosphorylation recognition site,PF00069,Pkinase,Protein kinase domain,...([ST])...[ST],DSLSILDT,421,428,CTNB1_MOUSE,Mus musculus,12417018,true positive,22,0,inbetween
ELME000053,MOD_GSK3_1,GSK3 phosphorylation site,MOD,GSK3 phosphorylation recognition site,PF00069,Pkinase,Protein kinase domain,...([ST])...[ST],DSLSILDT,421,428,ESR2_HUMAN,Homo sapiens,22586270,true positive,22,0,inbetween
ELME000053,MOD_GSK3_1,GSK3 phosphorylation site,MOD,GSK3 phosphorylation recognition site,PF00069,Pkinase,Protein kinase domain,...([ST])...[ST],DSLSILDT,421,428,FGD1_HUMAN,Homo sapiens,15743413,true positive,22,0,inbetween
ELME000053,MOD_GSK3_1,GSK3 phosphorylation site,MOD,GSK3 phosphorylation recognition site,PF00069,Pkinase,Protein kinase domain,...([ST])...[ST],DSLSILDT,421,428,FGD3_HUMAN,Homo sapiens,18363964,true positive,22,0,inbetween
ELME000053,MOD_GSK3_1,GSK3 phosphorylation site,MOD,GSK3 phosphorylation recognition site,PF00069,Pkinase,Protein kinase domain,...([ST])...[ST],DSLSILDT,421,428,HSF1_HUMAN,Homo sapiens,8940068,true positive,22,0,inbetween
ELME000053,MOD_GSK3_1,GSK3 phosphorylation site,MOD,GSK3 phosphorylation recognition site,PF00069,Pkinase,Protein kinase domain,...([ST])...[ST],DSLSILDT,421,428,JUN_HUMAN,Homo sapiens,1846781,true positive,22,0,inbetween
ELME000053,MOD_GSK3_1,GSK3 phosphorylation site,MOD,GSK3 phosphorylation recognition site,PF00069,Pkinase,Protein kinase domain,...([ST])...[ST],DSLSILDT,421,428,MK67I_HUMAN,Homo sapiens,16244663,true positive,22,0,inbetween
ELME000053,MOD_GSK3_1,GSK3 phosphorylation site,MOD,GSK3 phosphorylation recognition site,PF00069,Pkinase,Protein kinase domain,...([ST])...[ST],DSLSILDT,421,428,MYC_HUMAN,Homo sapiens,14563837,true positive,22,0,inbetween
ELME000053,MOD_GSK3_1,GSK3 phosphorylation site,MOD,GSK3 phosphorylation recognition site,PF00069,Pkinase,Protein kinase domain,...([ST])...[ST],DSLSILDT,421,428,NFAC1_HUMAN,Homo sapiens,12351631,true positive,22,0,inbetween
ELME000053,MOD_GSK3_1,GSK3 phosphorylation site,MOD,GSK3 phosphorylation recognition site,PF00069,Pkinase,Protein kinase domain,...([ST])...[ST],DSLSILDT,421,428,P53_HUMAN,Homo sapiens,11483158,true positive,22,0,inbetween
ELME000053,MOD_GSK3_1,GSK3 phosphorylation site,MOD,GSK3 phosphorylation recognition site,PF00069,Pkinase,Protein kinase domain,...([ST])...[ST],DSLSILDT,421,428,SMAD1_HUMAN,Homo sapiens,17289590,true positive,22,0,inbetween
ELME000053,MOD_GSK3_1,GSK3 phosphorylation site,MOD,GSK3 phosphorylation recognition site,PF00069,Pkinase,Protein kinase domain,...([ST])...[ST],DSLSILDT,421,428,SMAD1_HUMAN,Homo sapiens,18045539,true positive,22,0,inbetween
ELME000053,MOD_GSK3_1,GSK3 phosphorylation site,MOD,GSK3 phosphorylation recognition site,PF00069,Pkinase,Protein kinase domain,...([ST])...[ST],DSLSILDT,421,428,SMAD3_HUMAN,Homo sapiens,19218245,true positive,22,0,inbetween
ELME000053,MOD_GSK3_1,GSK3 phosphorylation site,MOD,GSK3 phosphorylation recognition site,PF00069,Pkinase,Protein kinase domain,...([ST])...[ST],DSLSILDT,421,428,SNAI1_HUMAN,Homo sapiens,15448698,true positive,22,0,inbetween
ELME000053,MOD_GSK3_1,GSK3 phosphorylation site,MOD,GSK3 phosphorylation recognition site,PF00069,Pkinase,Protein kinase domain,...([ST])...[ST],SVTSEEAS,433,440,ATX3_HUMAN,Homo sapiens,17434145,true positive,22,0,disordered
ELME000053,MOD_GSK3_1,GSK3 phosphorylation site,MOD,GSK3 phosphorylation recognition site,PF00069,Pkinase,Protein kinase domain,...([ST])...[ST],SVTSEEAS,433,440,CCNE1_HUMAN,Homo sapiens,14536078,true positive,22,0,disordered
ELME000053,MOD_GSK3_1,GSK3 phosphorylation site,MOD,GSK3 phosphorylation recognition site,PF00069,Pkinase,Protein kinase domain,...([ST])...[ST],SVTSEEAS,433,440,CTNB1_HUMAN,Homo sapiens,11955436 19061640 10074433,true positive,22,0,disordered
ELME000053,MOD_GSK3_1,GSK3 phosphorylation site,MOD,GSK3 phosphorylation recognition site,PF00069,Pkinase,Protein kinase domain,...([ST])...[ST],SVTSEEAS,433,440,CTNB1_MOUSE,Mus musculus,12417018,true positive,22,0,disordered
ELME000053,MOD_GSK3_1,GSK3 phosphorylation site,MOD,GSK3 phosphorylation recognition site,PF00069,Pkinase,Protein kinase domain,...([ST])...[ST],SVTSEEAS,433,440,ESR2_HUMAN,Homo sapiens,22586270,true positive,22,0,disordered
ELME000053,MOD_GSK3_1,GSK3 phosphorylation site,MOD,GSK3 phosphorylation recognition site,PF00069,Pkinase,Protein kinase domain,...([ST])...[ST],SVTSEEAS,433,440,FGD1_HUMAN,Homo sapiens,15743413,true positive,22,0,disordered
ELME000053,MOD_GSK3_1,GSK3 phosphorylation site,MOD,GSK3 phosphorylation recognition site,PF00069,Pkinase,Protein kinase domain,...([ST])...[ST],SVTSEEAS,433,440,FGD3_HUMAN,Homo sapiens,18363964,true positive,22,0,disordered
ELME000053,MOD_GSK3_1,GSK3 phosphorylation site,MOD,GSK3 phosphorylation recognition site,PF00069,Pkinase,Protein kinase domain,...([ST])...[ST],SVTSEEAS,433,440,HSF1_HUMAN,Homo sapiens,8940068,true positive,22,0,disordered
ELME000053,MOD_GSK3_1,GSK3 phosphorylation site,MOD,GSK3 phosphorylation recognition site,PF00069,Pkinase,Protein kinase domain,...([ST])...[ST],SVTSEEAS,433,440,JUN_HUMAN,Homo sapiens,1846781,true positive,22,0,disordered
ELME000053,MOD_GSK3_1,GSK3 phosphorylation site,MOD,GSK3 phosphorylation recognition site,PF00069,Pkinase,Protein kinase domain,...([ST])...[ST],SVTSEEAS,433,440,MK67I_HUMAN,Homo sapiens,16244663,true positive,22,0,disordered
ELME000053,MOD_GSK3_1,GSK3 phosphorylation site,MOD,GSK3 phosphorylation recognition site,PF00069,Pkinase,Protein kinase domain,...([ST])...[ST],SVTSEEAS,433,440,MYC_HUMAN,Homo sapiens,14563837,true positive,22,0,disordered
ELME000053,MOD_GSK3_1,GSK3 phosphorylation site,MOD,GSK3 phosphorylation recognition site,PF00069,Pkinase,Protein kinase domain,...([ST])...[ST],SVTSEEAS,433,440,NFAC1_HUMAN,Homo sapiens,12351631,true positive,22,0,disordered
ELME000053,MOD_GSK3_1,GSK3 phosphorylation site,MOD,GSK3 phosphorylation recognition site,PF00069,Pkinase,Protein kinase domain,...([ST])...[ST],SVTSEEAS,433,440,P53_HUMAN,Homo sapiens,11483158,true positive,22,0,disordered
ELME000053,MOD_GSK3_1,GSK3 phosphorylation site,MOD,GSK3 phosphorylation recognition site,PF00069,Pkinase,Protein kinase domain,...([ST])...[ST],SVTSEEAS,433,440,SMAD1_HUMAN,Homo sapiens,17289590,true positive,22,0,disordered
ELME000053,MOD_GSK3_1,GSK3 phosphorylation site,MOD,GSK3 phosphorylation recognition site,PF00069,Pkinase,Protein kinase domain,...([ST])...[ST],SVTSEEAS,433,440,SMAD1_HUMAN,Homo sapiens,18045539,true positive,22,0,disordered
ELME000053,MOD_GSK3_1,GSK3 phosphorylation site,MOD,GSK3 phosphorylation recognition site,PF00069,Pkinase,Protein kinase domain,...([ST])...[ST],SVTSEEAS,433,440,SMAD3_HUMAN,Homo sapiens,19218245,true positive,22,0,disordered
ELME000053,MOD_GSK3_1,GSK3 phosphorylation site,MOD,GSK3 phosphorylation recognition site,PF00069,Pkinase,Protein kinase domain,...([ST])...[ST],SVTSEEAS,433,440,SNAI1_HUMAN,Homo sapiens,15448698,true positive,22,0,disordered
ELME000053,MOD_GSK3_1,GSK3 phosphorylation site,MOD,GSK3 phosphorylation recognition site,PF00069,Pkinase,Protein kinase domain,...([ST])...[ST],APRTRTPS,472,479,ATX3_HUMAN,Homo sapiens,17434145,true positive,22,0,disordered
ELME000053,MOD_GSK3_1,GSK3 phosphorylation site,MOD,GSK3 phosphorylation recognition site,PF00069,Pkinase,Protein kinase domain,...([ST])...[ST],APRTRTPS,472,479,CCNE1_HUMAN,Homo sapiens,14536078,true positive,22,0,disordered
ELME000053,MOD_GSK3_1,GSK3 phosphorylation site,MOD,GSK3 phosphorylation recognition site,PF00069,Pkinase,Protein kinase domain,...([ST])...[ST],APRTRTPS,472,479,CTNB1_HUMAN,Homo sapiens,11955436 19061640 10074433,true positive,22,0,disordered
ELME000053,MOD_GSK3_1,GSK3 phosphorylation site,MOD,GSK3 phosphorylation recognition site,PF00069,Pkinase,Protein kinase domain,...([ST])...[ST],APRTRTPS,472,479,CTNB1_MOUSE,Mus musculus,12417018,true positive,22,0,disordered
ELME000053,MOD_GSK3_1,GSK3 phosphorylation site,MOD,GSK3 phosphorylation recognition site,PF00069,Pkinase,Protein kinase domain,...([ST])...[ST],APRTRTPS,472,479,ESR2_HUMAN,Homo sapiens,22586270,true positive,22,0,disordered
ELME000053,MOD_GSK3_1,GSK3 phosphorylation site,MOD,GSK3 phosphorylation recognition site,PF00069,Pkinase,Protein kinase domain,...([ST])...[ST],APRTRTPS,472,479,FGD1_HUMAN,Homo sapiens,15743413,true positive,22,0,disordered
ELME000053,MOD_GSK3_1,GSK3 phosphorylation site,MOD,GSK3 phosphorylation recognition site,PF00069,Pkinase,Protein kinase domain,...([ST])...[ST],APRTRTPS,472,479,FGD3_HUMAN,Homo sapiens,18363964,true positive,22,0,disordered
ELME000053,MOD_GSK3_1,GSK3 phosphorylation site,MOD,GSK3 phosphorylation recognition site,PF00069,Pkinase,Protein kinase domain,...([ST])...[ST],APRTRTPS,472,479,HSF1_HUMAN,Homo sapiens,8940068,true positive,22,0,disordered
ELME000053,MOD_GSK3_1,GSK3 phosphorylation site,MOD,GSK3 phosphorylation recognition site,PF00069,Pkinase,Protein kinase domain,...([ST])...[ST],APRTRTPS,472,479,JUN_HUMAN,Homo sapiens,1846781,true positive,22,0,disordered
ELME000053,MOD_GSK3_1,GSK3 phosphorylation site,MOD,GSK3 phosphorylation recognition site,PF00069,Pkinase,Protein kinase domain,...([ST])...[ST],APRTRTPS,472,479,MK67I_HUMAN,Homo sapiens,16244663,true positive,22,0,disordered
ELME000053,MOD_GSK3_1,GSK3 phosphorylation site,MOD,GSK3 phosphorylation recognition site,PF00069,Pkinase,Protein kinase domain,...([ST])...[ST],APRTRTPS,472,479,MYC_HUMAN,Homo sapiens,14563837,true positive,22,0,disordered
ELME000053,MOD_GSK3_1,GSK3 phosphorylation site,MOD,GSK3 phosphorylation recognition site,PF00069,Pkinase,Protein kinase domain,...([ST])...[ST],APRTRTPS,472,479,NFAC1_HUMAN,Homo sapiens,12351631,true positive,22,0,disordered
ELME000053,MOD_GSK3_1,GSK3 phosphorylation site,MOD,GSK3 phosphorylation recognition site,PF00069,Pkinase,Protein kinase domain,...([ST])...[ST],APRTRTPS,472,479,P53_HUMAN,Homo sapiens,11483158,true positive,22,0,disordered
ELME000053,MOD_GSK3_1,GSK3 phosphorylation site,MOD,GSK3 phosphorylation recognition site,PF00069,Pkinase,Protein kinase domain,...([ST])...[ST],APRTRTPS,472,479,SMAD1_HUMAN,Homo sapiens,17289590,true positive,22,0,disordered
ELME000053,MOD_GSK3_1,GSK3 phosphorylation site,MOD,GSK3 phosphorylation recognition site,PF00069,Pkinase,Protein kinase domain,...([ST])...[ST],APRTRTPS,472,479,SMAD1_HUMAN,Homo sapiens,18045539,true positive,22,0,disordered
ELME000053,MOD_GSK3_1,GSK3 phosphorylation site,MOD,GSK3 phosphorylation recognition site,PF00069,Pkinase,Protein kinase domain,...([ST])...[ST],APRTRTPS,472,479,SMAD3_HUMAN,Homo sapiens,19218245,true positive,22,0,disordered
ELME000053,MOD_GSK3_1,GSK3 phosphorylation site,MOD,GSK3 phosphorylation recognition site,PF00069,Pkinase,Protein kinase domain,...([ST])...[ST],APRTRTPS,472,479,SNAI1_HUMAN,Homo sapiens,15448698,true positive,22,0,disordered
ELME000053,MOD_GSK3_1,GSK3 phosphorylation site,MOD,GSK3 phosphorylation recognition site,PF00069,Pkinase,Protein kinase domain,...([ST])...[ST],SLASRASS,479,486,ATX3_HUMAN,Homo sapiens,17434145,true positive,22,0,disordered
ELME000053,MOD_GSK3_1,GSK3 phosphorylation site,MOD,GSK3 phosphorylation recognition site,PF00069,Pkinase,Protein kinase domain,...([ST])...[ST],SLASRASS,479,486,CCNE1_HUMAN,Homo sapiens,14536078,true positive,22,0,disordered
ELME000053,MOD_GSK3_1,GSK3 phosphorylation site,MOD,GSK3 phosphorylation recognition site,PF00069,Pkinase,Protein kinase domain,...([ST])...[ST],SLASRASS,479,486,CTNB1_HUMAN,Homo sapiens,11955436 19061640 10074433,true positive,22,0,disordered
ELME000053,MOD_GSK3_1,GSK3 phosphorylation site,MOD,GSK3 phosphorylation recognition site,PF00069,Pkinase,Protein kinase domain,...([ST])...[ST],SLASRASS,479,486,CTNB1_MOUSE,Mus musculus,12417018,true positive,22,0,disordered
ELME000053,MOD_GSK3_1,GSK3 phosphorylation site,MOD,GSK3 phosphorylation recognition site,PF00069,Pkinase,Protein kinase domain,...([ST])...[ST],SLASRASS,479,486,ESR2_HUMAN,Homo sapiens,22586270,true positive,22,0,disordered
ELME000053,MOD_GSK3_1,GSK3 phosphorylation site,MOD,GSK3 phosphorylation recognition site,PF00069,Pkinase,Protein kinase domain,...([ST])...[ST],SLASRASS,479,486,FGD1_HUMAN,Homo sapiens,15743413,true positive,22,0,disordered
ELME000053,MOD_GSK3_1,GSK3 phosphorylation site,MOD,GSK3 phosphorylation recognition site,PF00069,Pkinase,Protein kinase domain,...([ST])...[ST],SLASRASS,479,486,FGD3_HUMAN,Homo sapiens,18363964,true positive,22,0,disordered
ELME000053,MOD_GSK3_1,GSK3 phosphorylation site,MOD,GSK3 phosphorylation recognition site,PF00069,Pkinase,Protein kinase domain,...([ST])...[ST],SLASRASS,479,486,HSF1_HUMAN,Homo sapiens,8940068,true positive,22,0,disordered
ELME000053,MOD_GSK3_1,GSK3 phosphorylation site,MOD,GSK3 phosphorylation recognition site,PF00069,Pkinase,Protein kinase domain,...([ST])...[ST],SLASRASS,479,486,JUN_HUMAN,Homo sapiens,1846781,true positive,22,0,disordered
ELME000053,MOD_GSK3_1,GSK3 phosphorylation site,MOD,GSK3 phosphorylation recognition site,PF00069,Pkinase,Protein kinase domain,...([ST])...[ST],SLASRASS,479,486,MK67I_HUMAN,Homo sapiens,16244663,true positive,22,0,disordered
ELME000053,MOD_GSK3_1,GSK3 phosphorylation site,MOD,GSK3 phosphorylation recognition site,PF00069,Pkinase,Protein kinase domain,...([ST])...[ST],SLASRASS,479,486,MYC_HUMAN,Homo sapiens,14563837,true positive,22,0,disordered
ELME000053,MOD_GSK3_1,GSK3 phosphorylation site,MOD,GSK3 phosphorylation recognition site,PF00069,Pkinase,Protein kinase domain,...([ST])...[ST],SLASRASS,479,486,NFAC1_HUMAN,Homo sapiens,12351631,true positive,22,0,disordered
ELME000053,MOD_GSK3_1,GSK3 phosphorylation site,MOD,GSK3 phosphorylation recognition site,PF00069,Pkinase,Protein kinase domain,...([ST])...[ST],SLASRASS,479,486,P53_HUMAN,Homo sapiens,11483158,true positive,22,0,disordered
ELME000053,MOD_GSK3_1,GSK3 phosphorylation site,MOD,GSK3 phosphorylation recognition site,PF00069,Pkinase,Protein kinase domain,...([ST])...[ST],SLASRASS,479,486,SMAD1_HUMAN,Homo sapiens,17289590,true positive,22,0,disordered
ELME000053,MOD_GSK3_1,GSK3 phosphorylation site,MOD,GSK3 phosphorylation recognition site,PF00069,Pkinase,Protein kinase domain,...([ST])...[ST],SLASRASS,479,486,SMAD1_HUMAN,Homo sapiens,18045539,true positive,22,0,disordered
ELME000053,MOD_GSK3_1,GSK3 phosphorylation site,MOD,GSK3 phosphorylation recognition site,PF00069,Pkinase,Protein kinase domain,...([ST])...[ST],SLASRASS,479,486,SMAD3_HUMAN,Homo sapiens,19218245,true positive,22,0,disordered
ELME000053,MOD_GSK3_1,GSK3 phosphorylation site,MOD,GSK3 phosphorylation recognition site,PF00069,Pkinase,Protein kinase domain,...([ST])...[ST],SLASRASS,479,486,SNAI1_HUMAN,Homo sapiens,15448698,true positive,22,0,disordered
ELME000053,MOD_GSK3_1,GSK3 phosphorylation site,MOD,GSK3 phosphorylation recognition site,PF00069,Pkinase,Protein kinase domain,...([ST])...[ST],SRASSRIS,482,489,ATX3_HUMAN,Homo sapiens,17434145,true positive,22,0,disordered
ELME000053,MOD_GSK3_1,GSK3 phosphorylation site,MOD,GSK3 phosphorylation recognition site,PF00069,Pkinase,Protein kinase domain,...([ST])...[ST],SRASSRIS,482,489,CCNE1_HUMAN,Homo sapiens,14536078,true positive,22,0,disordered
ELME000053,MOD_GSK3_1,GSK3 phosphorylation site,MOD,GSK3 phosphorylation recognition site,PF00069,Pkinase,Protein kinase domain,...([ST])...[ST],SRASSRIS,482,489,CTNB1_HUMAN,Homo sapiens,11955436 19061640 10074433,true positive,22,0,disordered
ELME000053,MOD_GSK3_1,GSK3 phosphorylation site,MOD,GSK3 phosphorylation recognition site,PF00069,Pkinase,Protein kinase domain,...([ST])...[ST],SRASSRIS,482,489,CTNB1_MOUSE,Mus musculus,12417018,true positive,22,0,disordered
ELME000053,MOD_GSK3_1,GSK3 phosphorylation site,MOD,GSK3 phosphorylation recognition site,PF00069,Pkinase,Protein kinase domain,...([ST])...[ST],SRASSRIS,482,489,ESR2_HUMAN,Homo sapiens,22586270,true positive,22,0,disordered
ELME000053,MOD_GSK3_1,GSK3 phosphorylation site,MOD,GSK3 phosphorylation recognition site,PF00069,Pkinase,Protein kinase domain,...([ST])...[ST],SRASSRIS,482,489,FGD1_HUMAN,Homo sapiens,15743413,true positive,22,0,disordered
ELME000053,MOD_GSK3_1,GSK3 phosphorylation site,MOD,GSK3 phosphorylation recognition site,PF00069,Pkinase,Protein kinase domain,...([ST])...[ST],SRASSRIS,482,489,FGD3_HUMAN,Homo sapiens,18363964,true positive,22,0,disordered
ELME000053,MOD_GSK3_1,GSK3 phosphorylation site,MOD,GSK3 phosphorylation recognition site,PF00069,Pkinase,Protein kinase domain,...([ST])...[ST],SRASSRIS,482,489,HSF1_HUMAN,Homo sapiens,8940068,true positive,22,0,disordered
ELME000053,MOD_GSK3_1,GSK3 phosphorylation site,MOD,GSK3 phosphorylation recognition site,PF00069,Pkinase,Protein kinase domain,...([ST])...[ST],SRASSRIS,482,489,JUN_HUMAN,Homo sapiens,1846781,true positive,22,0,disordered
ELME000053,MOD_GSK3_1,GSK3 phosphorylation site,MOD,GSK3 phosphorylation recognition site,PF00069,Pkinase,Protein kinase domain,...([ST])...[ST],SRASSRIS,482,489,MK67I_HUMAN,Homo sapiens,16244663,true positive,22,0,disordered
ELME000053,MOD_GSK3_1,GSK3 phosphorylation site,MOD,GSK3 phosphorylation recognition site,PF00069,Pkinase,Protein kinase domain,...([ST])...[ST],SRASSRIS,482,489,MYC_HUMAN,Homo sapiens,14563837,true positive,22,0,disordered
ELME000053,MOD_GSK3_1,GSK3 phosphorylation site,MOD,GSK3 phosphorylation recognition site,PF00069,Pkinase,Protein kinase domain,...([ST])...[ST],SRASSRIS,482,489,NFAC1_HUMAN,Homo sapiens,12351631,true positive,22,0,disordered
ELME000053,MOD_GSK3_1,GSK3 phosphorylation site,MOD,GSK3 phosphorylation recognition site,PF00069,Pkinase,Protein kinase domain,...([ST])...[ST],SRASSRIS,482,489,P53_HUMAN,Homo sapiens,11483158,true positive,22,0,disordered
ELME000053,MOD_GSK3_1,GSK3 phosphorylation site,MOD,GSK3 phosphorylation recognition site,PF00069,Pkinase,Protein kinase domain,...([ST])...[ST],SRASSRIS,482,489,SMAD1_HUMAN,Homo sapiens,17289590,true positive,22,0,disordered
ELME000053,MOD_GSK3_1,GSK3 phosphorylation site,MOD,GSK3 phosphorylation recognition site,PF00069,Pkinase,Protein kinase domain,...([ST])...[ST],SRASSRIS,482,489,SMAD1_HUMAN,Homo sapiens,18045539,true positive,22,0,disordered
ELME000053,MOD_GSK3_1,GSK3 phosphorylation site,MOD,GSK3 phosphorylation recognition site,PF00069,Pkinase,Protein kinase domain,...([ST])...[ST],SRASSRIS,482,489,SMAD3_HUMAN,Homo sapiens,19218245,true positive,22,0,disordered
ELME000053,MOD_GSK3_1,GSK3 phosphorylation site,MOD,GSK3 phosphorylation recognition site,PF00069,Pkinase,Protein kinase domain,...([ST])...[ST],SRASSRIS,482,489,SNAI1_HUMAN,Homo sapiens,15448698,true positive,22,0,disordered
ELME000053,MOD_GSK3_1,GSK3 phosphorylation site,MOD,GSK3 phosphorylation recognition site,PF00069,Pkinase,Protein kinase domain,...([ST])...[ST],EALTPSRT,507,514,ATX3_HUMAN,Homo sapiens,17434145,true positive,22,0,disordered
ELME000053,MOD_GSK3_1,GSK3 phosphorylation site,MOD,GSK3 phosphorylation recognition site,PF00069,Pkinase,Protein kinase domain,...([ST])...[ST],EALTPSRT,507,514,CCNE1_HUMAN,Homo sapiens,14536078,true positive,22,0,disordered
ELME000053,MOD_GSK3_1,GSK3 phosphorylation site,MOD,GSK3 phosphorylation recognition site,PF00069,Pkinase,Protein kinase domain,...([ST])...[ST],EALTPSRT,507,514,CTNB1_HUMAN,Homo sapiens,11955436 19061640 10074433,true positive,22,0,disordered
ELME000053,MOD_GSK3_1,GSK3 phosphorylation site,MOD,GSK3 phosphorylation recognition site,PF00069,Pkinase,Protein kinase domain,...([ST])...[ST],EALTPSRT,507,514,CTNB1_MOUSE,Mus musculus,12417018,true positive,22,0,disordered
ELME000053,MOD_GSK3_1,GSK3 phosphorylation site,MOD,GSK3 phosphorylation recognition site,PF00069,Pkinase,Protein kinase domain,...([ST])...[ST],EALTPSRT,507,514,ESR2_HUMAN,Homo sapiens,22586270,true positive,22,0,disordered
ELME000053,MOD_GSK3_1,GSK3 phosphorylation site,MOD,GSK3 phosphorylation recognition site,PF00069,Pkinase,Protein kinase domain,...([ST])...[ST],EALTPSRT,507,514,FGD1_HUMAN,Homo sapiens,15743413,true positive,22,0,disordered
ELME000053,MOD_GSK3_1,GSK3 phosphorylation site,MOD,GSK3 phosphorylation recognition site,PF00069,Pkinase,Protein kinase domain,...([ST])...[ST],EALTPSRT,507,514,FGD3_HUMAN,Homo sapiens,18363964,true positive,22,0,disordered
ELME000053,MOD_GSK3_1,GSK3 phosphorylation site,MOD,GSK3 phosphorylation recognition site,PF00069,Pkinase,Protein kinase domain,...([ST])...[ST],EALTPSRT,507,514,HSF1_HUMAN,Homo sapiens,8940068,true positive,22,0,disordered
ELME000053,MOD_GSK3_1,GSK3 phosphorylation site,MOD,GSK3 phosphorylation recognition site,PF00069,Pkinase,Protein kinase domain,...([ST])...[ST],EALTPSRT,507,514,JUN_HUMAN,Homo sapiens,1846781,true positive,22,0,disordered
ELME000053,MOD_GSK3_1,GSK3 phosphorylation site,MOD,GSK3 phosphorylation recognition site,PF00069,Pkinase,Protein kinase domain,...([ST])...[ST],EALTPSRT,507,514,MK67I_HUMAN,Homo sapiens,16244663,true positive,22,0,disordered
ELME000053,MOD_GSK3_1,GSK3 phosphorylation site,MOD,GSK3 phosphorylation recognition site,PF00069,Pkinase,Protein kinase domain,...([ST])...[ST],EALTPSRT,507,514,MYC_HUMAN,Homo sapiens,14563837,true positive,22,0,disordered
ELME000053,MOD_GSK3_1,GSK3 phosphorylation site,MOD,GSK3 phosphorylation recognition site,PF00069,Pkinase,Protein kinase domain,...([ST])...[ST],EALTPSRT,507,514,NFAC1_HUMAN,Homo sapiens,12351631,true positive,22,0,disordered
ELME000053,MOD_GSK3_1,GSK3 phosphorylation site,MOD,GSK3 phosphorylation recognition site,PF00069,Pkinase,Protein kinase domain,...([ST])...[ST],EALTPSRT,507,514,P53_HUMAN,Homo sapiens,11483158,true positive,22,0,disordered
ELME000053,MOD_GSK3_1,GSK3 phosphorylation site,MOD,GSK3 phosphorylation recognition site,PF00069,Pkinase,Protein kinase domain,...([ST])...[ST],EALTPSRT,507,514,SMAD1_HUMAN,Homo sapiens,17289590,true positive,22,0,disordered
ELME000053,MOD_GSK3_1,GSK3 phosphorylation site,MOD,GSK3 phosphorylation recognition site,PF00069,Pkinase,Protein kinase domain,...([ST])...[ST],EALTPSRT,507,514,SMAD1_HUMAN,Homo sapiens,18045539,true positive,22,0,disordered
ELME000053,MOD_GSK3_1,GSK3 phosphorylation site,MOD,GSK3 phosphorylation recognition site,PF00069,Pkinase,Protein kinase domain,...([ST])...[ST],EALTPSRT,507,514,SMAD3_HUMAN,Homo sapiens,19218245,true positive,22,0,disordered
ELME000053,MOD_GSK3_1,GSK3 phosphorylation site,MOD,GSK3 phosphorylation recognition site,PF00069,Pkinase,Protein kinase domain,...([ST])...[ST],EALTPSRT,507,514,SNAI1_HUMAN,Homo sapiens,15448698,true positive,22,0,disordered
ELME000053,MOD_GSK3_1,GSK3 phosphorylation site,MOD,GSK3 phosphorylation recognition site,PF00069,Pkinase,Protein kinase domain,...([ST])...[ST],LTPSRTPS,509,516,ATX3_HUMAN,Homo sapiens,17434145,true positive,22,0,disordered
ELME000053,MOD_GSK3_1,GSK3 phosphorylation site,MOD,GSK3 phosphorylation recognition site,PF00069,Pkinase,Protein kinase domain,...([ST])...[ST],LTPSRTPS,509,516,CCNE1_HUMAN,Homo sapiens,14536078,true positive,22,0,disordered
ELME000053,MOD_GSK3_1,GSK3 phosphorylation site,MOD,GSK3 phosphorylation recognition site,PF00069,Pkinase,Protein kinase domain,...([ST])...[ST],LTPSRTPS,509,516,CTNB1_HUMAN,Homo sapiens,11955436 19061640 10074433,true positive,22,0,disordered
ELME000053,MOD_GSK3_1,GSK3 phosphorylation site,MOD,GSK3 phosphorylation recognition site,PF00069,Pkinase,Protein kinase domain,...([ST])...[ST],LTPSRTPS,509,516,CTNB1_MOUSE,Mus musculus,12417018,true positive,22,0,disordered
ELME000053,MOD_GSK3_1,GSK3 phosphorylation site,MOD,GSK3 phosphorylation recognition site,PF00069,Pkinase,Protein kinase domain,...([ST])...[ST],LTPSRTPS,509,516,ESR2_HUMAN,Homo sapiens,22586270,true positive,22,0,disordered
ELME000053,MOD_GSK3_1,GSK3 phosphorylation site,MOD,GSK3 phosphorylation recognition site,PF00069,Pkinase,Protein kinase domain,...([ST])...[ST],LTPSRTPS,509,516,FGD1_HUMAN,Homo sapiens,15743413,true positive,22,0,disordered
ELME000053,MOD_GSK3_1,GSK3 phosphorylation site,MOD,GSK3 phosphorylation recognition site,PF00069,Pkinase,Protein kinase domain,...([ST])...[ST],LTPSRTPS,509,516,FGD3_HUMAN,Homo sapiens,18363964,true positive,22,0,disordered
ELME000053,MOD_GSK3_1,GSK3 phosphorylation site,MOD,GSK3 phosphorylation recognition site,PF00069,Pkinase,Protein kinase domain,...([ST])...[ST],LTPSRTPS,509,516,HSF1_HUMAN,Homo sapiens,8940068,true positive,22,0,disordered
ELME000053,MOD_GSK3_1,GSK3 phosphorylation site,MOD,GSK3 phosphorylation recognition site,PF00069,Pkinase,Protein kinase domain,...([ST])...[ST],LTPSRTPS,509,516,JUN_HUMAN,Homo sapiens,1846781,true positive,22,0,disordered
ELME000053,MOD_GSK3_1,GSK3 phosphorylation site,MOD,GSK3 phosphorylation recognition site,PF00069,Pkinase,Protein kinase domain,...([ST])...[ST],LTPSRTPS,509,516,MK67I_HUMAN,Homo sapiens,16244663,true positive,22,0,disordered
ELME000053,MOD_GSK3_1,GSK3 phosphorylation site,MOD,GSK3 phosphorylation recognition site,PF00069,Pkinase,Protein kinase domain,...([ST])...[ST],LTPSRTPS,509,516,MYC_HUMAN,Homo sapiens,14563837,true positive,22,0,disordered
ELME000053,MOD_GSK3_1,GSK3 phosphorylation site,MOD,GSK3 phosphorylation recognition site,PF00069,Pkinase,Protein kinase domain,...([ST])...[ST],LTPSRTPS,509,516,NFAC1_HUMAN,Homo sapiens,12351631,true positive,22,0,disordered
ELME000053,MOD_GSK3_1,GSK3 phosphorylation site,MOD,GSK3 phosphorylation recognition site,PF00069,Pkinase,Protein kinase domain,...([ST])...[ST],LTPSRTPS,509,516,P53_HUMAN,Homo sapiens,11483158,true positive,22,0,disordered
ELME000053,MOD_GSK3_1,GSK3 phosphorylation site,MOD,GSK3 phosphorylation recognition site,PF00069,Pkinase,Protein kinase domain,...([ST])...[ST],LTPSRTPS,509,516,SMAD1_HUMAN,Homo sapiens,17289590,true positive,22,0,disordered
ELME000053,MOD_GSK3_1,GSK3 phosphorylation site,MOD,GSK3 phosphorylation recognition site,PF00069,Pkinase,Protein kinase domain,...([ST])...[ST],LTPSRTPS,509,516,SMAD1_HUMAN,Homo sapiens,18045539,true positive,22,0,disordered
ELME000053,MOD_GSK3_1,GSK3 phosphorylation site,MOD,GSK3 phosphorylation recognition site,PF00069,Pkinase,Protein kinase domain,...([ST])...[ST],LTPSRTPS,509,516,SMAD3_HUMAN,Homo sapiens,19218245,true positive,22,0,disordered
ELME000053,MOD_GSK3_1,GSK3 phosphorylation site,MOD,GSK3 phosphorylation recognition site,PF00069,Pkinase,Protein kinase domain,...([ST])...[ST],LTPSRTPS,509,516,SNAI1_HUMAN,Homo sapiens,15448698,true positive,22,0,disordered
ELME000053,MOD_GSK3_1,GSK3 phosphorylation site,MOD,GSK3 phosphorylation recognition site,PF00069,Pkinase,Protein kinase domain,...([ST])...[ST],PSRTPSRS,511,518,ATX3_HUMAN,Homo sapiens,17434145,true positive,22,0,disordered
ELME000053,MOD_GSK3_1,GSK3 phosphorylation site,MOD,GSK3 phosphorylation recognition site,PF00069,Pkinase,Protein kinase domain,...([ST])...[ST],PSRTPSRS,511,518,CCNE1_HUMAN,Homo sapiens,14536078,true positive,22,0,disordered
ELME000053,MOD_GSK3_1,GSK3 phosphorylation site,MOD,GSK3 phosphorylation recognition site,PF00069,Pkinase,Protein kinase domain,...([ST])...[ST],PSRTPSRS,511,518,CTNB1_HUMAN,Homo sapiens,11955436 19061640 10074433,true positive,22,0,disordered
ELME000053,MOD_GSK3_1,GSK3 phosphorylation site,MOD,GSK3 phosphorylation recognition site,PF00069,Pkinase,Protein kinase domain,...([ST])...[ST],PSRTPSRS,511,518,CTNB1_MOUSE,Mus musculus,12417018,true positive,22,0,disordered
ELME000053,MOD_GSK3_1,GSK3 phosphorylation site,MOD,GSK3 phosphorylation recognition site,PF00069,Pkinase,Protein kinase domain,...([ST])...[ST],PSRTPSRS,511,518,ESR2_HUMAN,Homo sapiens,22586270,true positive,22,0,disordered
ELME000053,MOD_GSK3_1,GSK3 phosphorylation site,MOD,GSK3 phosphorylation recognition site,PF00069,Pkinase,Protein kinase domain,...([ST])...[ST],PSRTPSRS,511,518,FGD1_HUMAN,Homo sapiens,15743413,true positive,22,0,disordered
ELME000053,MOD_GSK3_1,GSK3 phosphorylation site,MOD,GSK3 phosphorylation recognition site,PF00069,Pkinase,Protein kinase domain,...([ST])...[ST],PSRTPSRS,511,518,FGD3_HUMAN,Homo sapiens,18363964,true positive,22,0,disordered
ELME000053,MOD_GSK3_1,GSK3 phosphorylation site,MOD,GSK3 phosphorylation recognition site,PF00069,Pkinase,Protein kinase domain,...([ST])...[ST],PSRTPSRS,511,518,HSF1_HUMAN,Homo sapiens,8940068,true positive,22,0,disordered
ELME000053,MOD_GSK3_1,GSK3 phosphorylation site,MOD,GSK3 phosphorylation recognition site,PF00069,Pkinase,Protein kinase domain,...([ST])...[ST],PSRTPSRS,511,518,JUN_HUMAN,Homo sapiens,1846781,true positive,22,0,disordered
ELME000053,MOD_GSK3_1,GSK3 phosphorylation site,MOD,GSK3 phosphorylation recognition site,PF00069,Pkinase,Protein kinase domain,...([ST])...[ST],PSRTPSRS,511,518,MK67I_HUMAN,Homo sapiens,16244663,true positive,22,0,disordered
ELME000053,MOD_GSK3_1,GSK3 phosphorylation site,MOD,GSK3 phosphorylation recognition site,PF00069,Pkinase,Protein kinase domain,...([ST])...[ST],PSRTPSRS,511,518,MYC_HUMAN,Homo sapiens,14563837,true positive,22,0,disordered
ELME000053,MOD_GSK3_1,GSK3 phosphorylation site,MOD,GSK3 phosphorylation recognition site,PF00069,Pkinase,Protein kinase domain,...([ST])...[ST],PSRTPSRS,511,518,NFAC1_HUMAN,Homo sapiens,12351631,true positive,22,0,disordered
ELME000053,MOD_GSK3_1,GSK3 phosphorylation site,MOD,GSK3 phosphorylation recognition site,PF00069,Pkinase,Protein kinase domain,...([ST])...[ST],PSRTPSRS,511,518,P53_HUMAN,Homo sapiens,11483158,true positive,22,0,disordered
ELME000053,MOD_GSK3_1,GSK3 phosphorylation site,MOD,GSK3 phosphorylation recognition site,PF00069,Pkinase,Protein kinase domain,...([ST])...[ST],PSRTPSRS,511,518,SMAD1_HUMAN,Homo sapiens,17289590,true positive,22,0,disordered
ELME000053,MOD_GSK3_1,GSK3 phosphorylation site,MOD,GSK3 phosphorylation recognition site,PF00069,Pkinase,Protein kinase domain,...([ST])...[ST],PSRTPSRS,511,518,SMAD1_HUMAN,Homo sapiens,18045539,true positive,22,0,disordered
ELME000053,MOD_GSK3_1,GSK3 phosphorylation site,MOD,GSK3 phosphorylation recognition site,PF00069,Pkinase,Protein kinase domain,...([ST])...[ST],PSRTPSRS,511,518,SMAD3_HUMAN,Homo sapiens,19218245,true positive,22,0,disordered
ELME000053,MOD_GSK3_1,GSK3 phosphorylation site,MOD,GSK3 phosphorylation recognition site,PF00069,Pkinase,Protein kinase domain,...([ST])...[ST],PSRTPSRS,511,518,SNAI1_HUMAN,Homo sapiens,15448698,true positive,22,0,disordered
ELME000053,MOD_GSK3_1,GSK3 phosphorylation site,MOD,GSK3 phosphorylation recognition site,PF00069,Pkinase,Protein kinase domain,...([ST])...[ST],RTPSRSAS,513,520,ATX3_HUMAN,Homo sapiens,17434145,true positive,22,0,disordered
ELME000053,MOD_GSK3_1,GSK3 phosphorylation site,MOD,GSK3 phosphorylation recognition site,PF00069,Pkinase,Protein kinase domain,...([ST])...[ST],RTPSRSAS,513,520,CCNE1_HUMAN,Homo sapiens,14536078,true positive,22,0,disordered
ELME000053,MOD_GSK3_1,GSK3 phosphorylation site,MOD,GSK3 phosphorylation recognition site,PF00069,Pkinase,Protein kinase domain,...([ST])...[ST],RTPSRSAS,513,520,CTNB1_HUMAN,Homo sapiens,11955436 19061640 10074433,true positive,22,0,disordered
ELME000053,MOD_GSK3_1,GSK3 phosphorylation site,MOD,GSK3 phosphorylation recognition site,PF00069,Pkinase,Protein kinase domain,...([ST])...[ST],RTPSRSAS,513,520,CTNB1_MOUSE,Mus musculus,12417018,true positive,22,0,disordered
ELME000053,MOD_GSK3_1,GSK3 phosphorylation site,MOD,GSK3 phosphorylation recognition site,PF00069,Pkinase,Protein kinase domain,...([ST])...[ST],RTPSRSAS,513,520,ESR2_HUMAN,Homo sapiens,22586270,true positive,22,0,disordered
ELME000053,MOD_GSK3_1,GSK3 phosphorylation site,MOD,GSK3 phosphorylation recognition site,PF00069,Pkinase,Protein kinase domain,...([ST])...[ST],RTPSRSAS,513,520,FGD1_HUMAN,Homo sapiens,15743413,true positive,22,0,disordered
ELME000053,MOD_GSK3_1,GSK3 phosphorylation site,MOD,GSK3 phosphorylation recognition site,PF00069,Pkinase,Protein kinase domain,...([ST])...[ST],RTPSRSAS,513,520,FGD3_HUMAN,Homo sapiens,18363964,true positive,22,0,disordered
ELME000053,MOD_GSK3_1,GSK3 phosphorylation site,MOD,GSK3 phosphorylation recognition site,PF00069,Pkinase,Protein kinase domain,...([ST])...[ST],RTPSRSAS,513,520,HSF1_HUMAN,Homo sapiens,8940068,true positive,22,0,disordered
ELME000053,MOD_GSK3_1,GSK3 phosphorylation site,MOD,GSK3 phosphorylation recognition site,PF00069,Pkinase,Protein kinase domain,...([ST])...[ST],RTPSRSAS,513,520,JUN_HUMAN,Homo sapiens,1846781,true positive,22,0,disordered
ELME000053,MOD_GSK3_1,GSK3 phosphorylation site,MOD,GSK3 phosphorylation recognition site,PF00069,Pkinase,Protein kinase domain,...([ST])...[ST],RTPSRSAS,513,520,MK67I_HUMAN,Homo sapiens,16244663,true positive,22,0,disordered
ELME000053,MOD_GSK3_1,GSK3 phosphorylation site,MOD,GSK3 phosphorylation recognition site,PF00069,Pkinase,Protein kinase domain,...([ST])...[ST],RTPSRSAS,513,520,MYC_HUMAN,Homo sapiens,14563837,true positive,22,0,disordered
ELME000053,MOD_GSK3_1,GSK3 phosphorylation site,MOD,GSK3 phosphorylation recognition site,PF00069,Pkinase,Protein kinase domain,...([ST])...[ST],RTPSRSAS,513,520,NFAC1_HUMAN,Homo sapiens,12351631,true positive,22,0,disordered
ELME000053,MOD_GSK3_1,GSK3 phosphorylation site,MOD,GSK3 phosphorylation recognition site,PF00069,Pkinase,Protein kinase domain,...([ST])...[ST],RTPSRSAS,513,520,P53_HUMAN,Homo sapiens,11483158,true positive,22,0,disordered
ELME000053,MOD_GSK3_1,GSK3 phosphorylation site,MOD,GSK3 phosphorylation recognition site,PF00069,Pkinase,Protein kinase domain,...([ST])...[ST],RTPSRSAS,513,520,SMAD1_HUMAN,Homo sapiens,17289590,true positive,22,0,disordered
ELME000053,MOD_GSK3_1,GSK3 phosphorylation site,MOD,GSK3 phosphorylation recognition site,PF00069,Pkinase,Protein kinase domain,...([ST])...[ST],RTPSRSAS,513,520,SMAD1_HUMAN,Homo sapiens,18045539,true positive,22,0,disordered
ELME000053,MOD_GSK3_1,GSK3 phosphorylation site,MOD,GSK3 phosphorylation recognition site,PF00069,Pkinase,Protein kinase domain,...([ST])...[ST],RTPSRSAS,513,520,SMAD3_HUMAN,Homo sapiens,19218245,true positive,22,0,disordered
ELME000053,MOD_GSK3_1,GSK3 phosphorylation site,MOD,GSK3 phosphorylation recognition site,PF00069,Pkinase,Protein kinase domain,...([ST])...[ST],RTPSRSAS,513,520,SNAI1_HUMAN,Homo sapiens,15448698,true positive,22,0,disordered
ELME000053,MOD_GSK3_1,GSK3 phosphorylation site,MOD,GSK3 phosphorylation recognition site,PF00069,Pkinase,Protein kinase domain,...([ST])...[ST],PSRSASRT,515,522,ATX3_HUMAN,Homo sapiens,17434145,true positive,22,0,disordered
ELME000053,MOD_GSK3_1,GSK3 phosphorylation site,MOD,GSK3 phosphorylation recognition site,PF00069,Pkinase,Protein kinase domain,...([ST])...[ST],PSRSASRT,515,522,CCNE1_HUMAN,Homo sapiens,14536078,true positive,22,0,disordered
ELME000053,MOD_GSK3_1,GSK3 phosphorylation site,MOD,GSK3 phosphorylation recognition site,PF00069,Pkinase,Protein kinase domain,...([ST])...[ST],PSRSASRT,515,522,CTNB1_HUMAN,Homo sapiens,11955436 19061640 10074433,true positive,22,0,disordered
ELME000053,MOD_GSK3_1,GSK3 phosphorylation site,MOD,GSK3 phosphorylation recognition site,PF00069,Pkinase,Protein kinase domain,...([ST])...[ST],PSRSASRT,515,522,CTNB1_MOUSE,Mus musculus,12417018,true positive,22,0,disordered
ELME000053,MOD_GSK3_1,GSK3 phosphorylation site,MOD,GSK3 phosphorylation recognition site,PF00069,Pkinase,Protein kinase domain,...([ST])...[ST],PSRSASRT,515,522,ESR2_HUMAN,Homo sapiens,22586270,true positive,22,0,disordered
ELME000053,MOD_GSK3_1,GSK3 phosphorylation site,MOD,GSK3 phosphorylation recognition site,PF00069,Pkinase,Protein kinase domain,...([ST])...[ST],PSRSASRT,515,522,FGD1_HUMAN,Homo sapiens,15743413,true positive,22,0,disordered
ELME000053,MOD_GSK3_1,GSK3 phosphorylation site,MOD,GSK3 phosphorylation recognition site,PF00069,Pkinase,Protein kinase domain,...([ST])...[ST],PSRSASRT,515,522,FGD3_HUMAN,Homo sapiens,18363964,true positive,22,0,disordered
ELME000053,MOD_GSK3_1,GSK3 phosphorylation site,MOD,GSK3 phosphorylation recognition site,PF00069,Pkinase,Protein kinase domain,...([ST])...[ST],PSRSASRT,515,522,HSF1_HUMAN,Homo sapiens,8940068,true positive,22,0,disordered
ELME000053,MOD_GSK3_1,GSK3 phosphorylation site,MOD,GSK3 phosphorylation recognition site,PF00069,Pkinase,Protein kinase domain,...([ST])...[ST],PSRSASRT,515,522,JUN_HUMAN,Homo sapiens,1846781,true positive,22,0,disordered
ELME000053,MOD_GSK3_1,GSK3 phosphorylation site,MOD,GSK3 phosphorylation recognition site,PF00069,Pkinase,Protein kinase domain,...([ST])...[ST],PSRSASRT,515,522,MK67I_HUMAN,Homo sapiens,16244663,true positive,22,0,disordered
ELME000053,MOD_GSK3_1,GSK3 phosphorylation site,MOD,GSK3 phosphorylation recognition site,PF00069,Pkinase,Protein kinase domain,...([ST])...[ST],PSRSASRT,515,522,MYC_HUMAN,Homo sapiens,14563837,true positive,22,0,disordered
ELME000053,MOD_GSK3_1,GSK3 phosphorylation site,MOD,GSK3 phosphorylation recognition site,PF00069,Pkinase,Protein kinase domain,...([ST])...[ST],PSRSASRT,515,522,NFAC1_HUMAN,Homo sapiens,12351631,true positive,22,0,disordered
ELME000053,MOD_GSK3_1,GSK3 phosphorylation site,MOD,GSK3 phosphorylation recognition site,PF00069,Pkinase,Protein kinase domain,...([ST])...[ST],PSRSASRT,515,522,P53_HUMAN,Homo sapiens,11483158,true positive,22,0,disordered
ELME000053,MOD_GSK3_1,GSK3 phosphorylation site,MOD,GSK3 phosphorylation recognition site,PF00069,Pkinase,Protein kinase domain,...([ST])...[ST],PSRSASRT,515,522,SMAD1_HUMAN,Homo sapiens,17289590,true positive,22,0,disordered
ELME000053,MOD_GSK3_1,GSK3 phosphorylation site,MOD,GSK3 phosphorylation recognition site,PF00069,Pkinase,Protein kinase domain,...([ST])...[ST],PSRSASRT,515,522,SMAD1_HUMAN,Homo sapiens,18045539,true positive,22,0,disordered
ELME000053,MOD_GSK3_1,GSK3 phosphorylation site,MOD,GSK3 phosphorylation recognition site,PF00069,Pkinase,Protein kinase domain,...([ST])...[ST],PSRSASRT,515,522,SMAD3_HUMAN,Homo sapiens,19218245,true positive,22,0,disordered
ELME000053,MOD_GSK3_1,GSK3 phosphorylation site,MOD,GSK3 phosphorylation recognition site,PF00069,Pkinase,Protein kinase domain,...([ST])...[ST],PSRSASRT,515,522,SNAI1_HUMAN,Homo sapiens,15448698,true positive,22,0,disordered
ELME000053,MOD_GSK3_1,GSK3 phosphorylation site,MOD,GSK3 phosphorylation recognition site,PF00069,Pkinase,Protein kinase domain,...([ST])...[ST],ASRTSLVS,519,526,ATX3_HUMAN,Homo sapiens,17434145,true positive,22,0,disordered
ELME000053,MOD_GSK3_1,GSK3 phosphorylation site,MOD,GSK3 phosphorylation recognition site,PF00069,Pkinase,Protein kinase domain,...([ST])...[ST],ASRTSLVS,519,526,CCNE1_HUMAN,Homo sapiens,14536078,true positive,22,0,disordered
ELME000053,MOD_GSK3_1,GSK3 phosphorylation site,MOD,GSK3 phosphorylation recognition site,PF00069,Pkinase,Protein kinase domain,...([ST])...[ST],ASRTSLVS,519,526,CTNB1_HUMAN,Homo sapiens,11955436 19061640 10074433,true positive,22,0,disordered
ELME000053,MOD_GSK3_1,GSK3 phosphorylation site,MOD,GSK3 phosphorylation recognition site,PF00069,Pkinase,Protein kinase domain,...([ST])...[ST],ASRTSLVS,519,526,CTNB1_MOUSE,Mus musculus,12417018,true positive,22,0,disordered
ELME000053,MOD_GSK3_1,GSK3 phosphorylation site,MOD,GSK3 phosphorylation recognition site,PF00069,Pkinase,Protein kinase domain,...([ST])...[ST],ASRTSLVS,519,526,ESR2_HUMAN,Homo sapiens,22586270,true positive,22,0,disordered
ELME000053,MOD_GSK3_1,GSK3 phosphorylation site,MOD,GSK3 phosphorylation recognition site,PF00069,Pkinase,Protein kinase domain,...([ST])...[ST],ASRTSLVS,519,526,FGD1_HUMAN,Homo sapiens,15743413,true positive,22,0,disordered
ELME000053,MOD_GSK3_1,GSK3 phosphorylation site,MOD,GSK3 phosphorylation recognition site,PF00069,Pkinase,Protein kinase domain,...([ST])...[ST],ASRTSLVS,519,526,FGD3_HUMAN,Homo sapiens,18363964,true positive,22,0,disordered
ELME000053,MOD_GSK3_1,GSK3 phosphorylation site,MOD,GSK3 phosphorylation recognition site,PF00069,Pkinase,Protein kinase domain,...([ST])...[ST],ASRTSLVS,519,526,HSF1_HUMAN,Homo sapiens,8940068,true positive,22,0,disordered
ELME000053,MOD_GSK3_1,GSK3 phosphorylation site,MOD,GSK3 phosphorylation recognition site,PF00069,Pkinase,Protein kinase domain,...([ST])...[ST],ASRTSLVS,519,526,JUN_HUMAN,Homo sapiens,1846781,true positive,22,0,disordered
ELME000053,MOD_GSK3_1,GSK3 phosphorylation site,MOD,GSK3 phosphorylation recognition site,PF00069,Pkinase,Protein kinase domain,...([ST])...[ST],ASRTSLVS,519,526,MK67I_HUMAN,Homo sapiens,16244663,true positive,22,0,disordered
ELME000053,MOD_GSK3_1,GSK3 phosphorylation site,MOD,GSK3 phosphorylation recognition site,PF00069,Pkinase,Protein kinase domain,...([ST])...[ST],ASRTSLVS,519,526,MYC_HUMAN,Homo sapiens,14563837,true positive,22,0,disordered
ELME000053,MOD_GSK3_1,GSK3 phosphorylation site,MOD,GSK3 phosphorylation recognition site,PF00069,Pkinase,Protein kinase domain,...([ST])...[ST],ASRTSLVS,519,526,NFAC1_HUMAN,Homo sapiens,12351631,true positive,22,0,disordered
ELME000053,MOD_GSK3_1,GSK3 phosphorylation site,MOD,GSK3 phosphorylation recognition site,PF00069,Pkinase,Protein kinase domain,...([ST])...[ST],ASRTSLVS,519,526,P53_HUMAN,Homo sapiens,11483158,true positive,22,0,disordered
ELME000053,MOD_GSK3_1,GSK3 phosphorylation site,MOD,GSK3 phosphorylation recognition site,PF00069,Pkinase,Protein kinase domain,...([ST])...[ST],ASRTSLVS,519,526,SMAD1_HUMAN,Homo sapiens,17289590,true positive,22,0,disordered
ELME000053,MOD_GSK3_1,GSK3 phosphorylation site,MOD,GSK3 phosphorylation recognition site,PF00069,Pkinase,Protein kinase domain,...([ST])...[ST],ASRTSLVS,519,526,SMAD1_HUMAN,Homo sapiens,18045539,true positive,22,0,disordered
ELME000053,MOD_GSK3_1,GSK3 phosphorylation site,MOD,GSK3 phosphorylation recognition site,PF00069,Pkinase,Protein kinase domain,...([ST])...[ST],ASRTSLVS,519,526,SMAD3_HUMAN,Homo sapiens,19218245,true positive,22,0,disordered
ELME000053,MOD_GSK3_1,GSK3 phosphorylation site,MOD,GSK3 phosphorylation recognition site,PF00069,Pkinase,Protein kinase domain,...([ST])...[ST],ASRTSLVS,519,526,SNAI1_HUMAN,Homo sapiens,15448698,true positive,22,0,disordered
ELME000337,MOD_NEK2_2,NEK2 phosphorylation site,,The more tolerant version of the Nek2 phosphosite motif,PF00069,Pkinase,Protein kinase domain,[FLMW][^P][^P]([ST])[^PDEGAN][RKH].,WEMTLKE,148,154,,,,,0,0,ordered
ELME000202,MOD_PIKK_1,PIKK phosphorylation site,MOD,(ST)Q motif which is phosphorylated by PIKK family members.,PF00454,PI3_PI4_kinase,Phosphatidylinositol 3- and 4-kinase,...([ST])Q..,DRLTQSL,119,125,4EBP1_RAT,Rattus norvegicus,11146653,true positive,48,0,ordered
ELME000202,MOD_PIKK_1,PIKK phosphorylation site,MOD,(ST)Q motif which is phosphorylated by PIKK family members.,PF00454,PI3_PI4_kinase,Phosphatidylinositol 3- and 4-kinase,...([ST])Q..,DRLTQSL,119,125,A0A024R7R0_HUMAN,Homo sapiens,36631611,true positive,48,0,ordered
ELME000202,MOD_PIKK_1,PIKK phosphorylation site,MOD,(ST)Q motif which is phosphorylated by PIKK family members.,PF00454,PI3_PI4_kinase,Phosphatidylinositol 3- and 4-kinase,...([ST])Q..,DRLTQSL,119,125,A0A0A0MTR7_HUMAN,Homo sapiens,36631611,true positive,48,0,ordered
ELME000202,MOD_PIKK_1,PIKK phosphorylation site,MOD,(ST)Q motif which is phosphorylated by PIKK family members.,PF00454,PI3_PI4_kinase,Phosphatidylinositol 3- and 4-kinase,...([ST])Q..,DRLTQSL,119,125,A0A0C4DG07_HUMAN,Homo sapiens,36631611,true positive,48,0,ordered
ELME000202,MOD_PIKK_1,PIKK phosphorylation site,MOD,(ST)Q motif which is phosphorylated by PIKK family members.,PF00454,PI3_PI4_kinase,Phosphatidylinositol 3- and 4-kinase,...([ST])Q..,DRLTQSL,119,125,A6NNK5_HUMAN,Homo sapiens,36631611,true positive,48,0,ordered
ELME000202,MOD_PIKK_1,PIKK phosphorylation site,MOD,(ST)Q motif which is phosphorylated by PIKK family members.,PF00454,PI3_PI4_kinase,Phosphatidylinositol 3- and 4-kinase,...([ST])Q..,DRLTQSL,119,125,A8K964_HUMAN,Homo sapiens,36631611,true positive,48,0,ordered
ELME000202,MOD_PIKK_1,PIKK phosphorylation site,MOD,(ST)Q motif which is phosphorylated by PIKK family members.,PF00454,PI3_PI4_kinase,Phosphatidylinositol 3- and 4-kinase,...([ST])Q..,DRLTQSL,119,125,ABL1_MOUSE,Mus musculus,9168116,true positive,48,0,ordered
ELME000202,MOD_PIKK_1,PIKK phosphorylation site,MOD,(ST)Q motif which is phosphorylated by PIKK family members.,PF00454,PI3_PI4_kinase,Phosphatidylinositol 3- and 4-kinase,...([ST])Q..,DRLTQSL,119,125,B7Z7Z8_HUMAN,Homo sapiens,36631611,true positive,48,0,ordered
ELME000202,MOD_PIKK_1,PIKK phosphorylation site,MOD,(ST)Q motif which is phosphorylated by PIKK family members.,PF00454,PI3_PI4_kinase,Phosphatidylinositol 3- and 4-kinase,...([ST])Q..,DRLTQSL,119,125,BLM_HUMAN,Homo sapiens,14729972,true positive,48,0,ordered
ELME000202,MOD_PIKK_1,PIKK phosphorylation site,MOD,(ST)Q motif which is phosphorylated by PIKK family members.,PF00454,PI3_PI4_kinase,Phosphatidylinositol 3- and 4-kinase,...([ST])Q..,DRLTQSL,119,125,BRCA1_HUMAN,Homo sapiens,12183412,true positive,48,0,ordered
ELME000202,MOD_PIKK_1,PIKK phosphorylation site,MOD,(ST)Q motif which is phosphorylated by PIKK family members.,PF00454,PI3_PI4_kinase,Phosphatidylinositol 3- and 4-kinase,...([ST])Q..,DRLTQSL,119,125,CHK1_HUMAN,Homo sapiens,11390642,true positive,48,0,ordered
ELME000202,MOD_PIKK_1,PIKK phosphorylation site,MOD,(ST)Q motif which is phosphorylated by PIKK family members.,PF00454,PI3_PI4_kinase,Phosphatidylinositol 3- and 4-kinase,...([ST])Q..,DRLTQSL,119,125,CHK2_HUMAN,Homo sapiens,10973490,true positive,48,0,ordered
ELME000202,MOD_PIKK_1,PIKK phosphorylation site,MOD,(ST)Q motif which is phosphorylated by PIKK family members.,PF00454,PI3_PI4_kinase,Phosphatidylinositol 3- and 4-kinase,...([ST])Q..,DRLTQSL,119,125,E2F1_HUMAN,Homo sapiens,11459832,true positive,48,0,ordered
ELME000202,MOD_PIKK_1,PIKK phosphorylation site,MOD,(ST)Q motif which is phosphorylated by PIKK family members.,PF00454,PI3_PI4_kinase,Phosphatidylinositol 3- and 4-kinase,...([ST])Q..,DRLTQSL,119,125,GCR_RAT,Rattus norvegicus,9038175,true positive,48,0,ordered
ELME000202,MOD_PIKK_1,PIKK phosphorylation site,MOD,(ST)Q motif which is phosphorylated by PIKK family members.,PF00454,PI3_PI4_kinase,Phosphatidylinositol 3- and 4-kinase,...([ST])Q..,DRLTQSL,119,125,H2A1_YEAST,Saccharomyces cerevisiae,11140636,true positive,48,0,ordered
ELME000202,MOD_PIKK_1,PIKK phosphorylation site,MOD,(ST)Q motif which is phosphorylated by PIKK family members.,PF00454,PI3_PI4_kinase,Phosphatidylinositol 3- and 4-kinase,...([ST])Q..,DRLTQSL,119,125,H2AX_MOUSE,Mus musculus,11571274,true positive,48,0,ordered
ELME000202,MOD_PIKK_1,PIKK phosphorylation site,MOD,(ST)Q motif which is phosphorylated by PIKK family members.,PF00454,PI3_PI4_kinase,Phosphatidylinositol 3- and 4-kinase,...([ST])Q..,DRLTQSL,119,125,HMGA1_HUMAN,Homo sapiens,36631611,true positive,48,0,ordered
ELME000202,MOD_PIKK_1,PIKK phosphorylation site,MOD,(ST)Q motif which is phosphorylated by PIKK family members.,PF00454,PI3_PI4_kinase,Phosphatidylinositol 3- and 4-kinase,...([ST])Q..,DRLTQSL,119,125,HS90A_HUMAN,Homo sapiens,2507541,true positive,48,0,ordered
ELME000202,MOD_PIKK_1,PIKK phosphorylation site,MOD,(ST)Q motif which is phosphorylated by PIKK family members.,PF00454,PI3_PI4_kinase,Phosphatidylinositol 3- and 4-kinase,...([ST])Q..,DRLTQSL,119,125,JUN_HUMAN,Homo sapiens,8464713,true positive,48,0,ordered
ELME000202,MOD_PIKK_1,PIKK phosphorylation site,MOD,(ST)Q motif which is phosphorylated by PIKK family members.,PF00454,PI3_PI4_kinase,Phosphatidylinositol 3- and 4-kinase,...([ST])Q..,DRLTQSL,119,125,MCM2_HUMAN,Homo sapiens,15210935,true positive,48,0,ordered
ELME000202,MOD_PIKK_1,PIKK phosphorylation site,MOD,(ST)Q motif which is phosphorylated by PIKK family members.,PF00454,PI3_PI4_kinase,Phosphatidylinositol 3- and 4-kinase,...([ST])Q..,DRLTQSL,119,125,MCM6_HUMAN,Homo sapiens,36631611,true positive,48,0,ordered
ELME000202,MOD_PIKK_1,PIKK phosphorylation site,MOD,(ST)Q motif which is phosphorylated by PIKK family members.,PF00454,PI3_PI4_kinase,Phosphatidylinositol 3- and 4-kinase,...([ST])Q..,DRLTQSL,119,125,MDM2_HUMAN,Homo sapiens,11331603,true positive,48,0,ordered
ELME000202,MOD_PIKK_1,PIKK phosphorylation site,MOD,(ST)Q motif which is phosphorylated by PIKK family members.,PF00454,PI3_PI4_kinase,Phosphatidylinositol 3- and 4-kinase,...([ST])Q..,DRLTQSL,119,125,MDM2_HUMAN,Homo sapiens,14654783,true positive,48,0,ordered
ELME000202,MOD_PIKK_1,PIKK phosphorylation site,MOD,(ST)Q motif which is phosphorylated by PIKK family members.,PF00454,PI3_PI4_kinase,Phosphatidylinositol 3- and 4-kinase,...([ST])Q..,DRLTQSL,119,125,MDM4_HUMAN,Homo sapiens,15788536 16163388,true positive,48,0,ordered
ELME000202,MOD_PIKK_1,PIKK phosphorylation site,MOD,(ST)Q motif which is phosphorylated by PIKK family members.,PF00454,PI3_PI4_kinase,Phosphatidylinositol 3- and 4-kinase,...([ST])Q..,DRLTQSL,119,125,MLL1_HUMAN,Homo sapiens,20818375,true positive,48,0,ordered
ELME000202,MOD_PIKK_1,PIKK phosphorylation site,MOD,(ST)Q motif which is phosphorylated by PIKK family members.,PF00454,PI3_PI4_kinase,Phosphatidylinositol 3- and 4-kinase,...([ST])Q..,DRLTQSL,119,125,NBN_HUMAN,Homo sapiens,10766245,true positive,48,0,ordered
ELME000202,MOD_PIKK_1,PIKK phosphorylation site,MOD,(ST)Q motif which is phosphorylated by PIKK family members.,PF00454,PI3_PI4_kinase,Phosphatidylinositol 3- and 4-kinase,...([ST])Q..,DRLTQSL,119,125,P53_HUMAN,Homo sapiens,9733515,true positive,48,0,ordered
ELME000202,MOD_PIKK_1,PIKK phosphorylation site,MOD,(ST)Q motif which is phosphorylated by PIKK family members.,PF00454,PI3_PI4_kinase,Phosphatidylinositol 3- and 4-kinase,...([ST])Q..,DRLTQSL,119,125,Q3LRH8_HUMAN,Homo sapiens,36631611,true positive,48,0,ordered
ELME000202,MOD_PIKK_1,PIKK phosphorylation site,MOD,(ST)Q motif which is phosphorylated by PIKK family members.,PF00454,PI3_PI4_kinase,Phosphatidylinositol 3- and 4-kinase,...([ST])Q..,DRLTQSL,119,125,Q5H924_HUMAN,Homo sapiens,36631611,true positive,48,0,ordered
ELME000202,MOD_PIKK_1,PIKK phosphorylation site,MOD,(ST)Q motif which is phosphorylated by PIKK family members.,PF00454,PI3_PI4_kinase,Phosphatidylinositol 3- and 4-kinase,...([ST])Q..,DRLTQSL,119,125,Q6PK95_HUMAN,Homo sapiens,36631611,true positive,48,0,ordered
ELME000202,MOD_PIKK_1,PIKK phosphorylation site,MOD,(ST)Q motif which is phosphorylated by PIKK family members.,PF00454,PI3_PI4_kinase,Phosphatidylinositol 3- and 4-kinase,...([ST])Q..,DRLTQSL,119,125,Q8AY27_XENLA,Xenopus laevis,16436514,true positive,48,0,ordered
ELME000202,MOD_PIKK_1,PIKK phosphorylation site,MOD,(ST)Q motif which is phosphorylated by PIKK family members.,PF00454,PI3_PI4_kinase,Phosphatidylinositol 3- and 4-kinase,...([ST])Q..,DRLTQSL,119,125,S4R3H4_HUMAN,Homo sapiens,36631611,true positive,48,0,ordered
ELME000202,MOD_PIKK_1,PIKK phosphorylation site,MOD,(ST)Q motif which is phosphorylated by PIKK family members.,PF00454,PI3_PI4_kinase,Phosphatidylinositol 3- and 4-kinase,...([ST])Q..,DRLTQSL,119,125,SRF_HUMAN,Homo sapiens,8407951,true positive,48,0,ordered
ELME000202,MOD_PIKK_1,PIKK phosphorylation site,MOD,(ST)Q motif which is phosphorylated by PIKK family members.,PF00454,PI3_PI4_kinase,Phosphatidylinositol 3- and 4-kinase,...([ST])Q..,DRLTQSL,119,125,SRRM2_HUMAN,Homo sapiens,36631611,true positive,48,0,ordered
ELME000202,MOD_PIKK_1,PIKK phosphorylation site,MOD,(ST)Q motif which is phosphorylated by PIKK family members.,PF00454,PI3_PI4_kinase,Phosphatidylinositol 3- and 4-kinase,...([ST])Q..,DRLTQSL,119,125,TERF1_HUMAN,Homo sapiens,11375976,true positive,48,0,ordered
ELME000202,MOD_PIKK_1,PIKK phosphorylation site,MOD,(ST)Q motif which is phosphorylated by PIKK family members.,PF00454,PI3_PI4_kinase,Phosphatidylinositol 3- and 4-kinase,...([ST])Q..,DRLTQSL,119,125,UT14A_HUMAN,Homo sapiens,36631611,true positive,48,0,ordered
ELME000202,MOD_PIKK_1,PIKK phosphorylation site,MOD,(ST)Q motif which is phosphorylated by PIKK family members.,PF00454,PI3_PI4_kinase,Phosphatidylinositol 3- and 4-kinase,...([ST])Q..,DRLTQSL,119,125,X5DRB1_HUMAN,Homo sapiens,36631611,true positive,48,0,ordered
ELME000202,MOD_PIKK_1,PIKK phosphorylation site,MOD,(ST)Q motif which is phosphorylated by PIKK family members.,PF00454,PI3_PI4_kinase,Phosphatidylinositol 3- and 4-kinase,...([ST])Q..,DRLTQSL,119,125,XPA_HUMAN,Homo sapiens,16540648,true positive,48,0,ordered
ELME000202,MOD_PIKK_1,PIKK phosphorylation site,MOD,(ST)Q motif which is phosphorylated by PIKK family members.,PF00454,PI3_PI4_kinase,Phosphatidylinositol 3- and 4-kinase,...([ST])Q..,DRLTQSL,119,125,XRCC1_HUMAN,Homo sapiens,16397295,true positive,48,0,ordered
ELME000202,MOD_PIKK_1,PIKK phosphorylation site,MOD,(ST)Q motif which is phosphorylated by PIKK family members.,PF00454,PI3_PI4_kinase,Phosphatidylinositol 3- and 4-kinase,...([ST])Q..,IQCSQPI,308,314,4EBP1_RAT,Rattus norvegicus,11146653,true positive,48,0,ordered
ELME000202,MOD_PIKK_1,PIKK phosphorylation site,MOD,(ST)Q motif which is phosphorylated by PIKK family members.,PF00454,PI3_PI4_kinase,Phosphatidylinositol 3- and 4-kinase,...([ST])Q..,IQCSQPI,308,314,A0A024R7R0_HUMAN,Homo sapiens,36631611,true positive,48,0,ordered
ELME000202,MOD_PIKK_1,PIKK phosphorylation site,MOD,(ST)Q motif which is phosphorylated by PIKK family members.,PF00454,PI3_PI4_kinase,Phosphatidylinositol 3- and 4-kinase,...([ST])Q..,IQCSQPI,308,314,A0A0A0MTR7_HUMAN,Homo sapiens,36631611,true positive,48,0,ordered
ELME000202,MOD_PIKK_1,PIKK phosphorylation site,MOD,(ST)Q motif which is phosphorylated by PIKK family members.,PF00454,PI3_PI4_kinase,Phosphatidylinositol 3- and 4-kinase,...([ST])Q..,IQCSQPI,308,314,A0A0C4DG07_HUMAN,Homo sapiens,36631611,true positive,48,0,ordered
ELME000202,MOD_PIKK_1,PIKK phosphorylation site,MOD,(ST)Q motif which is phosphorylated by PIKK family members.,PF00454,PI3_PI4_kinase,Phosphatidylinositol 3- and 4-kinase,...([ST])Q..,IQCSQPI,308,314,A6NNK5_HUMAN,Homo sapiens,36631611,true positive,48,0,ordered
ELME000202,MOD_PIKK_1,PIKK phosphorylation site,MOD,(ST)Q motif which is phosphorylated by PIKK family members.,PF00454,PI3_PI4_kinase,Phosphatidylinositol 3- and 4-kinase,...([ST])Q..,IQCSQPI,308,314,A8K964_HUMAN,Homo sapiens,36631611,true positive,48,0,ordered
ELME000202,MOD_PIKK_1,PIKK phosphorylation site,MOD,(ST)Q motif which is phosphorylated by PIKK family members.,PF00454,PI3_PI4_kinase,Phosphatidylinositol 3- and 4-kinase,...([ST])Q..,IQCSQPI,308,314,ABL1_MOUSE,Mus musculus,9168116,true positive,48,0,ordered
ELME000202,MOD_PIKK_1,PIKK phosphorylation site,MOD,(ST)Q motif which is phosphorylated by PIKK family members.,PF00454,PI3_PI4_kinase,Phosphatidylinositol 3- and 4-kinase,...([ST])Q..,IQCSQPI,308,314,B7Z7Z8_HUMAN,Homo sapiens,36631611,true positive,48,0,ordered
ELME000202,MOD_PIKK_1,PIKK phosphorylation site,MOD,(ST)Q motif which is phosphorylated by PIKK family members.,PF00454,PI3_PI4_kinase,Phosphatidylinositol 3- and 4-kinase,...([ST])Q..,IQCSQPI,308,314,BLM_HUMAN,Homo sapiens,14729972,true positive,48,0,ordered
ELME000202,MOD_PIKK_1,PIKK phosphorylation site,MOD,(ST)Q motif which is phosphorylated by PIKK family members.,PF00454,PI3_PI4_kinase,Phosphatidylinositol 3- and 4-kinase,...([ST])Q..,IQCSQPI,308,314,BRCA1_HUMAN,Homo sapiens,12183412,true positive,48,0,ordered
ELME000202,MOD_PIKK_1,PIKK phosphorylation site,MOD,(ST)Q motif which is phosphorylated by PIKK family members.,PF00454,PI3_PI4_kinase,Phosphatidylinositol 3- and 4-kinase,...([ST])Q..,IQCSQPI,308,314,CHK1_HUMAN,Homo sapiens,11390642,true positive,48,0,ordered
ELME000202,MOD_PIKK_1,PIKK phosphorylation site,MOD,(ST)Q motif which is phosphorylated by PIKK family members.,PF00454,PI3_PI4_kinase,Phosphatidylinositol 3- and 4-kinase,...([ST])Q..,IQCSQPI,308,314,CHK2_HUMAN,Homo sapiens,10973490,true positive,48,0,ordered
ELME000202,MOD_PIKK_1,PIKK phosphorylation site,MOD,(ST)Q motif which is phosphorylated by PIKK family members.,PF00454,PI3_PI4_kinase,Phosphatidylinositol 3- and 4-kinase,...([ST])Q..,IQCSQPI,308,314,E2F1_HUMAN,Homo sapiens,11459832,true positive,48,0,ordered
ELME000202,MOD_PIKK_1,PIKK phosphorylation site,MOD,(ST)Q motif which is phosphorylated by PIKK family members.,PF00454,PI3_PI4_kinase,Phosphatidylinositol 3- and 4-kinase,...([ST])Q..,IQCSQPI,308,314,GCR_RAT,Rattus norvegicus,9038175,true positive,48,0,ordered
ELME000202,MOD_PIKK_1,PIKK phosphorylation site,MOD,(ST)Q motif which is phosphorylated by PIKK family members.,PF00454,PI3_PI4_kinase,Phosphatidylinositol 3- and 4-kinase,...([ST])Q..,IQCSQPI,308,314,H2A1_YEAST,Saccharomyces cerevisiae,11140636,true positive,48,0,ordered
ELME000202,MOD_PIKK_1,PIKK phosphorylation site,MOD,(ST)Q motif which is phosphorylated by PIKK family members.,PF00454,PI3_PI4_kinase,Phosphatidylinositol 3- and 4-kinase,...([ST])Q..,IQCSQPI,308,314,H2AX_MOUSE,Mus musculus,11571274,true positive,48,0,ordered
ELME000202,MOD_PIKK_1,PIKK phosphorylation site,MOD,(ST)Q motif which is phosphorylated by PIKK family members.,PF00454,PI3_PI4_kinase,Phosphatidylinositol 3- and 4-kinase,...([ST])Q..,IQCSQPI,308,314,HMGA1_HUMAN,Homo sapiens,36631611,true positive,48,0,ordered
ELME000202,MOD_PIKK_1,PIKK phosphorylation site,MOD,(ST)Q motif which is phosphorylated by PIKK family members.,PF00454,PI3_PI4_kinase,Phosphatidylinositol 3- and 4-kinase,...([ST])Q..,IQCSQPI,308,314,HS90A_HUMAN,Homo sapiens,2507541,true positive,48,0,ordered
ELME000202,MOD_PIKK_1,PIKK phosphorylation site,MOD,(ST)Q motif which is phosphorylated by PIKK family members.,PF00454,PI3_PI4_kinase,Phosphatidylinositol 3- and 4-kinase,...([ST])Q..,IQCSQPI,308,314,JUN_HUMAN,Homo sapiens,8464713,true positive,48,0,ordered
ELME000202,MOD_PIKK_1,PIKK phosphorylation site,MOD,(ST)Q motif which is phosphorylated by PIKK family members.,PF00454,PI3_PI4_kinase,Phosphatidylinositol 3- and 4-kinase,...([ST])Q..,IQCSQPI,308,314,MCM2_HUMAN,Homo sapiens,15210935,true positive,48,0,ordered
ELME000202,MOD_PIKK_1,PIKK phosphorylation site,MOD,(ST)Q motif which is phosphorylated by PIKK family members.,PF00454,PI3_PI4_kinase,Phosphatidylinositol 3- and 4-kinase,...([ST])Q..,IQCSQPI,308,314,MCM6_HUMAN,Homo sapiens,36631611,true positive,48,0,ordered
ELME000202,MOD_PIKK_1,PIKK phosphorylation site,MOD,(ST)Q motif which is phosphorylated by PIKK family members.,PF00454,PI3_PI4_kinase,Phosphatidylinositol 3- and 4-kinase,...([ST])Q..,IQCSQPI,308,314,MDM2_HUMAN,Homo sapiens,11331603,true positive,48,0,ordered
ELME000202,MOD_PIKK_1,PIKK phosphorylation site,MOD,(ST)Q motif which is phosphorylated by PIKK family members.,PF00454,PI3_PI4_kinase,Phosphatidylinositol 3- and 4-kinase,...([ST])Q..,IQCSQPI,308,314,MDM2_HUMAN,Homo sapiens,14654783,true positive,48,0,ordered
ELME000202,MOD_PIKK_1,PIKK phosphorylation site,MOD,(ST)Q motif which is phosphorylated by PIKK family members.,PF00454,PI3_PI4_kinase,Phosphatidylinositol 3- and 4-kinase,...([ST])Q..,IQCSQPI,308,314,MDM4_HUMAN,Homo sapiens,15788536 16163388,true positive,48,0,ordered
ELME000202,MOD_PIKK_1,PIKK phosphorylation site,MOD,(ST)Q motif which is phosphorylated by PIKK family members.,PF00454,PI3_PI4_kinase,Phosphatidylinositol 3- and 4-kinase,...([ST])Q..,IQCSQPI,308,314,MLL1_HUMAN,Homo sapiens,20818375,true positive,48,0,ordered
ELME000202,MOD_PIKK_1,PIKK phosphorylation site,MOD,(ST)Q motif which is phosphorylated by PIKK family members.,PF00454,PI3_PI4_kinase,Phosphatidylinositol 3- and 4-kinase,...([ST])Q..,IQCSQPI,308,314,NBN_HUMAN,Homo sapiens,10766245,true positive,48,0,ordered
ELME000202,MOD_PIKK_1,PIKK phosphorylation site,MOD,(ST)Q motif which is phosphorylated by PIKK family members.,PF00454,PI3_PI4_kinase,Phosphatidylinositol 3- and 4-kinase,...([ST])Q..,IQCSQPI,308,314,P53_HUMAN,Homo sapiens,9733515,true positive,48,0,ordered
ELME000202,MOD_PIKK_1,PIKK phosphorylation site,MOD,(ST)Q motif which is phosphorylated by PIKK family members.,PF00454,PI3_PI4_kinase,Phosphatidylinositol 3- and 4-kinase,...([ST])Q..,IQCSQPI,308,314,Q3LRH8_HUMAN,Homo sapiens,36631611,true positive,48,0,ordered
ELME000202,MOD_PIKK_1,PIKK phosphorylation site,MOD,(ST)Q motif which is phosphorylated by PIKK family members.,PF00454,PI3_PI4_kinase,Phosphatidylinositol 3- and 4-kinase,...([ST])Q..,IQCSQPI,308,314,Q5H924_HUMAN,Homo sapiens,36631611,true positive,48,0,ordered
ELME000202,MOD_PIKK_1,PIKK phosphorylation site,MOD,(ST)Q motif which is phosphorylated by PIKK family members.,PF00454,PI3_PI4_kinase,Phosphatidylinositol 3- and 4-kinase,...([ST])Q..,IQCSQPI,308,314,Q6PK95_HUMAN,Homo sapiens,36631611,true positive,48,0,ordered
ELME000202,MOD_PIKK_1,PIKK phosphorylation site,MOD,(ST)Q motif which is phosphorylated by PIKK family members.,PF00454,PI3_PI4_kinase,Phosphatidylinositol 3- and 4-kinase,...([ST])Q..,IQCSQPI,308,314,Q8AY27_XENLA,Xenopus laevis,16436514,true positive,48,0,ordered
ELME000202,MOD_PIKK_1,PIKK phosphorylation site,MOD,(ST)Q motif which is phosphorylated by PIKK family members.,PF00454,PI3_PI4_kinase,Phosphatidylinositol 3- and 4-kinase,...([ST])Q..,IQCSQPI,308,314,S4R3H4_HUMAN,Homo sapiens,36631611,true positive,48,0,ordered
ELME000202,MOD_PIKK_1,PIKK phosphorylation site,MOD,(ST)Q motif which is phosphorylated by PIKK family members.,PF00454,PI3_PI4_kinase,Phosphatidylinositol 3- and 4-kinase,...([ST])Q..,IQCSQPI,308,314,SRF_HUMAN,Homo sapiens,8407951,true positive,48,0,ordered
ELME000202,MOD_PIKK_1,PIKK phosphorylation site,MOD,(ST)Q motif which is phosphorylated by PIKK family members.,PF00454,PI3_PI4_kinase,Phosphatidylinositol 3- and 4-kinase,...([ST])Q..,IQCSQPI,308,314,SRRM2_HUMAN,Homo sapiens,36631611,true positive,48,0,ordered
ELME000202,MOD_PIKK_1,PIKK phosphorylation site,MOD,(ST)Q motif which is phosphorylated by PIKK family members.,PF00454,PI3_PI4_kinase,Phosphatidylinositol 3- and 4-kinase,...([ST])Q..,IQCSQPI,308,314,TERF1_HUMAN,Homo sapiens,11375976,true positive,48,0,ordered
ELME000202,MOD_PIKK_1,PIKK phosphorylation site,MOD,(ST)Q motif which is phosphorylated by PIKK family members.,PF00454,PI3_PI4_kinase,Phosphatidylinositol 3- and 4-kinase,...([ST])Q..,IQCSQPI,308,314,UT14A_HUMAN,Homo sapiens,36631611,true positive,48,0,ordered
ELME000202,MOD_PIKK_1,PIKK phosphorylation site,MOD,(ST)Q motif which is phosphorylated by PIKK family members.,PF00454,PI3_PI4_kinase,Phosphatidylinositol 3- and 4-kinase,...([ST])Q..,IQCSQPI,308,314,X5DRB1_HUMAN,Homo sapiens,36631611,true positive,48,0,ordered
ELME000202,MOD_PIKK_1,PIKK phosphorylation site,MOD,(ST)Q motif which is phosphorylated by PIKK family members.,PF00454,PI3_PI4_kinase,Phosphatidylinositol 3- and 4-kinase,...([ST])Q..,IQCSQPI,308,314,XPA_HUMAN,Homo sapiens,16540648,true positive,48,0,ordered
ELME000202,MOD_PIKK_1,PIKK phosphorylation site,MOD,(ST)Q motif which is phosphorylated by PIKK family members.,PF00454,PI3_PI4_kinase,Phosphatidylinositol 3- and 4-kinase,...([ST])Q..,IQCSQPI,308,314,XRCC1_HUMAN,Homo sapiens,16397295,true positive,48,0,ordered
ELME000062,MOD_PKA_2,PKA Phosphorylation site,MOD,Secondary preference for PKA-type AGC kinase phosphorylation.,PF00069,Pkinase,Protein kinase domain,.R.([ST])[^P]..,DRLTQSL,119,125,AKT2_ARATH,Arabidopsis thaliana,16297070,true positive,28,0,ordered
ELME000062,MOD_PKA_2,PKA Phosphorylation site,MOD,Secondary preference for PKA-type AGC kinase phosphorylation.,PF00069,Pkinase,Protein kinase domain,.R.([ST])[^P]..,DRLTQSL,119,125,B9EIS4_HUMAN,Homo sapiens,15946941,true positive,28,0,ordered
ELME000062,MOD_PKA_2,PKA Phosphorylation site,MOD,Secondary preference for PKA-type AGC kinase phosphorylation.,PF00069,Pkinase,Protein kinase domain,.R.([ST])[^P]..,DRLTQSL,119,125,BIRC5_HUMAN,Homo sapiens,17612487,true positive,28,0,ordered
ELME000062,MOD_PKA_2,PKA Phosphorylation site,MOD,Secondary preference for PKA-type AGC kinase phosphorylation.,PF00069,Pkinase,Protein kinase domain,.R.([ST])[^P]..,DRLTQSL,119,125,C2TA_HUMAN,Homo sapiens,11416140,true positive,28,0,ordered
ELME000062,MOD_PKA_2,PKA Phosphorylation site,MOD,Secondary preference for PKA-type AGC kinase phosphorylation.,PF00069,Pkinase,Protein kinase domain,.R.([ST])[^P]..,DRLTQSL,119,125,CCG2_MOUSE,Mus musculus,11805122,true positive,28,0,ordered
ELME000062,MOD_PKA_2,PKA Phosphorylation site,MOD,Secondary preference for PKA-type AGC kinase phosphorylation.,PF00069,Pkinase,Protein kinase domain,.R.([ST])[^P]..,DRLTQSL,119,125,CSKP_RAT,Rattus norvegicus,20067577,true positive,28,0,ordered
ELME000062,MOD_PKA_2,PKA Phosphorylation site,MOD,Secondary preference for PKA-type AGC kinase phosphorylation.,PF00069,Pkinase,Protein kinase domain,.R.([ST])[^P]..,DRLTQSL,119,125,EF2K_RAT,Rattus norvegicus,11171050,true positive,28,0,ordered
ELME000062,MOD_PKA_2,PKA Phosphorylation site,MOD,Secondary preference for PKA-type AGC kinase phosphorylation.,PF00069,Pkinase,Protein kinase domain,.R.([ST])[^P]..,DRLTQSL,119,125,GDIR1_HUMAN,Homo sapiens,18768928,true positive,28,0,ordered
ELME000062,MOD_PKA_2,PKA Phosphorylation site,MOD,Secondary preference for PKA-type AGC kinase phosphorylation.,PF00069,Pkinase,Protein kinase domain,.R.([ST])[^P]..,DRLTQSL,119,125,HSPB8_HUMAN,Homo sapiens,18298377,true positive,28,0,ordered
ELME000062,MOD_PKA_2,PKA Phosphorylation site,MOD,Secondary preference for PKA-type AGC kinase phosphorylation.,PF00069,Pkinase,Protein kinase domain,.R.([ST])[^P]..,DRLTQSL,119,125,IRK1_HUMAN,Homo sapiens,8621594,true positive,28,0,ordered
ELME000062,MOD_PKA_2,PKA Phosphorylation site,MOD,Secondary preference for PKA-type AGC kinase phosphorylation.,PF00069,Pkinase,Protein kinase domain,.R.([ST])[^P]..,DRLTQSL,119,125,MEF2D_MOUSE,Mus musculus,18299387,true positive,28,0,ordered
ELME000062,MOD_PKA_2,PKA Phosphorylation site,MOD,Secondary preference for PKA-type AGC kinase phosphorylation.,PF00069,Pkinase,Protein kinase domain,.R.([ST])[^P]..,DRLTQSL,119,125,NEB2_RAT,Rattus norvegicus,12417592,true positive,28,0,ordered
ELME000062,MOD_PKA_2,PKA Phosphorylation site,MOD,Secondary preference for PKA-type AGC kinase phosphorylation.,PF00069,Pkinase,Protein kinase domain,.R.([ST])[^P]..,DRLTQSL,119,125,NFAC1_HUMAN,Homo sapiens,12351631,true positive,28,0,ordered
ELME000062,MOD_PKA_2,PKA Phosphorylation site,MOD,Secondary preference for PKA-type AGC kinase phosphorylation.,PF00069,Pkinase,Protein kinase domain,.R.([ST])[^P]..,DRLTQSL,119,125,NOXA1_HUMAN,Homo sapiens,17913709,true positive,28,0,ordered
ELME000062,MOD_PKA_2,PKA Phosphorylation site,MOD,Secondary preference for PKA-type AGC kinase phosphorylation.,PF00069,Pkinase,Protein kinase domain,.R.([ST])[^P]..,DRLTQSL,119,125,PELP1_HUMAN,Homo sapiens,18505929,true positive,28,0,ordered
ELME000062,MOD_PKA_2,PKA Phosphorylation site,MOD,Secondary preference for PKA-type AGC kinase phosphorylation.,PF00069,Pkinase,Protein kinase domain,.R.([ST])[^P]..,DRLTQSL,119,125,PKD1_MOUSE,Mus musculus,10364454,true positive,28,0,ordered
ELME000062,MOD_PKA_2,PKA Phosphorylation site,MOD,Secondary preference for PKA-type AGC kinase phosphorylation.,PF00069,Pkinase,Protein kinase domain,.R.([ST])[^P]..,DRLTQSL,119,125,PLSL_HUMAN,Homo sapiens,16636079 10446213,true positive,28,0,ordered
ELME000062,MOD_PKA_2,PKA Phosphorylation site,MOD,Secondary preference for PKA-type AGC kinase phosphorylation.,PF00069,Pkinase,Protein kinase domain,.R.([ST])[^P]..,DRLTQSL,119,125,Q26658_STRPU,Strongylocentrotus purpuratus,10207092,true positive,28,0,ordered
ELME000062,MOD_PKA_2,PKA Phosphorylation site,MOD,Secondary preference for PKA-type AGC kinase phosphorylation.,PF00069,Pkinase,Protein kinase domain,.R.([ST])[^P]..,DRLTQSL,119,125,RXRA_HUMAN,Homo sapiens,11162439,true positive,28,0,ordered
ELME000062,MOD_PKA_2,PKA Phosphorylation site,MOD,Secondary preference for PKA-type AGC kinase phosphorylation.,PF00069,Pkinase,Protein kinase domain,.R.([ST])[^P]..,DRLTQSL,119,125,SCN5A_RAT,Rattus norvegicus,8910529,true positive,28,0,ordered
ELME000062,MOD_PKA_2,PKA Phosphorylation site,MOD,Secondary preference for PKA-type AGC kinase phosphorylation.,PF00069,Pkinase,Protein kinase domain,.R.([ST])[^P]..,DRLTQSL,119,125,SNAPN_RAT,Rattus norvegicus,12887314 11283605,true positive,28,0,ordered
ELME000062,MOD_PKA_2,PKA Phosphorylation site,MOD,Secondary preference for PKA-type AGC kinase phosphorylation.,PF00069,Pkinase,Protein kinase domain,.R.([ST])[^P]..,DRLTQSL,119,125,THOP1_RAT,Rattus norvegicus,10969067,true positive,28,0,ordered
ELME000062,MOD_PKA_2,PKA Phosphorylation site,MOD,Secondary preference for PKA-type AGC kinase phosphorylation.,PF00069,Pkinase,Protein kinase domain,.R.([ST])[^P]..,YRITGVQ,300,306,AKT2_ARATH,Arabidopsis thaliana,16297070,true positive,28,0,ordered
ELME000062,MOD_PKA_2,PKA Phosphorylation site,MOD,Secondary preference for PKA-type AGC kinase phosphorylation.,PF00069,Pkinase,Protein kinase domain,.R.([ST])[^P]..,YRITGVQ,300,306,B9EIS4_HUMAN,Homo sapiens,15946941,true positive,28,0,ordered
ELME000062,MOD_PKA_2,PKA Phosphorylation site,MOD,Secondary preference for PKA-type AGC kinase phosphorylation.,PF00069,Pkinase,Protein kinase domain,.R.([ST])[^P]..,YRITGVQ,300,306,BIRC5_HUMAN,Homo sapiens,17612487,true positive,28,0,ordered
ELME000062,MOD_PKA_2,PKA Phosphorylation site,MOD,Secondary preference for PKA-type AGC kinase phosphorylation.,PF00069,Pkinase,Protein kinase domain,.R.([ST])[^P]..,YRITGVQ,300,306,C2TA_HUMAN,Homo sapiens,11416140,true positive,28,0,ordered
ELME000062,MOD_PKA_2,PKA Phosphorylation site,MOD,Secondary preference for PKA-type AGC kinase phosphorylation.,PF00069,Pkinase,Protein kinase domain,.R.([ST])[^P]..,YRITGVQ,300,306,CCG2_MOUSE,Mus musculus,11805122,true positive,28,0,ordered
ELME000062,MOD_PKA_2,PKA Phosphorylation site,MOD,Secondary preference for PKA-type AGC kinase phosphorylation.,PF00069,Pkinase,Protein kinase domain,.R.([ST])[^P]..,YRITGVQ,300,306,CSKP_RAT,Rattus norvegicus,20067577,true positive,28,0,ordered
ELME000062,MOD_PKA_2,PKA Phosphorylation site,MOD,Secondary preference for PKA-type AGC kinase phosphorylation.,PF00069,Pkinase,Protein kinase domain,.R.([ST])[^P]..,YRITGVQ,300,306,EF2K_RAT,Rattus norvegicus,11171050,true positive,28,0,ordered
ELME000062,MOD_PKA_2,PKA Phosphorylation site,MOD,Secondary preference for PKA-type AGC kinase phosphorylation.,PF00069,Pkinase,Protein kinase domain,.R.([ST])[^P]..,YRITGVQ,300,306,GDIR1_HUMAN,Homo sapiens,18768928,true positive,28,0,ordered
ELME000062,MOD_PKA_2,PKA Phosphorylation site,MOD,Secondary preference for PKA-type AGC kinase phosphorylation.,PF00069,Pkinase,Protein kinase domain,.R.([ST])[^P]..,YRITGVQ,300,306,HSPB8_HUMAN,Homo sapiens,18298377,true positive,28,0,ordered
ELME000062,MOD_PKA_2,PKA Phosphorylation site,MOD,Secondary preference for PKA-type AGC kinase phosphorylation.,PF00069,Pkinase,Protein kinase domain,.R.([ST])[^P]..,YRITGVQ,300,306,IRK1_HUMAN,Homo sapiens,8621594,true positive,28,0,ordered
ELME000062,MOD_PKA_2,PKA Phosphorylation site,MOD,Secondary preference for PKA-type AGC kinase phosphorylation.,PF00069,Pkinase,Protein kinase domain,.R.([ST])[^P]..,YRITGVQ,300,306,MEF2D_MOUSE,Mus musculus,18299387,true positive,28,0,ordered
ELME000062,MOD_PKA_2,PKA Phosphorylation site,MOD,Secondary preference for PKA-type AGC kinase phosphorylation.,PF00069,Pkinase,Protein kinase domain,.R.([ST])[^P]..,YRITGVQ,300,306,NEB2_RAT,Rattus norvegicus,12417592,true positive,28,0,ordered
ELME000062,MOD_PKA_2,PKA Phosphorylation site,MOD,Secondary preference for PKA-type AGC kinase phosphorylation.,PF00069,Pkinase,Protein kinase domain,.R.([ST])[^P]..,YRITGVQ,300,306,NFAC1_HUMAN,Homo sapiens,12351631,true positive,28,0,ordered
ELME000062,MOD_PKA_2,PKA Phosphorylation site,MOD,Secondary preference for PKA-type AGC kinase phosphorylation.,PF00069,Pkinase,Protein kinase domain,.R.([ST])[^P]..,YRITGVQ,300,306,NOXA1_HUMAN,Homo sapiens,17913709,true positive,28,0,ordered
ELME000062,MOD_PKA_2,PKA Phosphorylation site,MOD,Secondary preference for PKA-type AGC kinase phosphorylation.,PF00069,Pkinase,Protein kinase domain,.R.([ST])[^P]..,YRITGVQ,300,306,PELP1_HUMAN,Homo sapiens,18505929,true positive,28,0,ordered
ELME000062,MOD_PKA_2,PKA Phosphorylation site,MOD,Secondary preference for PKA-type AGC kinase phosphorylation.,PF00069,Pkinase,Protein kinase domain,.R.([ST])[^P]..,YRITGVQ,300,306,PKD1_MOUSE,Mus musculus,10364454,true positive,28,0,ordered
ELME000062,MOD_PKA_2,PKA Phosphorylation site,MOD,Secondary preference for PKA-type AGC kinase phosphorylation.,PF00069,Pkinase,Protein kinase domain,.R.([ST])[^P]..,YRITGVQ,300,306,PLSL_HUMAN,Homo sapiens,16636079 10446213,true positive,28,0,ordered
ELME000062,MOD_PKA_2,PKA Phosphorylation site,MOD,Secondary preference for PKA-type AGC kinase phosphorylation.,PF00069,Pkinase,Protein kinase domain,.R.([ST])[^P]..,YRITGVQ,300,306,Q26658_STRPU,Strongylocentrotus purpuratus,10207092,true positive,28,0,ordered
ELME000062,MOD_PKA_2,PKA Phosphorylation site,MOD,Secondary preference for PKA-type AGC kinase phosphorylation.,PF00069,Pkinase,Protein kinase domain,.R.([ST])[^P]..,YRITGVQ,300,306,RXRA_HUMAN,Homo sapiens,11162439,true positive,28,0,ordered
ELME000062,MOD_PKA_2,PKA Phosphorylation site,MOD,Secondary preference for PKA-type AGC kinase phosphorylation.,PF00069,Pkinase,Protein kinase domain,.R.([ST])[^P]..,YRITGVQ,300,306,SCN5A_RAT,Rattus norvegicus,8910529,true positive,28,0,ordered
ELME000062,MOD_PKA_2,PKA Phosphorylation site,MOD,Secondary preference for PKA-type AGC kinase phosphorylation.,PF00069,Pkinase,Protein kinase domain,.R.([ST])[^P]..,YRITGVQ,300,306,SNAPN_RAT,Rattus norvegicus,12887314 11283605,true positive,28,0,ordered
ELME000062,MOD_PKA_2,PKA Phosphorylation site,MOD,Secondary preference for PKA-type AGC kinase phosphorylation.,PF00069,Pkinase,Protein kinase domain,.R.([ST])[^P]..,YRITGVQ,300,306,THOP1_RAT,Rattus norvegicus,10969067,true positive,28,0,ordered
ELME000062,MOD_PKA_2,PKA Phosphorylation site,MOD,Secondary preference for PKA-type AGC kinase phosphorylation.,PF00069,Pkinase,Protein kinase domain,.R.([ST])[^P]..,SRASSRI,482,488,AKT2_ARATH,Arabidopsis thaliana,16297070,true positive,28,0,disordered
ELME000062,MOD_PKA_2,PKA Phosphorylation site,MOD,Secondary preference for PKA-type AGC kinase phosphorylation.,PF00069,Pkinase,Protein kinase domain,.R.([ST])[^P]..,SRASSRI,482,488,B9EIS4_HUMAN,Homo sapiens,15946941,true positive,28,0,disordered
ELME000062,MOD_PKA_2,PKA Phosphorylation site,MOD,Secondary preference for PKA-type AGC kinase phosphorylation.,PF00069,Pkinase,Protein kinase domain,.R.([ST])[^P]..,SRASSRI,482,488,BIRC5_HUMAN,Homo sapiens,17612487,true positive,28,0,disordered
ELME000062,MOD_PKA_2,PKA Phosphorylation site,MOD,Secondary preference for PKA-type AGC kinase phosphorylation.,PF00069,Pkinase,Protein kinase domain,.R.([ST])[^P]..,SRASSRI,482,488,C2TA_HUMAN,Homo sapiens,11416140,true positive,28,0,disordered
ELME000062,MOD_PKA_2,PKA Phosphorylation site,MOD,Secondary preference for PKA-type AGC kinase phosphorylation.,PF00069,Pkinase,Protein kinase domain,.R.([ST])[^P]..,SRASSRI,482,488,CCG2_MOUSE,Mus musculus,11805122,true positive,28,0,disordered
ELME000062,MOD_PKA_2,PKA Phosphorylation site,MOD,Secondary preference for PKA-type AGC kinase phosphorylation.,PF00069,Pkinase,Protein kinase domain,.R.([ST])[^P]..,SRASSRI,482,488,CSKP_RAT,Rattus norvegicus,20067577,true positive,28,0,disordered
ELME000062,MOD_PKA_2,PKA Phosphorylation site,MOD,Secondary preference for PKA-type AGC kinase phosphorylation.,PF00069,Pkinase,Protein kinase domain,.R.([ST])[^P]..,SRASSRI,482,488,EF2K_RAT,Rattus norvegicus,11171050,true positive,28,0,disordered
ELME000062,MOD_PKA_2,PKA Phosphorylation site,MOD,Secondary preference for PKA-type AGC kinase phosphorylation.,PF00069,Pkinase,Protein kinase domain,.R.([ST])[^P]..,SRASSRI,482,488,GDIR1_HUMAN,Homo sapiens,18768928,true positive,28,0,disordered
ELME000062,MOD_PKA_2,PKA Phosphorylation site,MOD,Secondary preference for PKA-type AGC kinase phosphorylation.,PF00069,Pkinase,Protein kinase domain,.R.([ST])[^P]..,SRASSRI,482,488,HSPB8_HUMAN,Homo sapiens,18298377,true positive,28,0,disordered
ELME000062,MOD_PKA_2,PKA Phosphorylation site,MOD,Secondary preference for PKA-type AGC kinase phosphorylation.,PF00069,Pkinase,Protein kinase domain,.R.([ST])[^P]..,SRASSRI,482,488,IRK1_HUMAN,Homo sapiens,8621594,true positive,28,0,disordered
ELME000062,MOD_PKA_2,PKA Phosphorylation site,MOD,Secondary preference for PKA-type AGC kinase phosphorylation.,PF00069,Pkinase,Protein kinase domain,.R.([ST])[^P]..,SRASSRI,482,488,MEF2D_MOUSE,Mus musculus,18299387,true positive,28,0,disordered
ELME000062,MOD_PKA_2,PKA Phosphorylation site,MOD,Secondary preference for PKA-type AGC kinase phosphorylation.,PF00069,Pkinase,Protein kinase domain,.R.([ST])[^P]..,SRASSRI,482,488,NEB2_RAT,Rattus norvegicus,12417592,true positive,28,0,disordered
ELME000062,MOD_PKA_2,PKA Phosphorylation site,MOD,Secondary preference for PKA-type AGC kinase phosphorylation.,PF00069,Pkinase,Protein kinase domain,.R.([ST])[^P]..,SRASSRI,482,488,NFAC1_HUMAN,Homo sapiens,12351631,true positive,28,0,disordered
ELME000062,MOD_PKA_2,PKA Phosphorylation site,MOD,Secondary preference for PKA-type AGC kinase phosphorylation.,PF00069,Pkinase,Protein kinase domain,.R.([ST])[^P]..,SRASSRI,482,488,NOXA1_HUMAN,Homo sapiens,17913709,true positive,28,0,disordered
ELME000062,MOD_PKA_2,PKA Phosphorylation site,MOD,Secondary preference for PKA-type AGC kinase phosphorylation.,PF00069,Pkinase,Protein kinase domain,.R.([ST])[^P]..,SRASSRI,482,488,PELP1_HUMAN,Homo sapiens,18505929,true positive,28,0,disordered
ELME000062,MOD_PKA_2,PKA Phosphorylation site,MOD,Secondary preference for PKA-type AGC kinase phosphorylation.,PF00069,Pkinase,Protein kinase domain,.R.([ST])[^P]..,SRASSRI,482,488,PKD1_MOUSE,Mus musculus,10364454,true positive,28,0,disordered
ELME000062,MOD_PKA_2,PKA Phosphorylation site,MOD,Secondary preference for PKA-type AGC kinase phosphorylation.,PF00069,Pkinase,Protein kinase domain,.R.([ST])[^P]..,SRASSRI,482,488,PLSL_HUMAN,Homo sapiens,16636079 10446213,true positive,28,0,disordered
ELME000062,MOD_PKA_2,PKA Phosphorylation site,MOD,Secondary preference for PKA-type AGC kinase phosphorylation.,PF00069,Pkinase,Protein kinase domain,.R.([ST])[^P]..,SRASSRI,482,488,Q26658_STRPU,Strongylocentrotus purpuratus,10207092,true positive,28,0,disordered
ELME000062,MOD_PKA_2,PKA Phosphorylation site,MOD,Secondary preference for PKA-type AGC kinase phosphorylation.,PF00069,Pkinase,Protein kinase domain,.R.([ST])[^P]..,SRASSRI,482,488,RXRA_HUMAN,Homo sapiens,11162439,true positive,28,0,disordered
ELME000062,MOD_PKA_2,PKA Phosphorylation site,MOD,Secondary preference for PKA-type AGC kinase phosphorylation.,PF00069,Pkinase,Protein kinase domain,.R.([ST])[^P]..,SRASSRI,482,488,SCN5A_RAT,Rattus norvegicus,8910529,true positive,28,0,disordered
ELME000062,MOD_PKA_2,PKA Phosphorylation site,MOD,Secondary preference for PKA-type AGC kinase phosphorylation.,PF00069,Pkinase,Protein kinase domain,.R.([ST])[^P]..,SRASSRI,482,488,SNAPN_RAT,Rattus norvegicus,12887314 11283605,true positive,28,0,disordered
ELME000062,MOD_PKA_2,PKA Phosphorylation site,MOD,Secondary preference for PKA-type AGC kinase phosphorylation.,PF00069,Pkinase,Protein kinase domain,.R.([ST])[^P]..,SRASSRI,482,488,THOP1_RAT,Rattus norvegicus,10969067,true positive,28,0,disordered
ELME000062,MOD_PKA_2,PKA Phosphorylation site,MOD,Secondary preference for PKA-type AGC kinase phosphorylation.,PF00069,Pkinase,Protein kinase domain,.R.([ST])[^P]..,SRISLVS,486,492,AKT2_ARATH,Arabidopsis thaliana,16297070,true positive,28,0,disordered
ELME000062,MOD_PKA_2,PKA Phosphorylation site,MOD,Secondary preference for PKA-type AGC kinase phosphorylation.,PF00069,Pkinase,Protein kinase domain,.R.([ST])[^P]..,SRISLVS,486,492,B9EIS4_HUMAN,Homo sapiens,15946941,true positive,28,0,disordered
ELME000062,MOD_PKA_2,PKA Phosphorylation site,MOD,Secondary preference for PKA-type AGC kinase phosphorylation.,PF00069,Pkinase,Protein kinase domain,.R.([ST])[^P]..,SRISLVS,486,492,BIRC5_HUMAN,Homo sapiens,17612487,true positive,28,0,disordered
ELME000062,MOD_PKA_2,PKA Phosphorylation site,MOD,Secondary preference for PKA-type AGC kinase phosphorylation.,PF00069,Pkinase,Protein kinase domain,.R.([ST])[^P]..,SRISLVS,486,492,C2TA_HUMAN,Homo sapiens,11416140,true positive,28,0,disordered
ELME000062,MOD_PKA_2,PKA Phosphorylation site,MOD,Secondary preference for PKA-type AGC kinase phosphorylation.,PF00069,Pkinase,Protein kinase domain,.R.([ST])[^P]..,SRISLVS,486,492,CCG2_MOUSE,Mus musculus,11805122,true positive,28,0,disordered
ELME000062,MOD_PKA_2,PKA Phosphorylation site,MOD,Secondary preference for PKA-type AGC kinase phosphorylation.,PF00069,Pkinase,Protein kinase domain,.R.([ST])[^P]..,SRISLVS,486,492,CSKP_RAT,Rattus norvegicus,20067577,true positive,28,0,disordered
ELME000062,MOD_PKA_2,PKA Phosphorylation site,MOD,Secondary preference for PKA-type AGC kinase phosphorylation.,PF00069,Pkinase,Protein kinase domain,.R.([ST])[^P]..,SRISLVS,486,492,EF2K_RAT,Rattus norvegicus,11171050,true positive,28,0,disordered
ELME000062,MOD_PKA_2,PKA Phosphorylation site,MOD,Secondary preference for PKA-type AGC kinase phosphorylation.,PF00069,Pkinase,Protein kinase domain,.R.([ST])[^P]..,SRISLVS,486,492,GDIR1_HUMAN,Homo sapiens,18768928,true positive,28,0,disordered
ELME000062,MOD_PKA_2,PKA Phosphorylation site,MOD,Secondary preference for PKA-type AGC kinase phosphorylation.,PF00069,Pkinase,Protein kinase domain,.R.([ST])[^P]..,SRISLVS,486,492,HSPB8_HUMAN,Homo sapiens,18298377,true positive,28,0,disordered
ELME000062,MOD_PKA_2,PKA Phosphorylation site,MOD,Secondary preference for PKA-type AGC kinase phosphorylation.,PF00069,Pkinase,Protein kinase domain,.R.([ST])[^P]..,SRISLVS,486,492,IRK1_HUMAN,Homo sapiens,8621594,true positive,28,0,disordered
ELME000062,MOD_PKA_2,PKA Phosphorylation site,MOD,Secondary preference for PKA-type AGC kinase phosphorylation.,PF00069,Pkinase,Protein kinase domain,.R.([ST])[^P]..,SRISLVS,486,492,MEF2D_MOUSE,Mus musculus,18299387,true positive,28,0,disordered
ELME000062,MOD_PKA_2,PKA Phosphorylation site,MOD,Secondary preference for PKA-type AGC kinase phosphorylation.,PF00069,Pkinase,Protein kinase domain,.R.([ST])[^P]..,SRISLVS,486,492,NEB2_RAT,Rattus norvegicus,12417592,true positive,28,0,disordered
ELME000062,MOD_PKA_2,PKA Phosphorylation site,MOD,Secondary preference for PKA-type AGC kinase phosphorylation.,PF00069,Pkinase,Protein kinase domain,.R.([ST])[^P]..,SRISLVS,486,492,NFAC1_HUMAN,Homo sapiens,12351631,true positive,28,0,disordered
ELME000062,MOD_PKA_2,PKA Phosphorylation site,MOD,Secondary preference for PKA-type AGC kinase phosphorylation.,PF00069,Pkinase,Protein kinase domain,.R.([ST])[^P]..,SRISLVS,486,492,NOXA1_HUMAN,Homo sapiens,17913709,true positive,28,0,disordered
ELME000062,MOD_PKA_2,PKA Phosphorylation site,MOD,Secondary preference for PKA-type AGC kinase phosphorylation.,PF00069,Pkinase,Protein kinase domain,.R.([ST])[^P]..,SRISLVS,486,492,PELP1_HUMAN,Homo sapiens,18505929,true positive,28,0,disordered
ELME000062,MOD_PKA_2,PKA Phosphorylation site,MOD,Secondary preference for PKA-type AGC kinase phosphorylation.,PF00069,Pkinase,Protein kinase domain,.R.([ST])[^P]..,SRISLVS,486,492,PKD1_MOUSE,Mus musculus,10364454,true positive,28,0,disordered
ELME000062,MOD_PKA_2,PKA Phosphorylation site,MOD,Secondary preference for PKA-type AGC kinase phosphorylation.,PF00069,Pkinase,Protein kinase domain,.R.([ST])[^P]..,SRISLVS,486,492,PLSL_HUMAN,Homo sapiens,16636079 10446213,true positive,28,0,disordered
ELME000062,MOD_PKA_2,PKA Phosphorylation site,MOD,Secondary preference for PKA-type AGC kinase phosphorylation.,PF00069,Pkinase,Protein kinase domain,.R.([ST])[^P]..,SRISLVS,486,492,Q26658_STRPU,Strongylocentrotus purpuratus,10207092,true positive,28,0,disordered
ELME000062,MOD_PKA_2,PKA Phosphorylation site,MOD,Secondary preference for PKA-type AGC kinase phosphorylation.,PF00069,Pkinase,Protein kinase domain,.R.([ST])[^P]..,SRISLVS,486,492,RXRA_HUMAN,Homo sapiens,11162439,true positive,28,0,disordered
ELME000062,MOD_PKA_2,PKA Phosphorylation site,MOD,Secondary preference for PKA-type AGC kinase phosphorylation.,PF00069,Pkinase,Protein kinase domain,.R.([ST])[^P]..,SRISLVS,486,492,SCN5A_RAT,Rattus norvegicus,8910529,true positive,28,0,disordered
ELME000062,MOD_PKA_2,PKA Phosphorylation site,MOD,Secondary preference for PKA-type AGC kinase phosphorylation.,PF00069,Pkinase,Protein kinase domain,.R.([ST])[^P]..,SRISLVS,486,492,SNAPN_RAT,Rattus norvegicus,12887314 11283605,true positive,28,0,disordered
ELME000062,MOD_PKA_2,PKA Phosphorylation site,MOD,Secondary preference for PKA-type AGC kinase phosphorylation.,PF00069,Pkinase,Protein kinase domain,.R.([ST])[^P]..,SRISLVS,486,492,THOP1_RAT,Rattus norvegicus,10969067,true positive,28,0,disordered
ELME000062,MOD_PKA_2,PKA Phosphorylation site,MOD,Secondary preference for PKA-type AGC kinase phosphorylation.,PF00069,Pkinase,Protein kinase domain,.R.([ST])[^P]..,SRTSLVS,520,526,AKT2_ARATH,Arabidopsis thaliana,16297070,true positive,28,0,disordered
ELME000062,MOD_PKA_2,PKA Phosphorylation site,MOD,Secondary preference for PKA-type AGC kinase phosphorylation.,PF00069,Pkinase,Protein kinase domain,.R.([ST])[^P]..,SRTSLVS,520,526,B9EIS4_HUMAN,Homo sapiens,15946941,true positive,28,0,disordered
ELME000062,MOD_PKA_2,PKA Phosphorylation site,MOD,Secondary preference for PKA-type AGC kinase phosphorylation.,PF00069,Pkinase,Protein kinase domain,.R.([ST])[^P]..,SRTSLVS,520,526,BIRC5_HUMAN,Homo sapiens,17612487,true positive,28,0,disordered
ELME000062,MOD_PKA_2,PKA Phosphorylation site,MOD,Secondary preference for PKA-type AGC kinase phosphorylation.,PF00069,Pkinase,Protein kinase domain,.R.([ST])[^P]..,SRTSLVS,520,526,C2TA_HUMAN,Homo sapiens,11416140,true positive,28,0,disordered
ELME000062,MOD_PKA_2,PKA Phosphorylation site,MOD,Secondary preference for PKA-type AGC kinase phosphorylation.,PF00069,Pkinase,Protein kinase domain,.R.([ST])[^P]..,SRTSLVS,520,526,CCG2_MOUSE,Mus musculus,11805122,true positive,28,0,disordered
ELME000062,MOD_PKA_2,PKA Phosphorylation site,MOD,Secondary preference for PKA-type AGC kinase phosphorylation.,PF00069,Pkinase,Protein kinase domain,.R.([ST])[^P]..,SRTSLVS,520,526,CSKP_RAT,Rattus norvegicus,20067577,true positive,28,0,disordered
ELME000062,MOD_PKA_2,PKA Phosphorylation site,MOD,Secondary preference for PKA-type AGC kinase phosphorylation.,PF00069,Pkinase,Protein kinase domain,.R.([ST])[^P]..,SRTSLVS,520,526,EF2K_RAT,Rattus norvegicus,11171050,true positive,28,0,disordered
ELME000062,MOD_PKA_2,PKA Phosphorylation site,MOD,Secondary preference for PKA-type AGC kinase phosphorylation.,PF00069,Pkinase,Protein kinase domain,.R.([ST])[^P]..,SRTSLVS,520,526,GDIR1_HUMAN,Homo sapiens,18768928,true positive,28,0,disordered
ELME000062,MOD_PKA_2,PKA Phosphorylation site,MOD,Secondary preference for PKA-type AGC kinase phosphorylation.,PF00069,Pkinase,Protein kinase domain,.R.([ST])[^P]..,SRTSLVS,520,526,HSPB8_HUMAN,Homo sapiens,18298377,true positive,28,0,disordered
ELME000062,MOD_PKA_2,PKA Phosphorylation site,MOD,Secondary preference for PKA-type AGC kinase phosphorylation.,PF00069,Pkinase,Protein kinase domain,.R.([ST])[^P]..,SRTSLVS,520,526,IRK1_HUMAN,Homo sapiens,8621594,true positive,28,0,disordered
ELME000062,MOD_PKA_2,PKA Phosphorylation site,MOD,Secondary preference for PKA-type AGC kinase phosphorylation.,PF00069,Pkinase,Protein kinase domain,.R.([ST])[^P]..,SRTSLVS,520,526,MEF2D_MOUSE,Mus musculus,18299387,true positive,28,0,disordered
ELME000062,MOD_PKA_2,PKA Phosphorylation site,MOD,Secondary preference for PKA-type AGC kinase phosphorylation.,PF00069,Pkinase,Protein kinase domain,.R.([ST])[^P]..,SRTSLVS,520,526,NEB2_RAT,Rattus norvegicus,12417592,true positive,28,0,disordered
ELME000062,MOD_PKA_2,PKA Phosphorylation site,MOD,Secondary preference for PKA-type AGC kinase phosphorylation.,PF00069,Pkinase,Protein kinase domain,.R.([ST])[^P]..,SRTSLVS,520,526,NFAC1_HUMAN,Homo sapiens,12351631,true positive,28,0,disordered
ELME000062,MOD_PKA_2,PKA Phosphorylation site,MOD,Secondary preference for PKA-type AGC kinase phosphorylation.,PF00069,Pkinase,Protein kinase domain,.R.([ST])[^P]..,SRTSLVS,520,526,NOXA1_HUMAN,Homo sapiens,17913709,true positive,28,0,disordered
ELME000062,MOD_PKA_2,PKA Phosphorylation site,MOD,Secondary preference for PKA-type AGC kinase phosphorylation.,PF00069,Pkinase,Protein kinase domain,.R.([ST])[^P]..,SRTSLVS,520,526,PELP1_HUMAN,Homo sapiens,18505929,true positive,28,0,disordered
ELME000062,MOD_PKA_2,PKA Phosphorylation site,MOD,Secondary preference for PKA-type AGC kinase phosphorylation.,PF00069,Pkinase,Protein kinase domain,.R.([ST])[^P]..,SRTSLVS,520,526,PKD1_MOUSE,Mus musculus,10364454,true positive,28,0,disordered
ELME000062,MOD_PKA_2,PKA Phosphorylation site,MOD,Secondary preference for PKA-type AGC kinase phosphorylation.,PF00069,Pkinase,Protein kinase domain,.R.([ST])[^P]..,SRTSLVS,520,526,PLSL_HUMAN,Homo sapiens,16636079 10446213,true positive,28,0,disordered
ELME000062,MOD_PKA_2,PKA Phosphorylation site,MOD,Secondary preference for PKA-type AGC kinase phosphorylation.,PF00069,Pkinase,Protein kinase domain,.R.([ST])[^P]..,SRTSLVS,520,526,Q26658_STRPU,Strongylocentrotus purpuratus,10207092,true positive,28,0,disordered
ELME000062,MOD_PKA_2,PKA Phosphorylation site,MOD,Secondary preference for PKA-type AGC kinase phosphorylation.,PF00069,Pkinase,Protein kinase domain,.R.([ST])[^P]..,SRTSLVS,520,526,RXRA_HUMAN,Homo sapiens,11162439,true positive,28,0,disordered
ELME000062,MOD_PKA_2,PKA Phosphorylation site,MOD,Secondary preference for PKA-type AGC kinase phosphorylation.,PF00069,Pkinase,Protein kinase domain,.R.([ST])[^P]..,SRTSLVS,520,526,SCN5A_RAT,Rattus norvegicus,8910529,true positive,28,0,disordered
ELME000062,MOD_PKA_2,PKA Phosphorylation site,MOD,Secondary preference for PKA-type AGC kinase phosphorylation.,PF00069,Pkinase,Protein kinase domain,.R.([ST])[^P]..,SRTSLVS,520,526,SNAPN_RAT,Rattus norvegicus,12887314 11283605,true positive,28,0,disordered
ELME000062,MOD_PKA_2,PKA Phosphorylation site,MOD,Secondary preference for PKA-type AGC kinase phosphorylation.,PF00069,Pkinase,Protein kinase domain,.R.([ST])[^P]..,SRTSLVS,520,526,THOP1_RAT,Rattus norvegicus,10969067,true positive,28,0,disordered
ELME000061,MOD_PKB_1,PKB Phosphorylation site,MOD,PKB Phosphorylation site,PF00069,Pkinase,Protein kinase domain,R.R..([ST])[^P]..,RTRTPSLAS,474,482,BAD_MOUSE,Mus musculus,9346240,true positive,20,1,disordered
ELME000061,MOD_PKB_1,PKB Phosphorylation site,MOD,PKB Phosphorylation site,PF00069,Pkinase,Protein kinase domain,R.R..([ST])[^P]..,RTRTPSLAS,474,482,BRCA1_HUMAN,Homo sapiens,17428466,true positive,20,1,disordered
ELME000061,MOD_PKB_1,PKB Phosphorylation site,MOD,PKB Phosphorylation site,PF00069,Pkinase,Protein kinase domain,R.R..([ST])[^P]..,RTRTPSLAS,474,482,CASP9_HUMAN,Homo sapiens,9812896,true positive,20,1,disordered
ELME000061,MOD_PKB_1,PKB Phosphorylation site,MOD,PKB Phosphorylation site,PF00069,Pkinase,Protein kinase domain,R.R..([ST])[^P]..,RTRTPSLAS,474,482,CDN1A_HUMAN,Homo sapiens,11463845,true positive,20,1,disordered
ELME000061,MOD_PKB_1,PKB Phosphorylation site,MOD,PKB Phosphorylation site,PF00069,Pkinase,Protein kinase domain,R.R..([ST])[^P]..,RTRTPSLAS,474,482,CDN1B_HUMAN,Homo sapiens,12244301,true positive,20,1,disordered
ELME000061,MOD_PKB_1,PKB Phosphorylation site,MOD,PKB Phosphorylation site,PF00069,Pkinase,Protein kinase domain,R.R..([ST])[^P]..,RTRTPSLAS,474,482,F262_BOVIN,Bos taurus,,true positive,20,1,disordered
ELME000061,MOD_PKB_1,PKB Phosphorylation site,MOD,PKB Phosphorylation site,PF00069,Pkinase,Protein kinase domain,R.R..([ST])[^P]..,RTRTPSLAS,474,482,FOXO4_HUMAN,Homo sapiens,14690436,true positive,20,1,disordered
ELME000061,MOD_PKB_1,PKB Phosphorylation site,MOD,PKB Phosphorylation site,PF00069,Pkinase,Protein kinase domain,R.R..([ST])[^P]..,RTRTPSLAS,474,482,GSK3B_MOUSE,Mus musculus,12434148,true positive,20,1,disordered
ELME000061,MOD_PKB_1,PKB Phosphorylation site,MOD,PKB Phosphorylation site,PF00069,Pkinase,Protein kinase domain,R.R..([ST])[^P]..,RTRTPSLAS,474,482,IKKA_HUMAN,Homo sapiens,10485710,true positive,20,1,disordered
ELME000061,MOD_PKB_1,PKB Phosphorylation site,MOD,PKB Phosphorylation site,PF00069,Pkinase,Protein kinase domain,R.R..([ST])[^P]..,RTRTPSLAS,474,482,MDM2_HUMAN,Homo sapiens,11715018,true positive,20,1,disordered
ELME000061,MOD_PKB_1,PKB Phosphorylation site,MOD,PKB Phosphorylation site,PF00069,Pkinase,Protein kinase domain,R.R..([ST])[^P]..,RTRTPSLAS,474,482,NR4A1_HUMAN,Homo sapiens,11274386,true positive,20,1,disordered
ELME000061,MOD_PKB_1,PKB Phosphorylation site,MOD,PKB Phosphorylation site,PF00069,Pkinase,Protein kinase domain,R.R..([ST])[^P]..,RTRTPSLAS,474,482,NR4A1_MOUSE,Mus musculus,,true positive,20,1,disordered
ELME000061,MOD_PKB_1,PKB Phosphorylation site,MOD,PKB Phosphorylation site,PF00069,Pkinase,Protein kinase domain,R.R..([ST])[^P]..,RTRTPSLAS,474,482,RAF1_HUMAN,Homo sapiens,19058874,true positive,20,1,disordered
ELME000061,MOD_PKB_1,PKB Phosphorylation site,MOD,PKB Phosphorylation site,PF00069,Pkinase,Protein kinase domain,R.R..([ST])[^P]..,RTRTPSLAS,474,482,TERT_HUMAN,Homo sapiens,,true positive,20,1,disordered
ELME000061,MOD_PKB_1,PKB Phosphorylation site,MOD,PKB Phosphorylation site,PF00069,Pkinase,Protein kinase domain,R.R..([ST])[^P]..,RTRTPSLAS,474,482,TSC2_HUMAN,Homo sapiens,18466115,true positive,20,1,disordered
ELME000442,MOD_Plk_1,Polo-like kinase phosphosites,MOD,Ser/Thr residue phosphorylated by the Plk1 kinase,PF00069,Pkinase,Protein kinase domain,.[DNE][^PG][ST](([FYILMVW]..)|([^PEDGKN][FWYLIVM]).),WEMTLKE,148,154,BRCA2_HUMAN,Homo sapiens,12815053,true positive,44,0,ordered
ELME000442,MOD_Plk_1,Polo-like kinase phosphosites,MOD,Ser/Thr residue phosphorylated by the Plk1 kinase,PF00069,Pkinase,Protein kinase domain,.[DNE][^PG][ST](([FYILMVW]..)|([^PEDGKN][FWYLIVM]).),WEMTLKE,148,154,CDH1_YEAST,Saccharomyces cerevisiae S288c,1850033,true positive,44,0,ordered
ELME000442,MOD_Plk_1,Polo-like kinase phosphosites,MOD,Ser/Thr residue phosphorylated by the Plk1 kinase,PF00069,Pkinase,Protein kinase domain,.[DNE][^PG][ST](([FYILMVW]..)|([^PEDGKN][FWYLIVM]).),WEMTLKE,148,154,CND1_YEAST,Saccharomyces cerevisiae S288c,19481522,true positive,44,0,ordered
ELME000442,MOD_Plk_1,Polo-like kinase phosphosites,MOD,Ser/Thr residue phosphorylated by the Plk1 kinase,PF00069,Pkinase,Protein kinase domain,.[DNE][^PG][ST](([FYILMVW]..)|([^PEDGKN][FWYLIVM]).),WEMTLKE,148,154,CND2_YEAST,Saccharomyces cerevisiae S288c,19481522,true positive,44,0,ordered
ELME000442,MOD_Plk_1,Polo-like kinase phosphosites,MOD,Ser/Thr residue phosphorylated by the Plk1 kinase,PF00069,Pkinase,Protein kinase domain,.[DNE][^PG][ST](([FYILMVW]..)|([^PEDGKN][FWYLIVM]).),WEMTLKE,148,154,CND3_YEAST,Saccharomyces cerevisiae S288c,19481522,true positive,44,0,ordered
ELME000442,MOD_Plk_1,Polo-like kinase phosphosites,MOD,Ser/Thr residue phosphorylated by the Plk1 kinase,PF00069,Pkinase,Protein kinase domain,.[DNE][^PG][ST](([FYILMVW]..)|([^PEDGKN][FWYLIVM]).),WEMTLKE,148,154,CNDD3_HUMAN,Homo sapiens,21498573,true positive,44,0,ordered
ELME000442,MOD_Plk_1,Polo-like kinase phosphosites,MOD,Ser/Thr residue phosphorylated by the Plk1 kinase,PF00069,Pkinase,Protein kinase domain,.[DNE][^PG][ST](([FYILMVW]..)|([^PEDGKN][FWYLIVM]).),WEMTLKE,148,154,CYK2_YEAST,Saccharomyces cerevisiae S288c,21498574,true positive,44,0,ordered
ELME000442,MOD_Plk_1,Polo-like kinase phosphosites,MOD,Ser/Thr residue phosphorylated by the Plk1 kinase,PF00069,Pkinase,Protein kinase domain,.[DNE][^PG][ST](([FYILMVW]..)|([^PEDGKN][FWYLIVM]).),WEMTLKE,148,154,DAM1_SCHPO,Schizosaccharomyces pombe 972h-,22375062,true positive,44,0,ordered
ELME000442,MOD_Plk_1,Polo-like kinase phosphosites,MOD,Ser/Thr residue phosphorylated by the Plk1 kinase,PF00069,Pkinase,Protein kinase domain,.[DNE][^PG][ST](([FYILMVW]..)|([^PEDGKN][FWYLIVM]).),WEMTLKE,148,154,FOXM1_HUMAN,Homo sapiens,19160488,true positive,44,0,ordered
ELME000442,MOD_Plk_1,Polo-like kinase phosphosites,MOD,Ser/Thr residue phosphorylated by the Plk1 kinase,PF00069,Pkinase,Protein kinase domain,.[DNE][^PG][ST](([FYILMVW]..)|([^PEDGKN][FWYLIVM]).),WEMTLKE,148,154,IKKB_HUMAN,Homo sapiens,18957422,true positive,44,0,ordered
ELME000442,MOD_Plk_1,Polo-like kinase phosphosites,MOD,Ser/Thr residue phosphorylated by the Plk1 kinase,PF00069,Pkinase,Protein kinase domain,.[DNE][^PG][ST](([FYILMVW]..)|([^PEDGKN][FWYLIVM]).),WEMTLKE,148,154,KIZ_HUMAN,Homo sapiens,16980960,true positive,44,0,ordered
ELME000442,MOD_Plk_1,Polo-like kinase phosphosites,MOD,Ser/Thr residue phosphorylated by the Plk1 kinase,PF00069,Pkinase,Protein kinase domain,.[DNE][^PG][ST](([FYILMVW]..)|([^PEDGKN][FWYLIVM]).),WEMTLKE,148,154,MAD3_YEAST,Saccharomyces cerevisiae,15970700,true positive,44,0,ordered
ELME000442,MOD_Plk_1,Polo-like kinase phosphosites,MOD,Ser/Thr residue phosphorylated by the Plk1 kinase,PF00069,Pkinase,Protein kinase domain,.[DNE][^PG][ST](([FYILMVW]..)|([^PEDGKN][FWYLIVM]).),WEMTLKE,148,154,MID1_SCHPO,Schizosaccharomyces pombe 972h-,21376600,true positive,44,0,ordered
ELME000442,MOD_Plk_1,Polo-like kinase phosphosites,MOD,Ser/Thr residue phosphorylated by the Plk1 kinase,PF00069,Pkinase,Protein kinase domain,.[DNE][^PG][ST](([FYILMVW]..)|([^PEDGKN][FWYLIVM]).),WEMTLKE,148,154,MPIP3_HUMAN,Homo sapiens,12738781 11897663,true positive,44,0,ordered
ELME000442,MOD_Plk_1,Polo-like kinase phosphosites,MOD,Ser/Thr residue phosphorylated by the Plk1 kinase,PF00069,Pkinase,Protein kinase domain,.[DNE][^PG][ST](([FYILMVW]..)|([^PEDGKN][FWYLIVM]).),WEMTLKE,148,154,NDD1_YEAST,Saccharomyces cerevisiae S288c,17122856,true positive,44,0,ordered
ELME000442,MOD_Plk_1,Polo-like kinase phosphosites,MOD,Ser/Thr residue phosphorylated by the Plk1 kinase,PF00069,Pkinase,Protein kinase domain,.[DNE][^PG][ST](([FYILMVW]..)|([^PEDGKN][FWYLIVM]).),WEMTLKE,148,154,NEDD1_HUMAN,Homo sapiens,19509060,true positive,44,0,ordered
ELME000442,MOD_Plk_1,Polo-like kinase phosphosites,MOD,Ser/Thr residue phosphorylated by the Plk1 kinase,PF00069,Pkinase,Protein kinase domain,.[DNE][^PG][ST](([FYILMVW]..)|([^PEDGKN][FWYLIVM]).),WEMTLKE,148,154,O96561_DROME,Drosophila melanogaster,27238966,true positive,44,0,ordered
ELME000442,MOD_Plk_1,Polo-like kinase phosphosites,MOD,Ser/Thr residue phosphorylated by the Plk1 kinase,PF00069,Pkinase,Protein kinase domain,.[DNE][^PG][ST](([FYILMVW]..)|([^PEDGKN][FWYLIVM]).),WEMTLKE,148,154,PINX1_HUMAN,Homo sapiens,20573420,true positive,44,0,ordered
ELME000442,MOD_Plk_1,Polo-like kinase phosphosites,MOD,Ser/Thr residue phosphorylated by the Plk1 kinase,PF00069,Pkinase,Protein kinase domain,.[DNE][^PG][ST](([FYILMVW]..)|([^PEDGKN][FWYLIVM]).),WEMTLKE,148,154,PMYT1_HUMAN,Homo sapiens,12738781 21498573,true positive,44,0,ordered
ELME000442,MOD_Plk_1,Polo-like kinase phosphosites,MOD,Ser/Thr residue phosphorylated by the Plk1 kinase,PF00069,Pkinase,Protein kinase domain,.[DNE][^PG][ST](([FYILMVW]..)|([^PEDGKN][FWYLIVM]).),WEMTLKE,148,154,PMYT1_HUMAN,Homo sapiens,21498573,true positive,44,0,ordered
ELME000442,MOD_Plk_1,Polo-like kinase phosphosites,MOD,Ser/Thr residue phosphorylated by the Plk1 kinase,PF00069,Pkinase,Protein kinase domain,.[DNE][^PG][ST](([FYILMVW]..)|([^PEDGKN][FWYLIVM]).),WEMTLKE,148,154,RGAP1_HUMAN,Homo sapiens,19468300,true positive,44,0,ordered
ELME000442,MOD_Plk_1,Polo-like kinase phosphosites,MOD,Ser/Thr residue phosphorylated by the Plk1 kinase,PF00069,Pkinase,Protein kinase domain,.[DNE][^PG][ST](([FYILMVW]..)|([^PEDGKN][FWYLIVM]).),WEMTLKE,148,154,RGAP1_HUMAN,Homo sapiens,19468302 19468300,true positive,44,0,ordered
ELME000442,MOD_Plk_1,Polo-like kinase phosphosites,MOD,Ser/Thr residue phosphorylated by the Plk1 kinase,PF00069,Pkinase,Protein kinase domain,.[DNE][^PG][ST](([FYILMVW]..)|([^PEDGKN][FWYLIVM]).),WEMTLKE,148,154,SCC1_YEAST,Saccharomyces cerevisiae S288c,11371343,true positive,44,0,ordered
ELME000442,MOD_Plk_1,Polo-like kinase phosphosites,MOD,Ser/Thr residue phosphorylated by the Plk1 kinase,PF00069,Pkinase,Protein kinase domain,.[DNE][^PG][ST](([FYILMVW]..)|([^PEDGKN][FWYLIVM]).),WEMTLKE,148,154,SFI1_YEAST,Saccharomyces cerevisiae S288c,24954044,true positive,44,0,ordered
ELME000442,MOD_Plk_1,Polo-like kinase phosphosites,MOD,Ser/Thr residue phosphorylated by the Plk1 kinase,PF00069,Pkinase,Protein kinase domain,.[DNE][^PG][ST](([FYILMVW]..)|([^PEDGKN][FWYLIVM]).),WEMTLKE,148,154,SLD2_YEAST,Saccharomyces cerevisiae S288c,27705801,true positive,44,0,ordered
ELME000442,MOD_Plk_1,Polo-like kinase phosphosites,MOD,Ser/Thr residue phosphorylated by the Plk1 kinase,PF00069,Pkinase,Protein kinase domain,.[DNE][^PG][ST](([FYILMVW]..)|([^PEDGKN][FWYLIVM]).),WEMTLKE,148,154,SPC7_SCHPO,Schizosaccharomyces pombe 972h-,28497540,true positive,44,0,ordered
ELME000442,MOD_Plk_1,Polo-like kinase phosphosites,MOD,Ser/Thr residue phosphorylated by the Plk1 kinase,PF00069,Pkinase,Protein kinase domain,.[DNE][^PG][ST](([FYILMVW]..)|([^PEDGKN][FWYLIVM]).),WEMTLKE,148,154,SRBP1_HUMAN,Homo sapiens,27579997,true positive,44,0,ordered
ELME000442,MOD_Plk_1,Polo-like kinase phosphosites,MOD,Ser/Thr residue phosphorylated by the Plk1 kinase,PF00069,Pkinase,Protein kinase domain,.[DNE][^PG][ST](([FYILMVW]..)|([^PEDGKN][FWYLIVM]).),WEMTLKE,148,154,SRBP1_HUMAN,Homo sapiens,27579998,true positive,44,0,ordered
ELME000442,MOD_Plk_1,Polo-like kinase phosphosites,MOD,Ser/Thr residue phosphorylated by the Plk1 kinase,PF00069,Pkinase,Protein kinase domain,.[DNE][^PG][ST](([FYILMVW]..)|([^PEDGKN][FWYLIVM]).),WEMTLKE,148,154,TOPRS_HUMAN,Homo sapiens,19473992,true positive,44,0,ordered
ELME000442,MOD_Plk_1,Polo-like kinase phosphosites,MOD,Ser/Thr residue phosphorylated by the Plk1 kinase,PF00069,Pkinase,Protein kinase domain,.[DNE][^PG][ST](([FYILMVW]..)|([^PEDGKN][FWYLIVM]).),WEMTLKE,148,154,VIME_MOUSE,Mus musculus,16260496,true positive,44,0,ordered
ELME000442,MOD_Plk_1,Polo-like kinase phosphosites,MOD,Ser/Thr residue phosphorylated by the Plk1 kinase,PF00069,Pkinase,Protein kinase domain,.[DNE][^PG][ST](([FYILMVW]..)|([^PEDGKN][FWYLIVM]).),WEMTLKE,148,154,WEE1_HUMAN,Homo sapiens,15070733,true positive,44,0,ordered
ELME000442,MOD_Plk_1,Polo-like kinase phosphosites,MOD,Ser/Thr residue phosphorylated by the Plk1 kinase,PF00069,Pkinase,Protein kinase domain,.[DNE][^PG][ST](([FYILMVW]..)|([^PEDGKN][FWYLIVM]).),SDDSSVT,168,174,BRCA2_HUMAN,Homo sapiens,12815053,true positive,44,0,ordered
ELME000442,MOD_Plk_1,Polo-like kinase phosphosites,MOD,Ser/Thr residue phosphorylated by the Plk1 kinase,PF00069,Pkinase,Protein kinase domain,.[DNE][^PG][ST](([FYILMVW]..)|([^PEDGKN][FWYLIVM]).),SDDSSVT,168,174,CDH1_YEAST,Saccharomyces cerevisiae S288c,1850033,true positive,44,0,ordered
ELME000442,MOD_Plk_1,Polo-like kinase phosphosites,MOD,Ser/Thr residue phosphorylated by the Plk1 kinase,PF00069,Pkinase,Protein kinase domain,.[DNE][^PG][ST](([FYILMVW]..)|([^PEDGKN][FWYLIVM]).),SDDSSVT,168,174,CND1_YEAST,Saccharomyces cerevisiae S288c,19481522,true positive,44,0,ordered
ELME000442,MOD_Plk_1,Polo-like kinase phosphosites,MOD,Ser/Thr residue phosphorylated by the Plk1 kinase,PF00069,Pkinase,Protein kinase domain,.[DNE][^PG][ST](([FYILMVW]..)|([^PEDGKN][FWYLIVM]).),SDDSSVT,168,174,CND2_YEAST,Saccharomyces cerevisiae S288c,19481522,true positive,44,0,ordered
ELME000442,MOD_Plk_1,Polo-like kinase phosphosites,MOD,Ser/Thr residue phosphorylated by the Plk1 kinase,PF00069,Pkinase,Protein kinase domain,.[DNE][^PG][ST](([FYILMVW]..)|([^PEDGKN][FWYLIVM]).),SDDSSVT,168,174,CND3_YEAST,Saccharomyces cerevisiae S288c,19481522,true positive,44,0,ordered
ELME000442,MOD_Plk_1,Polo-like kinase phosphosites,MOD,Ser/Thr residue phosphorylated by the Plk1 kinase,PF00069,Pkinase,Protein kinase domain,.[DNE][^PG][ST](([FYILMVW]..)|([^PEDGKN][FWYLIVM]).),SDDSSVT,168,174,CNDD3_HUMAN,Homo sapiens,21498573,true positive,44,0,ordered
ELME000442,MOD_Plk_1,Polo-like kinase phosphosites,MOD,Ser/Thr residue phosphorylated by the Plk1 kinase,PF00069,Pkinase,Protein kinase domain,.[DNE][^PG][ST](([FYILMVW]..)|([^PEDGKN][FWYLIVM]).),SDDSSVT,168,174,CYK2_YEAST,Saccharomyces cerevisiae S288c,21498574,true positive,44,0,ordered
ELME000442,MOD_Plk_1,Polo-like kinase phosphosites,MOD,Ser/Thr residue phosphorylated by the Plk1 kinase,PF00069,Pkinase,Protein kinase domain,.[DNE][^PG][ST](([FYILMVW]..)|([^PEDGKN][FWYLIVM]).),SDDSSVT,168,174,DAM1_SCHPO,Schizosaccharomyces pombe 972h-,22375062,true positive,44,0,ordered
ELME000442,MOD_Plk_1,Polo-like kinase phosphosites,MOD,Ser/Thr residue phosphorylated by the Plk1 kinase,PF00069,Pkinase,Protein kinase domain,.[DNE][^PG][ST](([FYILMVW]..)|([^PEDGKN][FWYLIVM]).),SDDSSVT,168,174,FOXM1_HUMAN,Homo sapiens,19160488,true positive,44,0,ordered
ELME000442,MOD_Plk_1,Polo-like kinase phosphosites,MOD,Ser/Thr residue phosphorylated by the Plk1 kinase,PF00069,Pkinase,Protein kinase domain,.[DNE][^PG][ST](([FYILMVW]..)|([^PEDGKN][FWYLIVM]).),SDDSSVT,168,174,IKKB_HUMAN,Homo sapiens,18957422,true positive,44,0,ordered
ELME000442,MOD_Plk_1,Polo-like kinase phosphosites,MOD,Ser/Thr residue phosphorylated by the Plk1 kinase,PF00069,Pkinase,Protein kinase domain,.[DNE][^PG][ST](([FYILMVW]..)|([^PEDGKN][FWYLIVM]).),SDDSSVT,168,174,KIZ_HUMAN,Homo sapiens,16980960,true positive,44,0,ordered
ELME000442,MOD_Plk_1,Polo-like kinase phosphosites,MOD,Ser/Thr residue phosphorylated by the Plk1 kinase,PF00069,Pkinase,Protein kinase domain,.[DNE][^PG][ST](([FYILMVW]..)|([^PEDGKN][FWYLIVM]).),SDDSSVT,168,174,MAD3_YEAST,Saccharomyces cerevisiae,15970700,true positive,44,0,ordered
ELME000442,MOD_Plk_1,Polo-like kinase phosphosites,MOD,Ser/Thr residue phosphorylated by the Plk1 kinase,PF00069,Pkinase,Protein kinase domain,.[DNE][^PG][ST](([FYILMVW]..)|([^PEDGKN][FWYLIVM]).),SDDSSVT,168,174,MID1_SCHPO,Schizosaccharomyces pombe 972h-,21376600,true positive,44,0,ordered
ELME000442,MOD_Plk_1,Polo-like kinase phosphosites,MOD,Ser/Thr residue phosphorylated by the Plk1 kinase,PF00069,Pkinase,Protein kinase domain,.[DNE][^PG][ST](([FYILMVW]..)|([^PEDGKN][FWYLIVM]).),SDDSSVT,168,174,MPIP3_HUMAN,Homo sapiens,12738781 11897663,true positive,44,0,ordered
ELME000442,MOD_Plk_1,Polo-like kinase phosphosites,MOD,Ser/Thr residue phosphorylated by the Plk1 kinase,PF00069,Pkinase,Protein kinase domain,.[DNE][^PG][ST](([FYILMVW]..)|([^PEDGKN][FWYLIVM]).),SDDSSVT,168,174,NDD1_YEAST,Saccharomyces cerevisiae S288c,17122856,true positive,44,0,ordered
ELME000442,MOD_Plk_1,Polo-like kinase phosphosites,MOD,Ser/Thr residue phosphorylated by the Plk1 kinase,PF00069,Pkinase,Protein kinase domain,.[DNE][^PG][ST](([FYILMVW]..)|([^PEDGKN][FWYLIVM]).),SDDSSVT,168,174,NEDD1_HUMAN,Homo sapiens,19509060,true positive,44,0,ordered
ELME000442,MOD_Plk_1,Polo-like kinase phosphosites,MOD,Ser/Thr residue phosphorylated by the Plk1 kinase,PF00069,Pkinase,Protein kinase domain,.[DNE][^PG][ST](([FYILMVW]..)|([^PEDGKN][FWYLIVM]).),SDDSSVT,168,174,O96561_DROME,Drosophila melanogaster,27238966,true positive,44,0,ordered
ELME000442,MOD_Plk_1,Polo-like kinase phosphosites,MOD,Ser/Thr residue phosphorylated by the Plk1 kinase,PF00069,Pkinase,Protein kinase domain,.[DNE][^PG][ST](([FYILMVW]..)|([^PEDGKN][FWYLIVM]).),SDDSSVT,168,174,PINX1_HUMAN,Homo sapiens,20573420,true positive,44,0,ordered
ELME000442,MOD_Plk_1,Polo-like kinase phosphosites,MOD,Ser/Thr residue phosphorylated by the Plk1 kinase,PF00069,Pkinase,Protein kinase domain,.[DNE][^PG][ST](([FYILMVW]..)|([^PEDGKN][FWYLIVM]).),SDDSSVT,168,174,PMYT1_HUMAN,Homo sapiens,12738781 21498573,true positive,44,0,ordered
ELME000442,MOD_Plk_1,Polo-like kinase phosphosites,MOD,Ser/Thr residue phosphorylated by the Plk1 kinase,PF00069,Pkinase,Protein kinase domain,.[DNE][^PG][ST](([FYILMVW]..)|([^PEDGKN][FWYLIVM]).),SDDSSVT,168,174,PMYT1_HUMAN,Homo sapiens,21498573,true positive,44,0,ordered
ELME000442,MOD_Plk_1,Polo-like kinase phosphosites,MOD,Ser/Thr residue phosphorylated by the Plk1 kinase,PF00069,Pkinase,Protein kinase domain,.[DNE][^PG][ST](([FYILMVW]..)|([^PEDGKN][FWYLIVM]).),SDDSSVT,168,174,RGAP1_HUMAN,Homo sapiens,19468300,true positive,44,0,ordered
ELME000442,MOD_Plk_1,Polo-like kinase phosphosites,MOD,Ser/Thr residue phosphorylated by the Plk1 kinase,PF00069,Pkinase,Protein kinase domain,.[DNE][^PG][ST](([FYILMVW]..)|([^PEDGKN][FWYLIVM]).),SDDSSVT,168,174,RGAP1_HUMAN,Homo sapiens,19468302 19468300,true positive,44,0,ordered
ELME000442,MOD_Plk_1,Polo-like kinase phosphosites,MOD,Ser/Thr residue phosphorylated by the Plk1 kinase,PF00069,Pkinase,Protein kinase domain,.[DNE][^PG][ST](([FYILMVW]..)|([^PEDGKN][FWYLIVM]).),SDDSSVT,168,174,SCC1_YEAST,Saccharomyces cerevisiae S288c,11371343,true positive,44,0,ordered
ELME000442,MOD_Plk_1,Polo-like kinase phosphosites,MOD,Ser/Thr residue phosphorylated by the Plk1 kinase,PF00069,Pkinase,Protein kinase domain,.[DNE][^PG][ST](([FYILMVW]..)|([^PEDGKN][FWYLIVM]).),SDDSSVT,168,174,SFI1_YEAST,Saccharomyces cerevisiae S288c,24954044,true positive,44,0,ordered
ELME000442,MOD_Plk_1,Polo-like kinase phosphosites,MOD,Ser/Thr residue phosphorylated by the Plk1 kinase,PF00069,Pkinase,Protein kinase domain,.[DNE][^PG][ST](([FYILMVW]..)|([^PEDGKN][FWYLIVM]).),SDDSSVT,168,174,SLD2_YEAST,Saccharomyces cerevisiae S288c,27705801,true positive,44,0,ordered
ELME000442,MOD_Plk_1,Polo-like kinase phosphosites,MOD,Ser/Thr residue phosphorylated by the Plk1 kinase,PF00069,Pkinase,Protein kinase domain,.[DNE][^PG][ST](([FYILMVW]..)|([^PEDGKN][FWYLIVM]).),SDDSSVT,168,174,SPC7_SCHPO,Schizosaccharomyces pombe 972h-,28497540,true positive,44,0,ordered
ELME000442,MOD_Plk_1,Polo-like kinase phosphosites,MOD,Ser/Thr residue phosphorylated by the Plk1 kinase,PF00069,Pkinase,Protein kinase domain,.[DNE][^PG][ST](([FYILMVW]..)|([^PEDGKN][FWYLIVM]).),SDDSSVT,168,174,SRBP1_HUMAN,Homo sapiens,27579997,true positive,44,0,ordered
ELME000442,MOD_Plk_1,Polo-like kinase phosphosites,MOD,Ser/Thr residue phosphorylated by the Plk1 kinase,PF00069,Pkinase,Protein kinase domain,.[DNE][^PG][ST](([FYILMVW]..)|([^PEDGKN][FWYLIVM]).),SDDSSVT,168,174,SRBP1_HUMAN,Homo sapiens,27579998,true positive,44,0,ordered
ELME000442,MOD_Plk_1,Polo-like kinase phosphosites,MOD,Ser/Thr residue phosphorylated by the Plk1 kinase,PF00069,Pkinase,Protein kinase domain,.[DNE][^PG][ST](([FYILMVW]..)|([^PEDGKN][FWYLIVM]).),SDDSSVT,168,174,TOPRS_HUMAN,Homo sapiens,19473992,true positive,44,0,ordered
ELME000442,MOD_Plk_1,Polo-like kinase phosphosites,MOD,Ser/Thr residue phosphorylated by the Plk1 kinase,PF00069,Pkinase,Protein kinase domain,.[DNE][^PG][ST](([FYILMVW]..)|([^PEDGKN][FWYLIVM]).),SDDSSVT,168,174,VIME_MOUSE,Mus musculus,16260496,true positive,44,0,ordered
ELME000442,MOD_Plk_1,Polo-like kinase phosphosites,MOD,Ser/Thr residue phosphorylated by the Plk1 kinase,PF00069,Pkinase,Protein kinase domain,.[DNE][^PG][ST](([FYILMVW]..)|([^PEDGKN][FWYLIVM]).),SDDSSVT,168,174,WEE1_HUMAN,Homo sapiens,15070733,true positive,44,0,ordered
ELME000442,MOD_Plk_1,Polo-like kinase phosphosites,MOD,Ser/Thr residue phosphorylated by the Plk1 kinase,PF00069,Pkinase,Protein kinase domain,.[DNE][^PG][ST](([FYILMVW]..)|([^PEDGKN][FWYLIVM]).),DDSSVTE,169,175,BRCA2_HUMAN,Homo sapiens,12815053,true positive,44,0,ordered
ELME000442,MOD_Plk_1,Polo-like kinase phosphosites,MOD,Ser/Thr residue phosphorylated by the Plk1 kinase,PF00069,Pkinase,Protein kinase domain,.[DNE][^PG][ST](([FYILMVW]..)|([^PEDGKN][FWYLIVM]).),DDSSVTE,169,175,CDH1_YEAST,Saccharomyces cerevisiae S288c,1850033,true positive,44,0,ordered
ELME000442,MOD_Plk_1,Polo-like kinase phosphosites,MOD,Ser/Thr residue phosphorylated by the Plk1 kinase,PF00069,Pkinase,Protein kinase domain,.[DNE][^PG][ST](([FYILMVW]..)|([^PEDGKN][FWYLIVM]).),DDSSVTE,169,175,CND1_YEAST,Saccharomyces cerevisiae S288c,19481522,true positive,44,0,ordered
ELME000442,MOD_Plk_1,Polo-like kinase phosphosites,MOD,Ser/Thr residue phosphorylated by the Plk1 kinase,PF00069,Pkinase,Protein kinase domain,.[DNE][^PG][ST](([FYILMVW]..)|([^PEDGKN][FWYLIVM]).),DDSSVTE,169,175,CND2_YEAST,Saccharomyces cerevisiae S288c,19481522,true positive,44,0,ordered
ELME000442,MOD_Plk_1,Polo-like kinase phosphosites,MOD,Ser/Thr residue phosphorylated by the Plk1 kinase,PF00069,Pkinase,Protein kinase domain,.[DNE][^PG][ST](([FYILMVW]..)|([^PEDGKN][FWYLIVM]).),DDSSVTE,169,175,CND3_YEAST,Saccharomyces cerevisiae S288c,19481522,true positive,44,0,ordered
ELME000442,MOD_Plk_1,Polo-like kinase phosphosites,MOD,Ser/Thr residue phosphorylated by the Plk1 kinase,PF00069,Pkinase,Protein kinase domain,.[DNE][^PG][ST](([FYILMVW]..)|([^PEDGKN][FWYLIVM]).),DDSSVTE,169,175,CNDD3_HUMAN,Homo sapiens,21498573,true positive,44,0,ordered
ELME000442,MOD_Plk_1,Polo-like kinase phosphosites,MOD,Ser/Thr residue phosphorylated by the Plk1 kinase,PF00069,Pkinase,Protein kinase domain,.[DNE][^PG][ST](([FYILMVW]..)|([^PEDGKN][FWYLIVM]).),DDSSVTE,169,175,CYK2_YEAST,Saccharomyces cerevisiae S288c,21498574,true positive,44,0,ordered
ELME000442,MOD_Plk_1,Polo-like kinase phosphosites,MOD,Ser/Thr residue phosphorylated by the Plk1 kinase,PF00069,Pkinase,Protein kinase domain,.[DNE][^PG][ST](([FYILMVW]..)|([^PEDGKN][FWYLIVM]).),DDSSVTE,169,175,DAM1_SCHPO,Schizosaccharomyces pombe 972h-,22375062,true positive,44,0,ordered
ELME000442,MOD_Plk_1,Polo-like kinase phosphosites,MOD,Ser/Thr residue phosphorylated by the Plk1 kinase,PF00069,Pkinase,Protein kinase domain,.[DNE][^PG][ST](([FYILMVW]..)|([^PEDGKN][FWYLIVM]).),DDSSVTE,169,175,FOXM1_HUMAN,Homo sapiens,19160488,true positive,44,0,ordered
ELME000442,MOD_Plk_1,Polo-like kinase phosphosites,MOD,Ser/Thr residue phosphorylated by the Plk1 kinase,PF00069,Pkinase,Protein kinase domain,.[DNE][^PG][ST](([FYILMVW]..)|([^PEDGKN][FWYLIVM]).),DDSSVTE,169,175,IKKB_HUMAN,Homo sapiens,18957422,true positive,44,0,ordered
ELME000442,MOD_Plk_1,Polo-like kinase phosphosites,MOD,Ser/Thr residue phosphorylated by the Plk1 kinase,PF00069,Pkinase,Protein kinase domain,.[DNE][^PG][ST](([FYILMVW]..)|([^PEDGKN][FWYLIVM]).),DDSSVTE,169,175,KIZ_HUMAN,Homo sapiens,16980960,true positive,44,0,ordered
ELME000442,MOD_Plk_1,Polo-like kinase phosphosites,MOD,Ser/Thr residue phosphorylated by the Plk1 kinase,PF00069,Pkinase,Protein kinase domain,.[DNE][^PG][ST](([FYILMVW]..)|([^PEDGKN][FWYLIVM]).),DDSSVTE,169,175,MAD3_YEAST,Saccharomyces cerevisiae,15970700,true positive,44,0,ordered
ELME000442,MOD_Plk_1,Polo-like kinase phosphosites,MOD,Ser/Thr residue phosphorylated by the Plk1 kinase,PF00069,Pkinase,Protein kinase domain,.[DNE][^PG][ST](([FYILMVW]..)|([^PEDGKN][FWYLIVM]).),DDSSVTE,169,175,MID1_SCHPO,Schizosaccharomyces pombe 972h-,21376600,true positive,44,0,ordered
ELME000442,MOD_Plk_1,Polo-like kinase phosphosites,MOD,Ser/Thr residue phosphorylated by the Plk1 kinase,PF00069,Pkinase,Protein kinase domain,.[DNE][^PG][ST](([FYILMVW]..)|([^PEDGKN][FWYLIVM]).),DDSSVTE,169,175,MPIP3_HUMAN,Homo sapiens,12738781 11897663,true positive,44,0,ordered
ELME000442,MOD_Plk_1,Polo-like kinase phosphosites,MOD,Ser/Thr residue phosphorylated by the Plk1 kinase,PF00069,Pkinase,Protein kinase domain,.[DNE][^PG][ST](([FYILMVW]..)|([^PEDGKN][FWYLIVM]).),DDSSVTE,169,175,NDD1_YEAST,Saccharomyces cerevisiae S288c,17122856,true positive,44,0,ordered
ELME000442,MOD_Plk_1,Polo-like kinase phosphosites,MOD,Ser/Thr residue phosphorylated by the Plk1 kinase,PF00069,Pkinase,Protein kinase domain,.[DNE][^PG][ST](([FYILMVW]..)|([^PEDGKN][FWYLIVM]).),DDSSVTE,169,175,NEDD1_HUMAN,Homo sapiens,19509060,true positive,44,0,ordered
ELME000442,MOD_Plk_1,Polo-like kinase phosphosites,MOD,Ser/Thr residue phosphorylated by the Plk1 kinase,PF00069,Pkinase,Protein kinase domain,.[DNE][^PG][ST](([FYILMVW]..)|([^PEDGKN][FWYLIVM]).),DDSSVTE,169,175,O96561_DROME,Drosophila melanogaster,27238966,true positive,44,0,ordered
ELME000442,MOD_Plk_1,Polo-like kinase phosphosites,MOD,Ser/Thr residue phosphorylated by the Plk1 kinase,PF00069,Pkinase,Protein kinase domain,.[DNE][^PG][ST](([FYILMVW]..)|([^PEDGKN][FWYLIVM]).),DDSSVTE,169,175,PINX1_HUMAN,Homo sapiens,20573420,true positive,44,0,ordered
ELME000442,MOD_Plk_1,Polo-like kinase phosphosites,MOD,Ser/Thr residue phosphorylated by the Plk1 kinase,PF00069,Pkinase,Protein kinase domain,.[DNE][^PG][ST](([FYILMVW]..)|([^PEDGKN][FWYLIVM]).),DDSSVTE,169,175,PMYT1_HUMAN,Homo sapiens,12738781 21498573,true positive,44,0,ordered
ELME000442,MOD_Plk_1,Polo-like kinase phosphosites,MOD,Ser/Thr residue phosphorylated by the Plk1 kinase,PF00069,Pkinase,Protein kinase domain,.[DNE][^PG][ST](([FYILMVW]..)|([^PEDGKN][FWYLIVM]).),DDSSVTE,169,175,PMYT1_HUMAN,Homo sapiens,21498573,true positive,44,0,ordered
ELME000442,MOD_Plk_1,Polo-like kinase phosphosites,MOD,Ser/Thr residue phosphorylated by the Plk1 kinase,PF00069,Pkinase,Protein kinase domain,.[DNE][^PG][ST](([FYILMVW]..)|([^PEDGKN][FWYLIVM]).),DDSSVTE,169,175,RGAP1_HUMAN,Homo sapiens,19468300,true positive,44,0,ordered
ELME000442,MOD_Plk_1,Polo-like kinase phosphosites,MOD,Ser/Thr residue phosphorylated by the Plk1 kinase,PF00069,Pkinase,Protein kinase domain,.[DNE][^PG][ST](([FYILMVW]..)|([^PEDGKN][FWYLIVM]).),DDSSVTE,169,175,RGAP1_HUMAN,Homo sapiens,19468302 19468300,true positive,44,0,ordered
ELME000442,MOD_Plk_1,Polo-like kinase phosphosites,MOD,Ser/Thr residue phosphorylated by the Plk1 kinase,PF00069,Pkinase,Protein kinase domain,.[DNE][^PG][ST](([FYILMVW]..)|([^PEDGKN][FWYLIVM]).),DDSSVTE,169,175,SCC1_YEAST,Saccharomyces cerevisiae S288c,11371343,true positive,44,0,ordered
ELME000442,MOD_Plk_1,Polo-like kinase phosphosites,MOD,Ser/Thr residue phosphorylated by the Plk1 kinase,PF00069,Pkinase,Protein kinase domain,.[DNE][^PG][ST](([FYILMVW]..)|([^PEDGKN][FWYLIVM]).),DDSSVTE,169,175,SFI1_YEAST,Saccharomyces cerevisiae S288c,24954044,true positive,44,0,ordered
ELME000442,MOD_Plk_1,Polo-like kinase phosphosites,MOD,Ser/Thr residue phosphorylated by the Plk1 kinase,PF00069,Pkinase,Protein kinase domain,.[DNE][^PG][ST](([FYILMVW]..)|([^PEDGKN][FWYLIVM]).),DDSSVTE,169,175,SLD2_YEAST,Saccharomyces cerevisiae S288c,27705801,true positive,44,0,ordered
ELME000442,MOD_Plk_1,Polo-like kinase phosphosites,MOD,Ser/Thr residue phosphorylated by the Plk1 kinase,PF00069,Pkinase,Protein kinase domain,.[DNE][^PG][ST](([FYILMVW]..)|([^PEDGKN][FWYLIVM]).),DDSSVTE,169,175,SPC7_SCHPO,Schizosaccharomyces pombe 972h-,28497540,true positive,44,0,ordered
ELME000442,MOD_Plk_1,Polo-like kinase phosphosites,MOD,Ser/Thr residue phosphorylated by the Plk1 kinase,PF00069,Pkinase,Protein kinase domain,.[DNE][^PG][ST](([FYILMVW]..)|([^PEDGKN][FWYLIVM]).),DDSSVTE,169,175,SRBP1_HUMAN,Homo sapiens,27579997,true positive,44,0,ordered
ELME000442,MOD_Plk_1,Polo-like kinase phosphosites,MOD,Ser/Thr residue phosphorylated by the Plk1 kinase,PF00069,Pkinase,Protein kinase domain,.[DNE][^PG][ST](([FYILMVW]..)|([^PEDGKN][FWYLIVM]).),DDSSVTE,169,175,SRBP1_HUMAN,Homo sapiens,27579998,true positive,44,0,ordered
ELME000442,MOD_Plk_1,Polo-like kinase phosphosites,MOD,Ser/Thr residue phosphorylated by the Plk1 kinase,PF00069,Pkinase,Protein kinase domain,.[DNE][^PG][ST](([FYILMVW]..)|([^PEDGKN][FWYLIVM]).),DDSSVTE,169,175,TOPRS_HUMAN,Homo sapiens,19473992,true positive,44,0,ordered
ELME000442,MOD_Plk_1,Polo-like kinase phosphosites,MOD,Ser/Thr residue phosphorylated by the Plk1 kinase,PF00069,Pkinase,Protein kinase domain,.[DNE][^PG][ST](([FYILMVW]..)|([^PEDGKN][FWYLIVM]).),DDSSVTE,169,175,VIME_MOUSE,Mus musculus,16260496,true positive,44,0,ordered
ELME000442,MOD_Plk_1,Polo-like kinase phosphosites,MOD,Ser/Thr residue phosphorylated by the Plk1 kinase,PF00069,Pkinase,Protein kinase domain,.[DNE][^PG][ST](([FYILMVW]..)|([^PEDGKN][FWYLIVM]).),DDSSVTE,169,175,WEE1_HUMAN,Homo sapiens,15070733,true positive,44,0,ordered
ELME000442,MOD_Plk_1,Polo-like kinase phosphosites,MOD,Ser/Thr residue phosphorylated by the Plk1 kinase,PF00069,Pkinase,Protein kinase domain,.[DNE][^PG][ST](([FYILMVW]..)|([^PEDGKN][FWYLIVM]).),EEDSISL,378,384,BRCA2_HUMAN,Homo sapiens,12815053,true positive,44,0,disordered
ELME000442,MOD_Plk_1,Polo-like kinase phosphosites,MOD,Ser/Thr residue phosphorylated by the Plk1 kinase,PF00069,Pkinase,Protein kinase domain,.[DNE][^PG][ST](([FYILMVW]..)|([^PEDGKN][FWYLIVM]).),EEDSISL,378,384,CDH1_YEAST,Saccharomyces cerevisiae S288c,1850033,true positive,44,0,disordered
ELME000442,MOD_Plk_1,Polo-like kinase phosphosites,MOD,Ser/Thr residue phosphorylated by the Plk1 kinase,PF00069,Pkinase,Protein kinase domain,.[DNE][^PG][ST](([FYILMVW]..)|([^PEDGKN][FWYLIVM]).),EEDSISL,378,384,CND1_YEAST,Saccharomyces cerevisiae S288c,19481522,true positive,44,0,disordered
ELME000442,MOD_Plk_1,Polo-like kinase phosphosites,MOD,Ser/Thr residue phosphorylated by the Plk1 kinase,PF00069,Pkinase,Protein kinase domain,.[DNE][^PG][ST](([FYILMVW]..)|([^PEDGKN][FWYLIVM]).),EEDSISL,378,384,CND2_YEAST,Saccharomyces cerevisiae S288c,19481522,true positive,44,0,disordered
ELME000442,MOD_Plk_1,Polo-like kinase phosphosites,MOD,Ser/Thr residue phosphorylated by the Plk1 kinase,PF00069,Pkinase,Protein kinase domain,.[DNE][^PG][ST](([FYILMVW]..)|([^PEDGKN][FWYLIVM]).),EEDSISL,378,384,CND3_YEAST,Saccharomyces cerevisiae S288c,19481522,true positive,44,0,disordered
ELME000442,MOD_Plk_1,Polo-like kinase phosphosites,MOD,Ser/Thr residue phosphorylated by the Plk1 kinase,PF00069,Pkinase,Protein kinase domain,.[DNE][^PG][ST](([FYILMVW]..)|([^PEDGKN][FWYLIVM]).),EEDSISL,378,384,CNDD3_HUMAN,Homo sapiens,21498573,true positive,44,0,disordered
ELME000442,MOD_Plk_1,Polo-like kinase phosphosites,MOD,Ser/Thr residue phosphorylated by the Plk1 kinase,PF00069,Pkinase,Protein kinase domain,.[DNE][^PG][ST](([FYILMVW]..)|([^PEDGKN][FWYLIVM]).),EEDSISL,378,384,CYK2_YEAST,Saccharomyces cerevisiae S288c,21498574,true positive,44,0,disordered
ELME000442,MOD_Plk_1,Polo-like kinase phosphosites,MOD,Ser/Thr residue phosphorylated by the Plk1 kinase,PF00069,Pkinase,Protein kinase domain,.[DNE][^PG][ST](([FYILMVW]..)|([^PEDGKN][FWYLIVM]).),EEDSISL,378,384,DAM1_SCHPO,Schizosaccharomyces pombe 972h-,22375062,true positive,44,0,disordered
ELME000442,MOD_Plk_1,Polo-like kinase phosphosites,MOD,Ser/Thr residue phosphorylated by the Plk1 kinase,PF00069,Pkinase,Protein kinase domain,.[DNE][^PG][ST](([FYILMVW]..)|([^PEDGKN][FWYLIVM]).),EEDSISL,378,384,FOXM1_HUMAN,Homo sapiens,19160488,true positive,44,0,disordered
ELME000442,MOD_Plk_1,Polo-like kinase phosphosites,MOD,Ser/Thr residue phosphorylated by the Plk1 kinase,PF00069,Pkinase,Protein kinase domain,.[DNE][^PG][ST](([FYILMVW]..)|([^PEDGKN][FWYLIVM]).),EEDSISL,378,384,IKKB_HUMAN,Homo sapiens,18957422,true positive,44,0,disordered
ELME000442,MOD_Plk_1,Polo-like kinase phosphosites,MOD,Ser/Thr residue phosphorylated by the Plk1 kinase,PF00069,Pkinase,Protein kinase domain,.[DNE][^PG][ST](([FYILMVW]..)|([^PEDGKN][FWYLIVM]).),EEDSISL,378,384,KIZ_HUMAN,Homo sapiens,16980960,true positive,44,0,disordered
ELME000442,MOD_Plk_1,Polo-like kinase phosphosites,MOD,Ser/Thr residue phosphorylated by the Plk1 kinase,PF00069,Pkinase,Protein kinase domain,.[DNE][^PG][ST](([FYILMVW]..)|([^PEDGKN][FWYLIVM]).),EEDSISL,378,384,MAD3_YEAST,Saccharomyces cerevisiae,15970700,true positive,44,0,disordered
ELME000442,MOD_Plk_1,Polo-like kinase phosphosites,MOD,Ser/Thr residue phosphorylated by the Plk1 kinase,PF00069,Pkinase,Protein kinase domain,.[DNE][^PG][ST](([FYILMVW]..)|([^PEDGKN][FWYLIVM]).),EEDSISL,378,384,MID1_SCHPO,Schizosaccharomyces pombe 972h-,21376600,true positive,44,0,disordered
ELME000442,MOD_Plk_1,Polo-like kinase phosphosites,MOD,Ser/Thr residue phosphorylated by the Plk1 kinase,PF00069,Pkinase,Protein kinase domain,.[DNE][^PG][ST](([FYILMVW]..)|([^PEDGKN][FWYLIVM]).),EEDSISL,378,384,MPIP3_HUMAN,Homo sapiens,12738781 11897663,true positive,44,0,disordered
ELME000442,MOD_Plk_1,Polo-like kinase phosphosites,MOD,Ser/Thr residue phosphorylated by the Plk1 kinase,PF00069,Pkinase,Protein kinase domain,.[DNE][^PG][ST](([FYILMVW]..)|([^PEDGKN][FWYLIVM]).),EEDSISL,378,384,NDD1_YEAST,Saccharomyces cerevisiae S288c,17122856,true positive,44,0,disordered
ELME000442,MOD_Plk_1,Polo-like kinase phosphosites,MOD,Ser/Thr residue phosphorylated by the Plk1 kinase,PF00069,Pkinase,Protein kinase domain,.[DNE][^PG][ST](([FYILMVW]..)|([^PEDGKN][FWYLIVM]).),EEDSISL,378,384,NEDD1_HUMAN,Homo sapiens,19509060,true positive,44,0,disordered
ELME000442,MOD_Plk_1,Polo-like kinase phosphosites,MOD,Ser/Thr residue phosphorylated by the Plk1 kinase,PF00069,Pkinase,Protein kinase domain,.[DNE][^PG][ST](([FYILMVW]..)|([^PEDGKN][FWYLIVM]).),EEDSISL,378,384,O96561_DROME,Drosophila melanogaster,27238966,true positive,44,0,disordered
ELME000442,MOD_Plk_1,Polo-like kinase phosphosites,MOD,Ser/Thr residue phosphorylated by the Plk1 kinase,PF00069,Pkinase,Protein kinase domain,.[DNE][^PG][ST](([FYILMVW]..)|([^PEDGKN][FWYLIVM]).),EEDSISL,378,384,PINX1_HUMAN,Homo sapiens,20573420,true positive,44,0,disordered
ELME000442,MOD_Plk_1,Polo-like kinase phosphosites,MOD,Ser/Thr residue phosphorylated by the Plk1 kinase,PF00069,Pkinase,Protein kinase domain,.[DNE][^PG][ST](([FYILMVW]..)|([^PEDGKN][FWYLIVM]).),EEDSISL,378,384,PMYT1_HUMAN,Homo sapiens,12738781 21498573,true positive,44,0,disordered
ELME000442,MOD_Plk_1,Polo-like kinase phosphosites,MOD,Ser/Thr residue phosphorylated by the Plk1 kinase,PF00069,Pkinase,Protein kinase domain,.[DNE][^PG][ST](([FYILMVW]..)|([^PEDGKN][FWYLIVM]).),EEDSISL,378,384,PMYT1_HUMAN,Homo sapiens,21498573,true positive,44,0,disordered
ELME000442,MOD_Plk_1,Polo-like kinase phosphosites,MOD,Ser/Thr residue phosphorylated by the Plk1 kinase,PF00069,Pkinase,Protein kinase domain,.[DNE][^PG][ST](([FYILMVW]..)|([^PEDGKN][FWYLIVM]).),EEDSISL,378,384,RGAP1_HUMAN,Homo sapiens,19468300,true positive,44,0,disordered
ELME000442,MOD_Plk_1,Polo-like kinase phosphosites,MOD,Ser/Thr residue phosphorylated by the Plk1 kinase,PF00069,Pkinase,Protein kinase domain,.[DNE][^PG][ST](([FYILMVW]..)|([^PEDGKN][FWYLIVM]).),EEDSISL,378,384,RGAP1_HUMAN,Homo sapiens,19468302 19468300,true positive,44,0,disordered
ELME000442,MOD_Plk_1,Polo-like kinase phosphosites,MOD,Ser/Thr residue phosphorylated by the Plk1 kinase,PF00069,Pkinase,Protein kinase domain,.[DNE][^PG][ST](([FYILMVW]..)|([^PEDGKN][FWYLIVM]).),EEDSISL,378,384,SCC1_YEAST,Saccharomyces cerevisiae S288c,11371343,true positive,44,0,disordered
ELME000442,MOD_Plk_1,Polo-like kinase phosphosites,MOD,Ser/Thr residue phosphorylated by the Plk1 kinase,PF00069,Pkinase,Protein kinase domain,.[DNE][^PG][ST](([FYILMVW]..)|([^PEDGKN][FWYLIVM]).),EEDSISL,378,384,SFI1_YEAST,Saccharomyces cerevisiae S288c,24954044,true positive,44,0,disordered
ELME000442,MOD_Plk_1,Polo-like kinase phosphosites,MOD,Ser/Thr residue phosphorylated by the Plk1 kinase,PF00069,Pkinase,Protein kinase domain,.[DNE][^PG][ST](([FYILMVW]..)|([^PEDGKN][FWYLIVM]).),EEDSISL,378,384,SLD2_YEAST,Saccharomyces cerevisiae S288c,27705801,true positive,44,0,disordered
ELME000442,MOD_Plk_1,Polo-like kinase phosphosites,MOD,Ser/Thr residue phosphorylated by the Plk1 kinase,PF00069,Pkinase,Protein kinase domain,.[DNE][^PG][ST](([FYILMVW]..)|([^PEDGKN][FWYLIVM]).),EEDSISL,378,384,SPC7_SCHPO,Schizosaccharomyces pombe 972h-,28497540,true positive,44,0,disordered
ELME000442,MOD_Plk_1,Polo-like kinase phosphosites,MOD,Ser/Thr residue phosphorylated by the Plk1 kinase,PF00069,Pkinase,Protein kinase domain,.[DNE][^PG][ST](([FYILMVW]..)|([^PEDGKN][FWYLIVM]).),EEDSISL,378,384,SRBP1_HUMAN,Homo sapiens,27579997,true positive,44,0,disordered
ELME000442,MOD_Plk_1,Polo-like kinase phosphosites,MOD,Ser/Thr residue phosphorylated by the Plk1 kinase,PF00069,Pkinase,Protein kinase domain,.[DNE][^PG][ST](([FYILMVW]..)|([^PEDGKN][FWYLIVM]).),EEDSISL,378,384,SRBP1_HUMAN,Homo sapiens,27579998,true positive,44,0,disordered
ELME000442,MOD_Plk_1,Polo-like kinase phosphosites,MOD,Ser/Thr residue phosphorylated by the Plk1 kinase,PF00069,Pkinase,Protein kinase domain,.[DNE][^PG][ST](([FYILMVW]..)|([^PEDGKN][FWYLIVM]).),EEDSISL,378,384,TOPRS_HUMAN,Homo sapiens,19473992,true positive,44,0,disordered
ELME000442,MOD_Plk_1,Polo-like kinase phosphosites,MOD,Ser/Thr residue phosphorylated by the Plk1 kinase,PF00069,Pkinase,Protein kinase domain,.[DNE][^PG][ST](([FYILMVW]..)|([^PEDGKN][FWYLIVM]).),EEDSISL,378,384,VIME_MOUSE,Mus musculus,16260496,true positive,44,0,disordered
ELME000442,MOD_Plk_1,Polo-like kinase phosphosites,MOD,Ser/Thr residue phosphorylated by the Plk1 kinase,PF00069,Pkinase,Protein kinase domain,.[DNE][^PG][ST](([FYILMVW]..)|([^PEDGKN][FWYLIVM]).),EEDSISL,378,384,WEE1_HUMAN,Homo sapiens,15070733,true positive,44,0,disordered
ELME000442,MOD_Plk_1,Polo-like kinase phosphosites,MOD,Ser/Thr residue phosphorylated by the Plk1 kinase,PF00069,Pkinase,Protein kinase domain,.[DNE][^PG][ST](([FYILMVW]..)|([^PEDGKN][FWYLIVM]).),EEASVET,437,443,BRCA2_HUMAN,Homo sapiens,12815053,true positive,44,0,disordered
ELME000442,MOD_Plk_1,Polo-like kinase phosphosites,MOD,Ser/Thr residue phosphorylated by the Plk1 kinase,PF00069,Pkinase,Protein kinase domain,.[DNE][^PG][ST](([FYILMVW]..)|([^PEDGKN][FWYLIVM]).),EEASVET,437,443,CDH1_YEAST,Saccharomyces cerevisiae S288c,1850033,true positive,44,0,disordered
ELME000442,MOD_Plk_1,Polo-like kinase phosphosites,MOD,Ser/Thr residue phosphorylated by the Plk1 kinase,PF00069,Pkinase,Protein kinase domain,.[DNE][^PG][ST](([FYILMVW]..)|([^PEDGKN][FWYLIVM]).),EEASVET,437,443,CND1_YEAST,Saccharomyces cerevisiae S288c,19481522,true positive,44,0,disordered
ELME000442,MOD_Plk_1,Polo-like kinase phosphosites,MOD,Ser/Thr residue phosphorylated by the Plk1 kinase,PF00069,Pkinase,Protein kinase domain,.[DNE][^PG][ST](([FYILMVW]..)|([^PEDGKN][FWYLIVM]).),EEASVET,437,443,CND2_YEAST,Saccharomyces cerevisiae S288c,19481522,true positive,44,0,disordered
ELME000442,MOD_Plk_1,Polo-like kinase phosphosites,MOD,Ser/Thr residue phosphorylated by the Plk1 kinase,PF00069,Pkinase,Protein kinase domain,.[DNE][^PG][ST](([FYILMVW]..)|([^PEDGKN][FWYLIVM]).),EEASVET,437,443,CND3_YEAST,Saccharomyces cerevisiae S288c,19481522,true positive,44,0,disordered
ELME000442,MOD_Plk_1,Polo-like kinase phosphosites,MOD,Ser/Thr residue phosphorylated by the Plk1 kinase,PF00069,Pkinase,Protein kinase domain,.[DNE][^PG][ST](([FYILMVW]..)|([^PEDGKN][FWYLIVM]).),EEASVET,437,443,CNDD3_HUMAN,Homo sapiens,21498573,true positive,44,0,disordered
ELME000442,MOD_Plk_1,Polo-like kinase phosphosites,MOD,Ser/Thr residue phosphorylated by the Plk1 kinase,PF00069,Pkinase,Protein kinase domain,.[DNE][^PG][ST](([FYILMVW]..)|([^PEDGKN][FWYLIVM]).),EEASVET,437,443,CYK2_YEAST,Saccharomyces cerevisiae S288c,21498574,true positive,44,0,disordered
ELME000442,MOD_Plk_1,Polo-like kinase phosphosites,MOD,Ser/Thr residue phosphorylated by the Plk1 kinase,PF00069,Pkinase,Protein kinase domain,.[DNE][^PG][ST](([FYILMVW]..)|([^PEDGKN][FWYLIVM]).),EEASVET,437,443,DAM1_SCHPO,Schizosaccharomyces pombe 972h-,22375062,true positive,44,0,disordered
ELME000442,MOD_Plk_1,Polo-like kinase phosphosites,MOD,Ser/Thr residue phosphorylated by the Plk1 kinase,PF00069,Pkinase,Protein kinase domain,.[DNE][^PG][ST](([FYILMVW]..)|([^PEDGKN][FWYLIVM]).),EEASVET,437,443,FOXM1_HUMAN,Homo sapiens,19160488,true positive,44,0,disordered
ELME000442,MOD_Plk_1,Polo-like kinase phosphosites,MOD,Ser/Thr residue phosphorylated by the Plk1 kinase,PF00069,Pkinase,Protein kinase domain,.[DNE][^PG][ST](([FYILMVW]..)|([^PEDGKN][FWYLIVM]).),EEASVET,437,443,IKKB_HUMAN,Homo sapiens,18957422,true positive,44,0,disordered
ELME000442,MOD_Plk_1,Polo-like kinase phosphosites,MOD,Ser/Thr residue phosphorylated by the Plk1 kinase,PF00069,Pkinase,Protein kinase domain,.[DNE][^PG][ST](([FYILMVW]..)|([^PEDGKN][FWYLIVM]).),EEASVET,437,443,KIZ_HUMAN,Homo sapiens,16980960,true positive,44,0,disordered
ELME000442,MOD_Plk_1,Polo-like kinase phosphosites,MOD,Ser/Thr residue phosphorylated by the Plk1 kinase,PF00069,Pkinase,Protein kinase domain,.[DNE][^PG][ST](([FYILMVW]..)|([^PEDGKN][FWYLIVM]).),EEASVET,437,443,MAD3_YEAST,Saccharomyces cerevisiae,15970700,true positive,44,0,disordered
ELME000442,MOD_Plk_1,Polo-like kinase phosphosites,MOD,Ser/Thr residue phosphorylated by the Plk1 kinase,PF00069,Pkinase,Protein kinase domain,.[DNE][^PG][ST](([FYILMVW]..)|([^PEDGKN][FWYLIVM]).),EEASVET,437,443,MID1_SCHPO,Schizosaccharomyces pombe 972h-,21376600,true positive,44,0,disordered
ELME000442,MOD_Plk_1,Polo-like kinase phosphosites,MOD,Ser/Thr residue phosphorylated by the Plk1 kinase,PF00069,Pkinase,Protein kinase domain,.[DNE][^PG][ST](([FYILMVW]..)|([^PEDGKN][FWYLIVM]).),EEASVET,437,443,MPIP3_HUMAN,Homo sapiens,12738781 11897663,true positive,44,0,disordered
ELME000442,MOD_Plk_1,Polo-like kinase phosphosites,MOD,Ser/Thr residue phosphorylated by the Plk1 kinase,PF00069,Pkinase,Protein kinase domain,.[DNE][^PG][ST](([FYILMVW]..)|([^PEDGKN][FWYLIVM]).),EEASVET,437,443,NDD1_YEAST,Saccharomyces cerevisiae S288c,17122856,true positive,44,0,disordered
ELME000442,MOD_Plk_1,Polo-like kinase phosphosites,MOD,Ser/Thr residue phosphorylated by the Plk1 kinase,PF00069,Pkinase,Protein kinase domain,.[DNE][^PG][ST](([FYILMVW]..)|([^PEDGKN][FWYLIVM]).),EEASVET,437,443,NEDD1_HUMAN,Homo sapiens,19509060,true positive,44,0,disordered
ELME000442,MOD_Plk_1,Polo-like kinase phosphosites,MOD,Ser/Thr residue phosphorylated by the Plk1 kinase,PF00069,Pkinase,Protein kinase domain,.[DNE][^PG][ST](([FYILMVW]..)|([^PEDGKN][FWYLIVM]).),EEASVET,437,443,O96561_DROME,Drosophila melanogaster,27238966,true positive,44,0,disordered
ELME000442,MOD_Plk_1,Polo-like kinase phosphosites,MOD,Ser/Thr residue phosphorylated by the Plk1 kinase,PF00069,Pkinase,Protein kinase domain,.[DNE][^PG][ST](([FYILMVW]..)|([^PEDGKN][FWYLIVM]).),EEASVET,437,443,PINX1_HUMAN,Homo sapiens,20573420,true positive,44,0,disordered
ELME000442,MOD_Plk_1,Polo-like kinase phosphosites,MOD,Ser/Thr residue phosphorylated by the Plk1 kinase,PF00069,Pkinase,Protein kinase domain,.[DNE][^PG][ST](([FYILMVW]..)|([^PEDGKN][FWYLIVM]).),EEASVET,437,443,PMYT1_HUMAN,Homo sapiens,12738781 21498573,true positive,44,0,disordered
ELME000442,MOD_Plk_1,Polo-like kinase phosphosites,MOD,Ser/Thr residue phosphorylated by the Plk1 kinase,PF00069,Pkinase,Protein kinase domain,.[DNE][^PG][ST](([FYILMVW]..)|([^PEDGKN][FWYLIVM]).),EEASVET,437,443,PMYT1_HUMAN,Homo sapiens,21498573,true positive,44,0,disordered
ELME000442,MOD_Plk_1,Polo-like kinase phosphosites,MOD,Ser/Thr residue phosphorylated by the Plk1 kinase,PF00069,Pkinase,Protein kinase domain,.[DNE][^PG][ST](([FYILMVW]..)|([^PEDGKN][FWYLIVM]).),EEASVET,437,443,RGAP1_HUMAN,Homo sapiens,19468300,true positive,44,0,disordered
ELME000442,MOD_Plk_1,Polo-like kinase phosphosites,MOD,Ser/Thr residue phosphorylated by the Plk1 kinase,PF00069,Pkinase,Protein kinase domain,.[DNE][^PG][ST](([FYILMVW]..)|([^PEDGKN][FWYLIVM]).),EEASVET,437,443,RGAP1_HUMAN,Homo sapiens,19468302 19468300,true positive,44,0,disordered
ELME000442,MOD_Plk_1,Polo-like kinase phosphosites,MOD,Ser/Thr residue phosphorylated by the Plk1 kinase,PF00069,Pkinase,Protein kinase domain,.[DNE][^PG][ST](([FYILMVW]..)|([^PEDGKN][FWYLIVM]).),EEASVET,437,443,SCC1_YEAST,Saccharomyces cerevisiae S288c,11371343,true positive,44,0,disordered
ELME000442,MOD_Plk_1,Polo-like kinase phosphosites,MOD,Ser/Thr residue phosphorylated by the Plk1 kinase,PF00069,Pkinase,Protein kinase domain,.[DNE][^PG][ST](([FYILMVW]..)|([^PEDGKN][FWYLIVM]).),EEASVET,437,443,SFI1_YEAST,Saccharomyces cerevisiae S288c,24954044,true positive,44,0,disordered
ELME000442,MOD_Plk_1,Polo-like kinase phosphosites,MOD,Ser/Thr residue phosphorylated by the Plk1 kinase,PF00069,Pkinase,Protein kinase domain,.[DNE][^PG][ST](([FYILMVW]..)|([^PEDGKN][FWYLIVM]).),EEASVET,437,443,SLD2_YEAST,Saccharomyces cerevisiae S288c,27705801,true positive,44,0,disordered
ELME000442,MOD_Plk_1,Polo-like kinase phosphosites,MOD,Ser/Thr residue phosphorylated by the Plk1 kinase,PF00069,Pkinase,Protein kinase domain,.[DNE][^PG][ST](([FYILMVW]..)|([^PEDGKN][FWYLIVM]).),EEASVET,437,443,SPC7_SCHPO,Schizosaccharomyces pombe 972h-,28497540,true positive,44,0,disordered
ELME000442,MOD_Plk_1,Polo-like kinase phosphosites,MOD,Ser/Thr residue phosphorylated by the Plk1 kinase,PF00069,Pkinase,Protein kinase domain,.[DNE][^PG][ST](([FYILMVW]..)|([^PEDGKN][FWYLIVM]).),EEASVET,437,443,SRBP1_HUMAN,Homo sapiens,27579997,true positive,44,0,disordered
ELME000442,MOD_Plk_1,Polo-like kinase phosphosites,MOD,Ser/Thr residue phosphorylated by the Plk1 kinase,PF00069,Pkinase,Protein kinase domain,.[DNE][^PG][ST](([FYILMVW]..)|([^PEDGKN][FWYLIVM]).),EEASVET,437,443,SRBP1_HUMAN,Homo sapiens,27579998,true positive,44,0,disordered
ELME000442,MOD_Plk_1,Polo-like kinase phosphosites,MOD,Ser/Thr residue phosphorylated by the Plk1 kinase,PF00069,Pkinase,Protein kinase domain,.[DNE][^PG][ST](([FYILMVW]..)|([^PEDGKN][FWYLIVM]).),EEASVET,437,443,TOPRS_HUMAN,Homo sapiens,19473992,true positive,44,0,disordered
ELME000442,MOD_Plk_1,Polo-like kinase phosphosites,MOD,Ser/Thr residue phosphorylated by the Plk1 kinase,PF00069,Pkinase,Protein kinase domain,.[DNE][^PG][ST](([FYILMVW]..)|([^PEDGKN][FWYLIVM]).),EEASVET,437,443,VIME_MOUSE,Mus musculus,16260496,true positive,44,0,disordered
ELME000442,MOD_Plk_1,Polo-like kinase phosphosites,MOD,Ser/Thr residue phosphorylated by the Plk1 kinase,PF00069,Pkinase,Protein kinase domain,.[DNE][^PG][ST](([FYILMVW]..)|([^PEDGKN][FWYLIVM]).),EEASVET,437,443,WEE1_HUMAN,Homo sapiens,15070733,true positive,44,0,disordered
ELME000443,MOD_Plk_2-3,Polo-like kinase phosphosites,MOD,Ser/Thr residue phosphorylated by Plk2 and Plk3,PF00069,Pkinase,Protein kinase domain,[DE]..([ST])[EDILMVFWY](([DE].)|(.[DE])),DDSSVTE,169,175,MPIP3_HUMAN,Homo sapiens,14968113,true positive,3,0,ordered
ELME000443,MOD_Plk_2-3,Polo-like kinase phosphosites,MOD,Ser/Thr residue phosphorylated by Plk2 and Plk3,PF00069,Pkinase,Protein kinase domain,[DE]..([ST])[EDILMVFWY](([DE].)|(.[DE])),DDSSVTE,169,175,SYUA_HUMAN,Homo sapiens,19004816,true positive,3,0,ordered
ELME000443,MOD_Plk_2-3,Polo-like kinase phosphosites,MOD,Ser/Thr residue phosphorylated by Plk2 and Plk3,PF00069,Pkinase,Protein kinase domain,[DE]..([ST])[EDILMVFWY](([DE].)|(.[DE])),DDSSVTE,169,175,TOP2A_HUMAN,Homo sapiens,18062778,true positive,3,0,ordered
ELME000443,MOD_Plk_2-3,Polo-like kinase phosphosites,MOD,Ser/Thr residue phosphorylated by Plk2 and Plk3,PF00069,Pkinase,Protein kinase domain,[DE]..([ST])[EDILMVFWY](([DE].)|(.[DE])),DSLSILD,421,427,MPIP3_HUMAN,Homo sapiens,14968113,true positive,3,0,inbetween
ELME000443,MOD_Plk_2-3,Polo-like kinase phosphosites,MOD,Ser/Thr residue phosphorylated by Plk2 and Plk3,PF00069,Pkinase,Protein kinase domain,[DE]..([ST])[EDILMVFWY](([DE].)|(.[DE])),DSLSILD,421,427,SYUA_HUMAN,Homo sapiens,19004816,true positive,3,0,inbetween
ELME000443,MOD_Plk_2-3,Polo-like kinase phosphosites,MOD,Ser/Thr residue phosphorylated by Plk2 and Plk3,PF00069,Pkinase,Protein kinase domain,[DE]..([ST])[EDILMVFWY](([DE].)|(.[DE])),DSLSILD,421,427,TOP2A_HUMAN,Homo sapiens,18062778,true positive,3,0,inbetween
ELME000443,MOD_Plk_2-3,Polo-like kinase phosphosites,MOD,Ser/Thr residue phosphorylated by Plk2 and Plk3,PF00069,Pkinase,Protein kinase domain,[DE]..([ST])[EDILMVFWY](([DE].)|(.[DE])),EEASVET,437,443,MPIP3_HUMAN,Homo sapiens,14968113,true positive,3,0,disordered
ELME000443,MOD_Plk_2-3,Polo-like kinase phosphosites,MOD,Ser/Thr residue phosphorylated by Plk2 and Plk3,PF00069,Pkinase,Protein kinase domain,[DE]..([ST])[EDILMVFWY](([DE].)|(.[DE])),EEASVET,437,443,SYUA_HUMAN,Homo sapiens,19004816,true positive,3,0,disordered
ELME000443,MOD_Plk_2-3,Polo-like kinase phosphosites,MOD,Ser/Thr residue phosphorylated by Plk2 and Plk3,PF00069,Pkinase,Protein kinase domain,[DE]..([ST])[EDILMVFWY](([DE].)|(.[DE])),EEASVET,437,443,TOP2A_HUMAN,Homo sapiens,18062778,true positive,3,0,disordered
ELME000444,MOD_Plk_4,Polo-like kinase phosphosites,MOD,Ser/Thr residue phosphorylated by Plk4,PF00069,Pkinase,Protein kinase domain,..[^IRFW]([ST])[ILMVFWY][ILMVFWY].,EQPTLIT,354,360,CENPJ_HUMAN,Homo sapiens,20531387,true positive,7,0,disordered
ELME000444,MOD_Plk_4,Polo-like kinase phosphosites,MOD,Ser/Thr residue phosphorylated by Plk4,PF00069,Pkinase,Protein kinase domain,..[^IRFW]([ST])[ILMVFWY][ILMVFWY].,EQPTLIT,354,360,FBXW5_HUMAN,Homo sapiens,21725316,true positive,7,0,disordered
ELME000444,MOD_Plk_4,Polo-like kinase phosphosites,MOD,Ser/Thr residue phosphorylated by Plk4,PF00069,Pkinase,Protein kinase domain,..[^IRFW]([ST])[ILMVFWY][ILMVFWY].,EQPTLIT,354,360,PLK4_HUMAN,Homo sapiens,20032307,true positive,7,0,disordered
ELME000444,MOD_Plk_4,Polo-like kinase phosphosites,MOD,Ser/Thr residue phosphorylated by Plk4,PF00069,Pkinase,Protein kinase domain,..[^IRFW]([ST])[ILMVFWY][ILMVFWY].,EQPTLIT,354,360,Q9XZ31_DROME,Drosophila melanogaster,25264260,true positive,7,0,disordered
ELME000444,MOD_Plk_4,Polo-like kinase phosphosites,MOD,Ser/Thr residue phosphorylated by Plk4,PF00069,Pkinase,Protein kinase domain,..[^IRFW]([ST])[ILMVFWY][ILMVFWY].,EQPTLIT,354,360,STIL_HUMAN,Homo sapiens,26101219,true positive,7,0,disordered
ELME000444,MOD_Plk_4,Polo-like kinase phosphosites,MOD,Ser/Thr residue phosphorylated by Plk4,PF00069,Pkinase,Protein kinase domain,..[^IRFW]([ST])[ILMVFWY][ILMVFWY].,DSLSILD,421,427,CENPJ_HUMAN,Homo sapiens,20531387,true positive,7,0,inbetween
ELME000444,MOD_Plk_4,Polo-like kinase phosphosites,MOD,Ser/Thr residue phosphorylated by Plk4,PF00069,Pkinase,Protein kinase domain,..[^IRFW]([ST])[ILMVFWY][ILMVFWY].,DSLSILD,421,427,FBXW5_HUMAN,Homo sapiens,21725316,true positive,7,0,inbetween
ELME000444,MOD_Plk_4,Polo-like kinase phosphosites,MOD,Ser/Thr residue phosphorylated by Plk4,PF00069,Pkinase,Protein kinase domain,..[^IRFW]([ST])[ILMVFWY][ILMVFWY].,DSLSILD,421,427,PLK4_HUMAN,Homo sapiens,20032307,true positive,7,0,inbetween
ELME000444,MOD_Plk_4,Polo-like kinase phosphosites,MOD,Ser/Thr residue phosphorylated by Plk4,PF00069,Pkinase,Protein kinase domain,..[^IRFW]([ST])[ILMVFWY][ILMVFWY].,DSLSILD,421,427,Q9XZ31_DROME,Drosophila melanogaster,25264260,true positive,7,0,inbetween
ELME000444,MOD_Plk_4,Polo-like kinase phosphosites,MOD,Ser/Thr residue phosphorylated by Plk4,PF00069,Pkinase,Protein kinase domain,..[^IRFW]([ST])[ILMVFWY][ILMVFWY].,DSLSILD,421,427,STIL_HUMAN,Homo sapiens,26101219,true positive,7,0,inbetween
ELME000444,MOD_Plk_4,Polo-like kinase phosphosites,MOD,Ser/Thr residue phosphorylated by Plk4,PF00069,Pkinase,Protein kinase domain,..[^IRFW]([ST])[ILMVFWY][ILMVFWY].,ETNSYFA,442,448,CENPJ_HUMAN,Homo sapiens,20531387,true positive,7,0,inbetween
ELME000444,MOD_Plk_4,Polo-like kinase phosphosites,MOD,Ser/Thr residue phosphorylated by Plk4,PF00069,Pkinase,Protein kinase domain,..[^IRFW]([ST])[ILMVFWY][ILMVFWY].,ETNSYFA,442,448,FBXW5_HUMAN,Homo sapiens,21725316,true positive,7,0,inbetween
ELME000444,MOD_Plk_4,Polo-like kinase phosphosites,MOD,Ser/Thr residue phosphorylated by Plk4,PF00069,Pkinase,Protein kinase domain,..[^IRFW]([ST])[ILMVFWY][ILMVFWY].,ETNSYFA,442,448,PLK4_HUMAN,Homo sapiens,20032307,true positive,7,0,inbetween
ELME000444,MOD_Plk_4,Polo-like kinase phosphosites,MOD,Ser/Thr residue phosphorylated by Plk4,PF00069,Pkinase,Protein kinase domain,..[^IRFW]([ST])[ILMVFWY][ILMVFWY].,ETNSYFA,442,448,Q9XZ31_DROME,Drosophila melanogaster,25264260,true positive,7,0,inbetween
ELME000444,MOD_Plk_4,Polo-like kinase phosphosites,MOD,Ser/Thr residue phosphorylated by Plk4,PF00069,Pkinase,Protein kinase domain,..[^IRFW]([ST])[ILMVFWY][ILMVFWY].,ETNSYFA,442,448,STIL_HUMAN,Homo sapiens,26101219,true positive,7,0,inbetween
ELME000444,MOD_Plk_4,Polo-like kinase phosphosites,MOD,Ser/Thr residue phosphorylated by Plk4,PF00069,Pkinase,Protein kinase domain,..[^IRFW]([ST])[ILMVFWY][ILMVFWY].,SRTSLVS,520,526,CENPJ_HUMAN,Homo sapiens,20531387,true positive,7,0,disordered
ELME000444,MOD_Plk_4,Polo-like kinase phosphosites,MOD,Ser/Thr residue phosphorylated by Plk4,PF00069,Pkinase,Protein kinase domain,..[^IRFW]([ST])[ILMVFWY][ILMVFWY].,SRTSLVS,520,526,FBXW5_HUMAN,Homo sapiens,21725316,true positive,7,0,disordered
ELME000444,MOD_Plk_4,Polo-like kinase phosphosites,MOD,Ser/Thr residue phosphorylated by Plk4,PF00069,Pkinase,Protein kinase domain,..[^IRFW]([ST])[ILMVFWY][ILMVFWY].,SRTSLVS,520,526,PLK4_HUMAN,Homo sapiens,20032307,true positive,7,0,disordered
ELME000444,MOD_Plk_4,Polo-like kinase phosphosites,MOD,Ser/Thr residue phosphorylated by Plk4,PF00069,Pkinase,Protein kinase domain,..[^IRFW]([ST])[ILMVFWY][ILMVFWY].,SRTSLVS,520,526,Q9XZ31_DROME,Drosophila melanogaster,25264260,true positive,7,0,disordered
ELME000444,MOD_Plk_4,Polo-like kinase phosphosites,MOD,Ser/Thr residue phosphorylated by Plk4,PF00069,Pkinase,Protein kinase domain,..[^IRFW]([ST])[ILMVFWY][ILMVFWY].,SRTSLVS,520,526,STIL_HUMAN,Homo sapiens,26101219,true positive,7,0,disordered
ELME000159,MOD_ProDKin_1,MAPK Phosphorylation Site,MOD,Proline-Directed Kinase (e.g. MAPK) phosphorylation site in higher eukaryotes.,PF00069,Pkinase,Protein kinase domain,...([ST])P..,EASTPPS,257,263,A6P3E3_MOUSE,Mus musculus,16410316,true positive,38,0,inbetween
ELME000159,MOD_ProDKin_1,MAPK Phosphorylation Site,MOD,Proline-Directed Kinase (e.g. MAPK) phosphorylation site in higher eukaryotes.,PF00069,Pkinase,Protein kinase domain,...([ST])P..,EASTPPS,257,263,BAZ1B_HUMAN,Homo sapiens,19776015,true positive,38,0,inbetween
ELME000159,MOD_ProDKin_1,MAPK Phosphorylation Site,MOD,Proline-Directed Kinase (e.g. MAPK) phosphorylation site in higher eukaryotes.,PF00069,Pkinase,Protein kinase domain,...([ST])P..,EASTPPS,257,263,ELK4_HUMAN,Homo sapiens,9130707,true positive,38,0,inbetween
ELME000159,MOD_ProDKin_1,MAPK Phosphorylation Site,MOD,Proline-Directed Kinase (e.g. MAPK) phosphorylation site in higher eukaryotes.,PF00069,Pkinase,Protein kinase domain,...([ST])P..,EASTPPS,257,263,ETV6_HUMAN,Homo sapiens,12435397,true positive,38,0,inbetween
ELME000159,MOD_ProDKin_1,MAPK Phosphorylation Site,MOD,Proline-Directed Kinase (e.g. MAPK) phosphorylation site in higher eukaryotes.,PF00069,Pkinase,Protein kinase domain,...([ST])P..,EASTPPS,257,263,FAK1_HUMAN,Homo sapiens,12692126,true positive,38,0,inbetween
ELME000159,MOD_ProDKin_1,MAPK Phosphorylation Site,MOD,Proline-Directed Kinase (e.g. MAPK) phosphorylation site in higher eukaryotes.,PF00069,Pkinase,Protein kinase domain,...([ST])P..,EASTPPS,257,263,FAK1_MOUSE,Mus musculus,19595712,true positive,38,0,inbetween
ELME000159,MOD_ProDKin_1,MAPK Phosphorylation Site,MOD,Proline-Directed Kinase (e.g. MAPK) phosphorylation site in higher eukaryotes.,PF00069,Pkinase,Protein kinase domain,...([ST])P..,EASTPPS,257,263,GRB10_HUMAN,Homo sapiens,15952796,true positive,38,0,inbetween
ELME000159,MOD_ProDKin_1,MAPK Phosphorylation Site,MOD,Proline-Directed Kinase (e.g. MAPK) phosphorylation site in higher eukaryotes.,PF00069,Pkinase,Protein kinase domain,...([ST])P..,EASTPPS,257,263,HIF1A_HUMAN,Homo sapiens,16954218,true positive,38,0,inbetween
ELME000159,MOD_ProDKin_1,MAPK Phosphorylation Site,MOD,Proline-Directed Kinase (e.g. MAPK) phosphorylation site in higher eukaryotes.,PF00069,Pkinase,Protein kinase domain,...([ST])P..,EASTPPS,257,263,HSF1_HUMAN,Homo sapiens,8940068,true positive,38,0,inbetween
ELME000159,MOD_ProDKin_1,MAPK Phosphorylation Site,MOD,Proline-Directed Kinase (e.g. MAPK) phosphorylation site in higher eukaryotes.,PF00069,Pkinase,Protein kinase domain,...([ST])P..,EASTPPS,257,263,INCA_CHLCV,Chlamydophila caviae GPIC,15230981,true positive,38,0,inbetween
ELME000159,MOD_ProDKin_1,MAPK Phosphorylation Site,MOD,Proline-Directed Kinase (e.g. MAPK) phosphorylation site in higher eukaryotes.,PF00069,Pkinase,Protein kinase domain,...([ST])P..,EASTPPS,257,263,JDP2_MOUSE,Mus musculus,11602244,true positive,38,0,inbetween
ELME000159,MOD_ProDKin_1,MAPK Phosphorylation Site,MOD,Proline-Directed Kinase (e.g. MAPK) phosphorylation site in higher eukaryotes.,PF00069,Pkinase,Protein kinase domain,...([ST])P..,EASTPPS,257,263,K2C8_HUMAN,Homo sapiens,11781324,true positive,38,0,inbetween
ELME000159,MOD_ProDKin_1,MAPK Phosphorylation Site,MOD,Proline-Directed Kinase (e.g. MAPK) phosphorylation site in higher eukaryotes.,PF00069,Pkinase,Protein kinase domain,...([ST])P..,EASTPPS,257,263,LCK_MOUSE,Mus musculus,8226850 11847223,true positive,38,0,inbetween
ELME000159,MOD_ProDKin_1,MAPK Phosphorylation Site,MOD,Proline-Directed Kinase (e.g. MAPK) phosphorylation site in higher eukaryotes.,PF00069,Pkinase,Protein kinase domain,...([ST])P..,EASTPPS,257,263,LIMA1_MOUSE,Mus musculus,17875928,true positive,38,0,inbetween
ELME000159,MOD_ProDKin_1,MAPK Phosphorylation Site,MOD,Proline-Directed Kinase (e.g. MAPK) phosphorylation site in higher eukaryotes.,PF00069,Pkinase,Protein kinase domain,...([ST])P..,EASTPPS,257,263,MED1_MOUSE,Mus musculus,12356758,true positive,38,0,inbetween
ELME000159,MOD_ProDKin_1,MAPK Phosphorylation Site,MOD,Proline-Directed Kinase (e.g. MAPK) phosphorylation site in higher eukaryotes.,PF00069,Pkinase,Protein kinase domain,...([ST])P..,EASTPPS,257,263,MYC_HUMAN,Homo sapiens,8035827 1651323,true positive,38,0,inbetween
ELME000159,MOD_ProDKin_1,MAPK Phosphorylation Site,MOD,Proline-Directed Kinase (e.g. MAPK) phosphorylation site in higher eukaryotes.,PF00069,Pkinase,Protein kinase domain,...([ST])P..,EASTPPS,257,263,MYC_HUMAN,Homo sapiens,10551811,true positive,38,0,inbetween
ELME000159,MOD_ProDKin_1,MAPK Phosphorylation Site,MOD,Proline-Directed Kinase (e.g. MAPK) phosphorylation site in higher eukaryotes.,PF00069,Pkinase,Protein kinase domain,...([ST])P..,EASTPPS,257,263,NFAC4_HUMAN,Homo sapiens,11997522,true positive,38,0,inbetween
ELME000159,MOD_ProDKin_1,MAPK Phosphorylation Site,MOD,Proline-Directed Kinase (e.g. MAPK) phosphorylation site in higher eukaryotes.,PF00069,Pkinase,Protein kinase domain,...([ST])P..,EASTPPS,257,263,PAPOA_MOUSE,Mus musculus,18084034,true positive,38,0,inbetween
ELME000159,MOD_ProDKin_1,MAPK Phosphorylation Site,MOD,Proline-Directed Kinase (e.g. MAPK) phosphorylation site in higher eukaryotes.,PF00069,Pkinase,Protein kinase domain,...([ST])P..,EASTPPS,257,263,PAX6_DANRE,Danio rerio,10329718,true positive,38,0,inbetween
ELME000159,MOD_ProDKin_1,MAPK Phosphorylation Site,MOD,Proline-Directed Kinase (e.g. MAPK) phosphorylation site in higher eukaryotes.,PF00069,Pkinase,Protein kinase domain,...([ST])P..,EASTPPS,257,263,Q8K4N4_MOUSE,Mus musculus,15963504,true positive,38,0,inbetween
ELME000159,MOD_ProDKin_1,MAPK Phosphorylation Site,MOD,Proline-Directed Kinase (e.g. MAPK) phosphorylation site in higher eukaryotes.,PF00069,Pkinase,Protein kinase domain,...([ST])P..,EASTPPS,257,263,RARA_HUMAN,Homo sapiens,15657432,true positive,38,0,inbetween
ELME000159,MOD_ProDKin_1,MAPK Phosphorylation Site,MOD,Proline-Directed Kinase (e.g. MAPK) phosphorylation site in higher eukaryotes.,PF00069,Pkinase,Protein kinase domain,...([ST])P..,EASTPPS,257,263,SOS1_HUMAN,Homo sapiens,8816480,true positive,38,0,inbetween
ELME000159,MOD_ProDKin_1,MAPK Phosphorylation Site,MOD,Proline-Directed Kinase (e.g. MAPK) phosphorylation site in higher eukaryotes.,PF00069,Pkinase,Protein kinase domain,...([ST])P..,EASTPPS,257,263,SP1_HUMAN,Homo sapiens,11904305,true positive,38,0,inbetween
ELME000159,MOD_ProDKin_1,MAPK Phosphorylation Site,MOD,Proline-Directed Kinase (e.g. MAPK) phosphorylation site in higher eukaryotes.,PF00069,Pkinase,Protein kinase domain,...([ST])P..,EASTPPS,257,263,TACY_LISMO,Listeria monocytogenes EGD-e,14638761 11062133 16441444,true positive,38,0,inbetween
ELME000159,MOD_ProDKin_1,MAPK Phosphorylation Site,MOD,Proline-Directed Kinase (e.g. MAPK) phosphorylation site in higher eukaryotes.,PF00069,Pkinase,Protein kinase domain,...([ST])P..,EASTPPS,257,263,TAL1_HUMAN,Homo sapiens,8423803,true positive,38,0,inbetween
ELME000159,MOD_ProDKin_1,MAPK Phosphorylation Site,MOD,Proline-Directed Kinase (e.g. MAPK) phosphorylation site in higher eukaryotes.,PF00069,Pkinase,Protein kinase domain,...([ST])P..,EASTPPS,257,263,TOB1_HUMAN,Homo sapiens,12151396,true positive,38,0,inbetween
ELME000159,MOD_ProDKin_1,MAPK Phosphorylation Site,MOD,Proline-Directed Kinase (e.g. MAPK) phosphorylation site in higher eukaryotes.,PF00069,Pkinase,Protein kinase domain,...([ST])P..,HAMTPER,271,277,A6P3E3_MOUSE,Mus musculus,16410316,true positive,38,0,ordered
ELME000159,MOD_ProDKin_1,MAPK Phosphorylation Site,MOD,Proline-Directed Kinase (e.g. MAPK) phosphorylation site in higher eukaryotes.,PF00069,Pkinase,Protein kinase domain,...([ST])P..,HAMTPER,271,277,BAZ1B_HUMAN,Homo sapiens,19776015,true positive,38,0,ordered
ELME000159,MOD_ProDKin_1,MAPK Phosphorylation Site,MOD,Proline-Directed Kinase (e.g. MAPK) phosphorylation site in higher eukaryotes.,PF00069,Pkinase,Protein kinase domain,...([ST])P..,HAMTPER,271,277,ELK4_HUMAN,Homo sapiens,9130707,true positive,38,0,ordered
ELME000159,MOD_ProDKin_1,MAPK Phosphorylation Site,MOD,Proline-Directed Kinase (e.g. MAPK) phosphorylation site in higher eukaryotes.,PF00069,Pkinase,Protein kinase domain,...([ST])P..,HAMTPER,271,277,ETV6_HUMAN,Homo sapiens,12435397,true positive,38,0,ordered
ELME000159,MOD_ProDKin_1,MAPK Phosphorylation Site,MOD,Proline-Directed Kinase (e.g. MAPK) phosphorylation site in higher eukaryotes.,PF00069,Pkinase,Protein kinase domain,...([ST])P..,HAMTPER,271,277,FAK1_HUMAN,Homo sapiens,12692126,true positive,38,0,ordered
ELME000159,MOD_ProDKin_1,MAPK Phosphorylation Site,MOD,Proline-Directed Kinase (e.g. MAPK) phosphorylation site in higher eukaryotes.,PF00069,Pkinase,Protein kinase domain,...([ST])P..,HAMTPER,271,277,FAK1_MOUSE,Mus musculus,19595712,true positive,38,0,ordered
ELME000159,MOD_ProDKin_1,MAPK Phosphorylation Site,MOD,Proline-Directed Kinase (e.g. MAPK) phosphorylation site in higher eukaryotes.,PF00069,Pkinase,Protein kinase domain,...([ST])P..,HAMTPER,271,277,GRB10_HUMAN,Homo sapiens,15952796,true positive,38,0,ordered
ELME000159,MOD_ProDKin_1,MAPK Phosphorylation Site,MOD,Proline-Directed Kinase (e.g. MAPK) phosphorylation site in higher eukaryotes.,PF00069,Pkinase,Protein kinase domain,...([ST])P..,HAMTPER,271,277,HIF1A_HUMAN,Homo sapiens,16954218,true positive,38,0,ordered
ELME000159,MOD_ProDKin_1,MAPK Phosphorylation Site,MOD,Proline-Directed Kinase (e.g. MAPK) phosphorylation site in higher eukaryotes.,PF00069,Pkinase,Protein kinase domain,...([ST])P..,HAMTPER,271,277,HSF1_HUMAN,Homo sapiens,8940068,true positive,38,0,ordered
ELME000159,MOD_ProDKin_1,MAPK Phosphorylation Site,MOD,Proline-Directed Kinase (e.g. MAPK) phosphorylation site in higher eukaryotes.,PF00069,Pkinase,Protein kinase domain,...([ST])P..,HAMTPER,271,277,INCA_CHLCV,Chlamydophila caviae GPIC,15230981,true positive,38,0,ordered
ELME000159,MOD_ProDKin_1,MAPK Phosphorylation Site,MOD,Proline-Directed Kinase (e.g. MAPK) phosphorylation site in higher eukaryotes.,PF00069,Pkinase,Protein kinase domain,...([ST])P..,HAMTPER,271,277,JDP2_MOUSE,Mus musculus,11602244,true positive,38,0,ordered
ELME000159,MOD_ProDKin_1,MAPK Phosphorylation Site,MOD,Proline-Directed Kinase (e.g. MAPK) phosphorylation site in higher eukaryotes.,PF00069,Pkinase,Protein kinase domain,...([ST])P..,HAMTPER,271,277,K2C8_HUMAN,Homo sapiens,11781324,true positive,38,0,ordered
ELME000159,MOD_ProDKin_1,MAPK Phosphorylation Site,MOD,Proline-Directed Kinase (e.g. MAPK) phosphorylation site in higher eukaryotes.,PF00069,Pkinase,Protein kinase domain,...([ST])P..,HAMTPER,271,277,LCK_MOUSE,Mus musculus,8226850 11847223,true positive,38,0,ordered
ELME000159,MOD_ProDKin_1,MAPK Phosphorylation Site,MOD,Proline-Directed Kinase (e.g. MAPK) phosphorylation site in higher eukaryotes.,PF00069,Pkinase,Protein kinase domain,...([ST])P..,HAMTPER,271,277,LIMA1_MOUSE,Mus musculus,17875928,true positive,38,0,ordered
ELME000159,MOD_ProDKin_1,MAPK Phosphorylation Site,MOD,Proline-Directed Kinase (e.g. MAPK) phosphorylation site in higher eukaryotes.,PF00069,Pkinase,Protein kinase domain,...([ST])P..,HAMTPER,271,277,MED1_MOUSE,Mus musculus,12356758,true positive,38,0,ordered
ELME000159,MOD_ProDKin_1,MAPK Phosphorylation Site,MOD,Proline-Directed Kinase (e.g. MAPK) phosphorylation site in higher eukaryotes.,PF00069,Pkinase,Protein kinase domain,...([ST])P..,HAMTPER,271,277,MYC_HUMAN,Homo sapiens,8035827 1651323,true positive,38,0,ordered
ELME000159,MOD_ProDKin_1,MAPK Phosphorylation Site,MOD,Proline-Directed Kinase (e.g. MAPK) phosphorylation site in higher eukaryotes.,PF00069,Pkinase,Protein kinase domain,...([ST])P..,HAMTPER,271,277,MYC_HUMAN,Homo sapiens,10551811,true positive,38,0,ordered
ELME000159,MOD_ProDKin_1,MAPK Phosphorylation Site,MOD,Proline-Directed Kinase (e.g. MAPK) phosphorylation site in higher eukaryotes.,PF00069,Pkinase,Protein kinase domain,...([ST])P..,HAMTPER,271,277,NFAC4_HUMAN,Homo sapiens,11997522,true positive,38,0,ordered
ELME000159,MOD_ProDKin_1,MAPK Phosphorylation Site,MOD,Proline-Directed Kinase (e.g. MAPK) phosphorylation site in higher eukaryotes.,PF00069,Pkinase,Protein kinase domain,...([ST])P..,HAMTPER,271,277,PAPOA_MOUSE,Mus musculus,18084034,true positive,38,0,ordered
ELME000159,MOD_ProDKin_1,MAPK Phosphorylation Site,MOD,Proline-Directed Kinase (e.g. MAPK) phosphorylation site in higher eukaryotes.,PF00069,Pkinase,Protein kinase domain,...([ST])P..,HAMTPER,271,277,PAX6_DANRE,Danio rerio,10329718,true positive,38,0,ordered
ELME000159,MOD_ProDKin_1,MAPK Phosphorylation Site,MOD,Proline-Directed Kinase (e.g. MAPK) phosphorylation site in higher eukaryotes.,PF00069,Pkinase,Protein kinase domain,...([ST])P..,HAMTPER,271,277,Q8K4N4_MOUSE,Mus musculus,15963504,true positive,38,0,ordered
ELME000159,MOD_ProDKin_1,MAPK Phosphorylation Site,MOD,Proline-Directed Kinase (e.g. MAPK) phosphorylation site in higher eukaryotes.,PF00069,Pkinase,Protein kinase domain,...([ST])P..,HAMTPER,271,277,RARA_HUMAN,Homo sapiens,15657432,true positive,38,0,ordered
ELME000159,MOD_ProDKin_1,MAPK Phosphorylation Site,MOD,Proline-Directed Kinase (e.g. MAPK) phosphorylation site in higher eukaryotes.,PF00069,Pkinase,Protein kinase domain,...([ST])P..,HAMTPER,271,277,SOS1_HUMAN,Homo sapiens,8816480,true positive,38,0,ordered
ELME000159,MOD_ProDKin_1,MAPK Phosphorylation Site,MOD,Proline-Directed Kinase (e.g. MAPK) phosphorylation site in higher eukaryotes.,PF00069,Pkinase,Protein kinase domain,...([ST])P..,HAMTPER,271,277,SP1_HUMAN,Homo sapiens,11904305,true positive,38,0,ordered
ELME000159,MOD_ProDKin_1,MAPK Phosphorylation Site,MOD,Proline-Directed Kinase (e.g. MAPK) phosphorylation site in higher eukaryotes.,PF00069,Pkinase,Protein kinase domain,...([ST])P..,HAMTPER,271,277,TACY_LISMO,Listeria monocytogenes EGD-e,14638761 11062133 16441444,true positive,38,0,ordered
ELME000159,MOD_ProDKin_1,MAPK Phosphorylation Site,MOD,Proline-Directed Kinase (e.g. MAPK) phosphorylation site in higher eukaryotes.,PF00069,Pkinase,Protein kinase domain,...([ST])P..,HAMTPER,271,277,TAL1_HUMAN,Homo sapiens,8423803,true positive,38,0,ordered
ELME000159,MOD_ProDKin_1,MAPK Phosphorylation Site,MOD,Proline-Directed Kinase (e.g. MAPK) phosphorylation site in higher eukaryotes.,PF00069,Pkinase,Protein kinase domain,...([ST])P..,HAMTPER,271,277,TOB1_HUMAN,Homo sapiens,12151396,true positive,38,0,ordered
ELME000159,MOD_ProDKin_1,MAPK Phosphorylation Site,MOD,Proline-Directed Kinase (e.g. MAPK) phosphorylation site in higher eukaryotes.,PF00069,Pkinase,Protein kinase domain,...([ST])P..,ILFSPKV,314,320,A6P3E3_MOUSE,Mus musculus,16410316,true positive,38,0,ordered
ELME000159,MOD_ProDKin_1,MAPK Phosphorylation Site,MOD,Proline-Directed Kinase (e.g. MAPK) phosphorylation site in higher eukaryotes.,PF00069,Pkinase,Protein kinase domain,...([ST])P..,ILFSPKV,314,320,BAZ1B_HUMAN,Homo sapiens,19776015,true positive,38,0,ordered
ELME000159,MOD_ProDKin_1,MAPK Phosphorylation Site,MOD,Proline-Directed Kinase (e.g. MAPK) phosphorylation site in higher eukaryotes.,PF00069,Pkinase,Protein kinase domain,...([ST])P..,ILFSPKV,314,320,ELK4_HUMAN,Homo sapiens,9130707,true positive,38,0,ordered
ELME000159,MOD_ProDKin_1,MAPK Phosphorylation Site,MOD,Proline-Directed Kinase (e.g. MAPK) phosphorylation site in higher eukaryotes.,PF00069,Pkinase,Protein kinase domain,...([ST])P..,ILFSPKV,314,320,ETV6_HUMAN,Homo sapiens,12435397,true positive,38,0,ordered
ELME000159,MOD_ProDKin_1,MAPK Phosphorylation Site,MOD,Proline-Directed Kinase (e.g. MAPK) phosphorylation site in higher eukaryotes.,PF00069,Pkinase,Protein kinase domain,...([ST])P..,ILFSPKV,314,320,FAK1_HUMAN,Homo sapiens,12692126,true positive,38,0,ordered
ELME000159,MOD_ProDKin_1,MAPK Phosphorylation Site,MOD,Proline-Directed Kinase (e.g. MAPK) phosphorylation site in higher eukaryotes.,PF00069,Pkinase,Protein kinase domain,...([ST])P..,ILFSPKV,314,320,FAK1_MOUSE,Mus musculus,19595712,true positive,38,0,ordered
ELME000159,MOD_ProDKin_1,MAPK Phosphorylation Site,MOD,Proline-Directed Kinase (e.g. MAPK) phosphorylation site in higher eukaryotes.,PF00069,Pkinase,Protein kinase domain,...([ST])P..,ILFSPKV,314,320,GRB10_HUMAN,Homo sapiens,15952796,true positive,38,0,ordered
ELME000159,MOD_ProDKin_1,MAPK Phosphorylation Site,MOD,Proline-Directed Kinase (e.g. MAPK) phosphorylation site in higher eukaryotes.,PF00069,Pkinase,Protein kinase domain,...([ST])P..,ILFSPKV,314,320,HIF1A_HUMAN,Homo sapiens,16954218,true positive,38,0,ordered
ELME000159,MOD_ProDKin_1,MAPK Phosphorylation Site,MOD,Proline-Directed Kinase (e.g. MAPK) phosphorylation site in higher eukaryotes.,PF00069,Pkinase,Protein kinase domain,...([ST])P..,ILFSPKV,314,320,HSF1_HUMAN,Homo sapiens,8940068,true positive,38,0,ordered
ELME000159,MOD_ProDKin_1,MAPK Phosphorylation Site,MOD,Proline-Directed Kinase (e.g. MAPK) phosphorylation site in higher eukaryotes.,PF00069,Pkinase,Protein kinase domain,...([ST])P..,ILFSPKV,314,320,INCA_CHLCV,Chlamydophila caviae GPIC,15230981,true positive,38,0,ordered
ELME000159,MOD_ProDKin_1,MAPK Phosphorylation Site,MOD,Proline-Directed Kinase (e.g. MAPK) phosphorylation site in higher eukaryotes.,PF00069,Pkinase,Protein kinase domain,...([ST])P..,ILFSPKV,314,320,JDP2_MOUSE,Mus musculus,11602244,true positive,38,0,ordered
ELME000159,MOD_ProDKin_1,MAPK Phosphorylation Site,MOD,Proline-Directed Kinase (e.g. MAPK) phosphorylation site in higher eukaryotes.,PF00069,Pkinase,Protein kinase domain,...([ST])P..,ILFSPKV,314,320,K2C8_HUMAN,Homo sapiens,11781324,true positive,38,0,ordered
ELME000159,MOD_ProDKin_1,MAPK Phosphorylation Site,MOD,Proline-Directed Kinase (e.g. MAPK) phosphorylation site in higher eukaryotes.,PF00069,Pkinase,Protein kinase domain,...([ST])P..,ILFSPKV,314,320,LCK_MOUSE,Mus musculus,8226850 11847223,true positive,38,0,ordered
ELME000159,MOD_ProDKin_1,MAPK Phosphorylation Site,MOD,Proline-Directed Kinase (e.g. MAPK) phosphorylation site in higher eukaryotes.,PF00069,Pkinase,Protein kinase domain,...([ST])P..,ILFSPKV,314,320,LIMA1_MOUSE,Mus musculus,17875928,true positive,38,0,ordered
ELME000159,MOD_ProDKin_1,MAPK Phosphorylation Site,MOD,Proline-Directed Kinase (e.g. MAPK) phosphorylation site in higher eukaryotes.,PF00069,Pkinase,Protein kinase domain,...([ST])P..,ILFSPKV,314,320,MED1_MOUSE,Mus musculus,12356758,true positive,38,0,ordered
ELME000159,MOD_ProDKin_1,MAPK Phosphorylation Site,MOD,Proline-Directed Kinase (e.g. MAPK) phosphorylation site in higher eukaryotes.,PF00069,Pkinase,Protein kinase domain,...([ST])P..,ILFSPKV,314,320,MYC_HUMAN,Homo sapiens,8035827 1651323,true positive,38,0,ordered
ELME000159,MOD_ProDKin_1,MAPK Phosphorylation Site,MOD,Proline-Directed Kinase (e.g. MAPK) phosphorylation site in higher eukaryotes.,PF00069,Pkinase,Protein kinase domain,...([ST])P..,ILFSPKV,314,320,MYC_HUMAN,Homo sapiens,10551811,true positive,38,0,ordered
ELME000159,MOD_ProDKin_1,MAPK Phosphorylation Site,MOD,Proline-Directed Kinase (e.g. MAPK) phosphorylation site in higher eukaryotes.,PF00069,Pkinase,Protein kinase domain,...([ST])P..,ILFSPKV,314,320,NFAC4_HUMAN,Homo sapiens,11997522,true positive,38,0,ordered
ELME000159,MOD_ProDKin_1,MAPK Phosphorylation Site,MOD,Proline-Directed Kinase (e.g. MAPK) phosphorylation site in higher eukaryotes.,PF00069,Pkinase,Protein kinase domain,...([ST])P..,ILFSPKV,314,320,PAPOA_MOUSE,Mus musculus,18084034,true positive,38,0,ordered
ELME000159,MOD_ProDKin_1,MAPK Phosphorylation Site,MOD,Proline-Directed Kinase (e.g. MAPK) phosphorylation site in higher eukaryotes.,PF00069,Pkinase,Protein kinase domain,...([ST])P..,ILFSPKV,314,320,PAX6_DANRE,Danio rerio,10329718,true positive,38,0,ordered
ELME000159,MOD_ProDKin_1,MAPK Phosphorylation Site,MOD,Proline-Directed Kinase (e.g. MAPK) phosphorylation site in higher eukaryotes.,PF00069,Pkinase,Protein kinase domain,...([ST])P..,ILFSPKV,314,320,Q8K4N4_MOUSE,Mus musculus,15963504,true positive,38,0,ordered
ELME000159,MOD_ProDKin_1,MAPK Phosphorylation Site,MOD,Proline-Directed Kinase (e.g. MAPK) phosphorylation site in higher eukaryotes.,PF00069,Pkinase,Protein kinase domain,...([ST])P..,ILFSPKV,314,320,RARA_HUMAN,Homo sapiens,15657432,true positive,38,0,ordered
ELME000159,MOD_ProDKin_1,MAPK Phosphorylation Site,MOD,Proline-Directed Kinase (e.g. MAPK) phosphorylation site in higher eukaryotes.,PF00069,Pkinase,Protein kinase domain,...([ST])P..,ILFSPKV,314,320,SOS1_HUMAN,Homo sapiens,8816480,true positive,38,0,ordered
ELME000159,MOD_ProDKin_1,MAPK Phosphorylation Site,MOD,Proline-Directed Kinase (e.g. MAPK) phosphorylation site in higher eukaryotes.,PF00069,Pkinase,Protein kinase domain,...([ST])P..,ILFSPKV,314,320,SP1_HUMAN,Homo sapiens,11904305,true positive,38,0,ordered
ELME000159,MOD_ProDKin_1,MAPK Phosphorylation Site,MOD,Proline-Directed Kinase (e.g. MAPK) phosphorylation site in higher eukaryotes.,PF00069,Pkinase,Protein kinase domain,...([ST])P..,ILFSPKV,314,320,TACY_LISMO,Listeria monocytogenes EGD-e,14638761 11062133 16441444,true positive,38,0,ordered
ELME000159,MOD_ProDKin_1,MAPK Phosphorylation Site,MOD,Proline-Directed Kinase (e.g. MAPK) phosphorylation site in higher eukaryotes.,PF00069,Pkinase,Protein kinase domain,...([ST])P..,ILFSPKV,314,320,TAL1_HUMAN,Homo sapiens,8423803,true positive,38,0,ordered
ELME000159,MOD_ProDKin_1,MAPK Phosphorylation Site,MOD,Proline-Directed Kinase (e.g. MAPK) phosphorylation site in higher eukaryotes.,PF00069,Pkinase,Protein kinase domain,...([ST])P..,ILFSPKV,314,320,TOB1_HUMAN,Homo sapiens,12151396,true positive,38,0,ordered
ELME000159,MOD_ProDKin_1,MAPK Phosphorylation Site,MOD,Proline-Directed Kinase (e.g. MAPK) phosphorylation site in higher eukaryotes.,PF00069,Pkinase,Protein kinase domain,...([ST])P..,LVETPPV,330,336,A6P3E3_MOUSE,Mus musculus,16410316,true positive,38,0,disordered
ELME000159,MOD_ProDKin_1,MAPK Phosphorylation Site,MOD,Proline-Directed Kinase (e.g. MAPK) phosphorylation site in higher eukaryotes.,PF00069,Pkinase,Protein kinase domain,...([ST])P..,LVETPPV,330,336,BAZ1B_HUMAN,Homo sapiens,19776015,true positive,38,0,disordered
ELME000159,MOD_ProDKin_1,MAPK Phosphorylation Site,MOD,Proline-Directed Kinase (e.g. MAPK) phosphorylation site in higher eukaryotes.,PF00069,Pkinase,Protein kinase domain,...([ST])P..,LVETPPV,330,336,ELK4_HUMAN,Homo sapiens,9130707,true positive,38,0,disordered
ELME000159,MOD_ProDKin_1,MAPK Phosphorylation Site,MOD,Proline-Directed Kinase (e.g. MAPK) phosphorylation site in higher eukaryotes.,PF00069,Pkinase,Protein kinase domain,...([ST])P..,LVETPPV,330,336,ETV6_HUMAN,Homo sapiens,12435397,true positive,38,0,disordered
ELME000159,MOD_ProDKin_1,MAPK Phosphorylation Site,MOD,Proline-Directed Kinase (e.g. MAPK) phosphorylation site in higher eukaryotes.,PF00069,Pkinase,Protein kinase domain,...([ST])P..,LVETPPV,330,336,FAK1_HUMAN,Homo sapiens,12692126,true positive,38,0,disordered
ELME000159,MOD_ProDKin_1,MAPK Phosphorylation Site,MOD,Proline-Directed Kinase (e.g. MAPK) phosphorylation site in higher eukaryotes.,PF00069,Pkinase,Protein kinase domain,...([ST])P..,LVETPPV,330,336,FAK1_MOUSE,Mus musculus,19595712,true positive,38,0,disordered
ELME000159,MOD_ProDKin_1,MAPK Phosphorylation Site,MOD,Proline-Directed Kinase (e.g. MAPK) phosphorylation site in higher eukaryotes.,PF00069,Pkinase,Protein kinase domain,...([ST])P..,LVETPPV,330,336,GRB10_HUMAN,Homo sapiens,15952796,true positive,38,0,disordered
ELME000159,MOD_ProDKin_1,MAPK Phosphorylation Site,MOD,Proline-Directed Kinase (e.g. MAPK) phosphorylation site in higher eukaryotes.,PF00069,Pkinase,Protein kinase domain,...([ST])P..,LVETPPV,330,336,HIF1A_HUMAN,Homo sapiens,16954218,true positive,38,0,disordered
ELME000159,MOD_ProDKin_1,MAPK Phosphorylation Site,MOD,Proline-Directed Kinase (e.g. MAPK) phosphorylation site in higher eukaryotes.,PF00069,Pkinase,Protein kinase domain,...([ST])P..,LVETPPV,330,336,HSF1_HUMAN,Homo sapiens,8940068,true positive,38,0,disordered
ELME000159,MOD_ProDKin_1,MAPK Phosphorylation Site,MOD,Proline-Directed Kinase (e.g. MAPK) phosphorylation site in higher eukaryotes.,PF00069,Pkinase,Protein kinase domain,...([ST])P..,LVETPPV,330,336,INCA_CHLCV,Chlamydophila caviae GPIC,15230981,true positive,38,0,disordered
ELME000159,MOD_ProDKin_1,MAPK Phosphorylation Site,MOD,Proline-Directed Kinase (e.g. MAPK) phosphorylation site in higher eukaryotes.,PF00069,Pkinase,Protein kinase domain,...([ST])P..,LVETPPV,330,336,JDP2_MOUSE,Mus musculus,11602244,true positive,38,0,disordered
ELME000159,MOD_ProDKin_1,MAPK Phosphorylation Site,MOD,Proline-Directed Kinase (e.g. MAPK) phosphorylation site in higher eukaryotes.,PF00069,Pkinase,Protein kinase domain,...([ST])P..,LVETPPV,330,336,K2C8_HUMAN,Homo sapiens,11781324,true positive,38,0,disordered
ELME000159,MOD_ProDKin_1,MAPK Phosphorylation Site,MOD,Proline-Directed Kinase (e.g. MAPK) phosphorylation site in higher eukaryotes.,PF00069,Pkinase,Protein kinase domain,...([ST])P..,LVETPPV,330,336,LCK_MOUSE,Mus musculus,8226850 11847223,true positive,38,0,disordered
ELME000159,MOD_ProDKin_1,MAPK Phosphorylation Site,MOD,Proline-Directed Kinase (e.g. MAPK) phosphorylation site in higher eukaryotes.,PF00069,Pkinase,Protein kinase domain,...([ST])P..,LVETPPV,330,336,LIMA1_MOUSE,Mus musculus,17875928,true positive,38,0,disordered
ELME000159,MOD_ProDKin_1,MAPK Phosphorylation Site,MOD,Proline-Directed Kinase (e.g. MAPK) phosphorylation site in higher eukaryotes.,PF00069,Pkinase,Protein kinase domain,...([ST])P..,LVETPPV,330,336,MED1_MOUSE,Mus musculus,12356758,true positive,38,0,disordered
ELME000159,MOD_ProDKin_1,MAPK Phosphorylation Site,MOD,Proline-Directed Kinase (e.g. MAPK) phosphorylation site in higher eukaryotes.,PF00069,Pkinase,Protein kinase domain,...([ST])P..,LVETPPV,330,336,MYC_HUMAN,Homo sapiens,8035827 1651323,true positive,38,0,disordered
ELME000159,MOD_ProDKin_1,MAPK Phosphorylation Site,MOD,Proline-Directed Kinase (e.g. MAPK) phosphorylation site in higher eukaryotes.,PF00069,Pkinase,Protein kinase domain,...([ST])P..,LVETPPV,330,336,MYC_HUMAN,Homo sapiens,10551811,true positive,38,0,disordered
ELME000159,MOD_ProDKin_1,MAPK Phosphorylation Site,MOD,Proline-Directed Kinase (e.g. MAPK) phosphorylation site in higher eukaryotes.,PF00069,Pkinase,Protein kinase domain,...([ST])P..,LVETPPV,330,336,NFAC4_HUMAN,Homo sapiens,11997522,true positive,38,0,disordered
ELME000159,MOD_ProDKin_1,MAPK Phosphorylation Site,MOD,Proline-Directed Kinase (e.g. MAPK) phosphorylation site in higher eukaryotes.,PF00069,Pkinase,Protein kinase domain,...([ST])P..,LVETPPV,330,336,PAPOA_MOUSE,Mus musculus,18084034,true positive,38,0,disordered
ELME000159,MOD_ProDKin_1,MAPK Phosphorylation Site,MOD,Proline-Directed Kinase (e.g. MAPK) phosphorylation site in higher eukaryotes.,PF00069,Pkinase,Protein kinase domain,...([ST])P..,LVETPPV,330,336,PAX6_DANRE,Danio rerio,10329718,true positive,38,0,disordered
ELME000159,MOD_ProDKin_1,MAPK Phosphorylation Site,MOD,Proline-Directed Kinase (e.g. MAPK) phosphorylation site in higher eukaryotes.,PF00069,Pkinase,Protein kinase domain,...([ST])P..,LVETPPV,330,336,Q8K4N4_MOUSE,Mus musculus,15963504,true positive,38,0,disordered
ELME000159,MOD_ProDKin_1,MAPK Phosphorylation Site,MOD,Proline-Directed Kinase (e.g. MAPK) phosphorylation site in higher eukaryotes.,PF00069,Pkinase,Protein kinase domain,...([ST])P..,LVETPPV,330,336,RARA_HUMAN,Homo sapiens,15657432,true positive,38,0,disordered
ELME000159,MOD_ProDKin_1,MAPK Phosphorylation Site,MOD,Proline-Directed Kinase (e.g. MAPK) phosphorylation site in higher eukaryotes.,PF00069,Pkinase,Protein kinase domain,...([ST])P..,LVETPPV,330,336,SOS1_HUMAN,Homo sapiens,8816480,true positive,38,0,disordered
ELME000159,MOD_ProDKin_1,MAPK Phosphorylation Site,MOD,Proline-Directed Kinase (e.g. MAPK) phosphorylation site in higher eukaryotes.,PF00069,Pkinase,Protein kinase domain,...([ST])P..,LVETPPV,330,336,SP1_HUMAN,Homo sapiens,11904305,true positive,38,0,disordered
ELME000159,MOD_ProDKin_1,MAPK Phosphorylation Site,MOD,Proline-Directed Kinase (e.g. MAPK) phosphorylation site in higher eukaryotes.,PF00069,Pkinase,Protein kinase domain,...([ST])P..,LVETPPV,330,336,TACY_LISMO,Listeria monocytogenes EGD-e,14638761 11062133 16441444,true positive,38,0,disordered
ELME000159,MOD_ProDKin_1,MAPK Phosphorylation Site,MOD,Proline-Directed Kinase (e.g. MAPK) phosphorylation site in higher eukaryotes.,PF00069,Pkinase,Protein kinase domain,...([ST])P..,LVETPPV,330,336,TAL1_HUMAN,Homo sapiens,8423803,true positive,38,0,disordered
ELME000159,MOD_ProDKin_1,MAPK Phosphorylation Site,MOD,Proline-Directed Kinase (e.g. MAPK) phosphorylation site in higher eukaryotes.,PF00069,Pkinase,Protein kinase domain,...([ST])P..,LVETPPV,330,336,TOB1_HUMAN,Homo sapiens,12151396,true positive,38,0,disordered
ELME000159,MOD_ProDKin_1,MAPK Phosphorylation Site,MOD,Proline-Directed Kinase (e.g. MAPK) phosphorylation site in higher eukaryotes.,PF00069,Pkinase,Protein kinase domain,...([ST])P..,VEETPEP,336,342,A6P3E3_MOUSE,Mus musculus,16410316,true positive,38,0,disordered
ELME000159,MOD_ProDKin_1,MAPK Phosphorylation Site,MOD,Proline-Directed Kinase (e.g. MAPK) phosphorylation site in higher eukaryotes.,PF00069,Pkinase,Protein kinase domain,...([ST])P..,VEETPEP,336,342,BAZ1B_HUMAN,Homo sapiens,19776015,true positive,38,0,disordered
ELME000159,MOD_ProDKin_1,MAPK Phosphorylation Site,MOD,Proline-Directed Kinase (e.g. MAPK) phosphorylation site in higher eukaryotes.,PF00069,Pkinase,Protein kinase domain,...([ST])P..,VEETPEP,336,342,ELK4_HUMAN,Homo sapiens,9130707,true positive,38,0,disordered
ELME000159,MOD_ProDKin_1,MAPK Phosphorylation Site,MOD,Proline-Directed Kinase (e.g. MAPK) phosphorylation site in higher eukaryotes.,PF00069,Pkinase,Protein kinase domain,...([ST])P..,VEETPEP,336,342,ETV6_HUMAN,Homo sapiens,12435397,true positive,38,0,disordered
ELME000159,MOD_ProDKin_1,MAPK Phosphorylation Site,MOD,Proline-Directed Kinase (e.g. MAPK) phosphorylation site in higher eukaryotes.,PF00069,Pkinase,Protein kinase domain,...([ST])P..,VEETPEP,336,342,FAK1_HUMAN,Homo sapiens,12692126,true positive,38,0,disordered
ELME000159,MOD_ProDKin_1,MAPK Phosphorylation Site,MOD,Proline-Directed Kinase (e.g. MAPK) phosphorylation site in higher eukaryotes.,PF00069,Pkinase,Protein kinase domain,...([ST])P..,VEETPEP,336,342,FAK1_MOUSE,Mus musculus,19595712,true positive,38,0,disordered
ELME000159,MOD_ProDKin_1,MAPK Phosphorylation Site,MOD,Proline-Directed Kinase (e.g. MAPK) phosphorylation site in higher eukaryotes.,PF00069,Pkinase,Protein kinase domain,...([ST])P..,VEETPEP,336,342,GRB10_HUMAN,Homo sapiens,15952796,true positive,38,0,disordered
ELME000159,MOD_ProDKin_1,MAPK Phosphorylation Site,MOD,Proline-Directed Kinase (e.g. MAPK) phosphorylation site in higher eukaryotes.,PF00069,Pkinase,Protein kinase domain,...([ST])P..,VEETPEP,336,342,HIF1A_HUMAN,Homo sapiens,16954218,true positive,38,0,disordered
ELME000159,MOD_ProDKin_1,MAPK Phosphorylation Site,MOD,Proline-Directed Kinase (e.g. MAPK) phosphorylation site in higher eukaryotes.,PF00069,Pkinase,Protein kinase domain,...([ST])P..,VEETPEP,336,342,HSF1_HUMAN,Homo sapiens,8940068,true positive,38,0,disordered
ELME000159,MOD_ProDKin_1,MAPK Phosphorylation Site,MOD,Proline-Directed Kinase (e.g. MAPK) phosphorylation site in higher eukaryotes.,PF00069,Pkinase,Protein kinase domain,...([ST])P..,VEETPEP,336,342,INCA_CHLCV,Chlamydophila caviae GPIC,15230981,true positive,38,0,disordered
ELME000159,MOD_ProDKin_1,MAPK Phosphorylation Site,MOD,Proline-Directed Kinase (e.g. MAPK) phosphorylation site in higher eukaryotes.,PF00069,Pkinase,Protein kinase domain,...([ST])P..,VEETPEP,336,342,JDP2_MOUSE,Mus musculus,11602244,true positive,38,0,disordered
ELME000159,MOD_ProDKin_1,MAPK Phosphorylation Site,MOD,Proline-Directed Kinase (e.g. MAPK) phosphorylation site in higher eukaryotes.,PF00069,Pkinase,Protein kinase domain,...([ST])P..,VEETPEP,336,342,K2C8_HUMAN,Homo sapiens,11781324,true positive,38,0,disordered
ELME000159,MOD_ProDKin_1,MAPK Phosphorylation Site,MOD,Proline-Directed Kinase (e.g. MAPK) phosphorylation site in higher eukaryotes.,PF00069,Pkinase,Protein kinase domain,...([ST])P..,VEETPEP,336,342,LCK_MOUSE,Mus musculus,8226850 11847223,true positive,38,0,disordered
ELME000159,MOD_ProDKin_1,MAPK Phosphorylation Site,MOD,Proline-Directed Kinase (e.g. MAPK) phosphorylation site in higher eukaryotes.,PF00069,Pkinase,Protein kinase domain,...([ST])P..,VEETPEP,336,342,LIMA1_MOUSE,Mus musculus,17875928,true positive,38,0,disordered
ELME000159,MOD_ProDKin_1,MAPK Phosphorylation Site,MOD,Proline-Directed Kinase (e.g. MAPK) phosphorylation site in higher eukaryotes.,PF00069,Pkinase,Protein kinase domain,...([ST])P..,VEETPEP,336,342,MED1_MOUSE,Mus musculus,12356758,true positive,38,0,disordered
ELME000159,MOD_ProDKin_1,MAPK Phosphorylation Site,MOD,Proline-Directed Kinase (e.g. MAPK) phosphorylation site in higher eukaryotes.,PF00069,Pkinase,Protein kinase domain,...([ST])P..,VEETPEP,336,342,MYC_HUMAN,Homo sapiens,8035827 1651323,true positive,38,0,disordered
ELME000159,MOD_ProDKin_1,MAPK Phosphorylation Site,MOD,Proline-Directed Kinase (e.g. MAPK) phosphorylation site in higher eukaryotes.,PF00069,Pkinase,Protein kinase domain,...([ST])P..,VEETPEP,336,342,MYC_HUMAN,Homo sapiens,10551811,true positive,38,0,disordered
ELME000159,MOD_ProDKin_1,MAPK Phosphorylation Site,MOD,Proline-Directed Kinase (e.g. MAPK) phosphorylation site in higher eukaryotes.,PF00069,Pkinase,Protein kinase domain,...([ST])P..,VEETPEP,336,342,NFAC4_HUMAN,Homo sapiens,11997522,true positive,38,0,disordered
ELME000159,MOD_ProDKin_1,MAPK Phosphorylation Site,MOD,Proline-Directed Kinase (e.g. MAPK) phosphorylation site in higher eukaryotes.,PF00069,Pkinase,Protein kinase domain,...([ST])P..,VEETPEP,336,342,PAPOA_MOUSE,Mus musculus,18084034,true positive,38,0,disordered
ELME000159,MOD_ProDKin_1,MAPK Phosphorylation Site,MOD,Proline-Directed Kinase (e.g. MAPK) phosphorylation site in higher eukaryotes.,PF00069,Pkinase,Protein kinase domain,...([ST])P..,VEETPEP,336,342,PAX6_DANRE,Danio rerio,10329718,true positive,38,0,disordered
ELME000159,MOD_ProDKin_1,MAPK Phosphorylation Site,MOD,Proline-Directed Kinase (e.g. MAPK) phosphorylation site in higher eukaryotes.,PF00069,Pkinase,Protein kinase domain,...([ST])P..,VEETPEP,336,342,Q8K4N4_MOUSE,Mus musculus,15963504,true positive,38,0,disordered
ELME000159,MOD_ProDKin_1,MAPK Phosphorylation Site,MOD,Proline-Directed Kinase (e.g. MAPK) phosphorylation site in higher eukaryotes.,PF00069,Pkinase,Protein kinase domain,...([ST])P..,VEETPEP,336,342,RARA_HUMAN,Homo sapiens,15657432,true positive,38,0,disordered
ELME000159,MOD_ProDKin_1,MAPK Phosphorylation Site,MOD,Proline-Directed Kinase (e.g. MAPK) phosphorylation site in higher eukaryotes.,PF00069,Pkinase,Protein kinase domain,...([ST])P..,VEETPEP,336,342,SOS1_HUMAN,Homo sapiens,8816480,true positive,38,0,disordered
ELME000159,MOD_ProDKin_1,MAPK Phosphorylation Site,MOD,Proline-Directed Kinase (e.g. MAPK) phosphorylation site in higher eukaryotes.,PF00069,Pkinase,Protein kinase domain,...([ST])P..,VEETPEP,336,342,SP1_HUMAN,Homo sapiens,11904305,true positive,38,0,disordered
ELME000159,MOD_ProDKin_1,MAPK Phosphorylation Site,MOD,Proline-Directed Kinase (e.g. MAPK) phosphorylation site in higher eukaryotes.,PF00069,Pkinase,Protein kinase domain,...([ST])P..,VEETPEP,336,342,TACY_LISMO,Listeria monocytogenes EGD-e,14638761 11062133 16441444,true positive,38,0,disordered
ELME000159,MOD_ProDKin_1,MAPK Phosphorylation Site,MOD,Proline-Directed Kinase (e.g. MAPK) phosphorylation site in higher eukaryotes.,PF00069,Pkinase,Protein kinase domain,...([ST])P..,VEETPEP,336,342,TAL1_HUMAN,Homo sapiens,8423803,true positive,38,0,disordered
ELME000159,MOD_ProDKin_1,MAPK Phosphorylation Site,MOD,Proline-Directed Kinase (e.g. MAPK) phosphorylation site in higher eukaryotes.,PF00069,Pkinase,Protein kinase domain,...([ST])P..,VEETPEP,336,342,TOB1_HUMAN,Homo sapiens,12151396,true positive,38,0,disordered
ELME000159,MOD_ProDKin_1,MAPK Phosphorylation Site,MOD,Proline-Directed Kinase (e.g. MAPK) phosphorylation site in higher eukaryotes.,PF00069,Pkinase,Protein kinase domain,...([ST])P..,TEGTPEQ,349,355,A6P3E3_MOUSE,Mus musculus,16410316,true positive,38,0,disordered
ELME000159,MOD_ProDKin_1,MAPK Phosphorylation Site,MOD,Proline-Directed Kinase (e.g. MAPK) phosphorylation site in higher eukaryotes.,PF00069,Pkinase,Protein kinase domain,...([ST])P..,TEGTPEQ,349,355,BAZ1B_HUMAN,Homo sapiens,19776015,true positive,38,0,disordered
ELME000159,MOD_ProDKin_1,MAPK Phosphorylation Site,MOD,Proline-Directed Kinase (e.g. MAPK) phosphorylation site in higher eukaryotes.,PF00069,Pkinase,Protein kinase domain,...([ST])P..,TEGTPEQ,349,355,ELK4_HUMAN,Homo sapiens,9130707,true positive,38,0,disordered
ELME000159,MOD_ProDKin_1,MAPK Phosphorylation Site,MOD,Proline-Directed Kinase (e.g. MAPK) phosphorylation site in higher eukaryotes.,PF00069,Pkinase,Protein kinase domain,...([ST])P..,TEGTPEQ,349,355,ETV6_HUMAN,Homo sapiens,12435397,true positive,38,0,disordered
ELME000159,MOD_ProDKin_1,MAPK Phosphorylation Site,MOD,Proline-Directed Kinase (e.g. MAPK) phosphorylation site in higher eukaryotes.,PF00069,Pkinase,Protein kinase domain,...([ST])P..,TEGTPEQ,349,355,FAK1_HUMAN,Homo sapiens,12692126,true positive,38,0,disordered
ELME000159,MOD_ProDKin_1,MAPK Phosphorylation Site,MOD,Proline-Directed Kinase (e.g. MAPK) phosphorylation site in higher eukaryotes.,PF00069,Pkinase,Protein kinase domain,...([ST])P..,TEGTPEQ,349,355,FAK1_MOUSE,Mus musculus,19595712,true positive,38,0,disordered
ELME000159,MOD_ProDKin_1,MAPK Phosphorylation Site,MOD,Proline-Directed Kinase (e.g. MAPK) phosphorylation site in higher eukaryotes.,PF00069,Pkinase,Protein kinase domain,...([ST])P..,TEGTPEQ,349,355,GRB10_HUMAN,Homo sapiens,15952796,true positive,38,0,disordered
ELME000159,MOD_ProDKin_1,MAPK Phosphorylation Site,MOD,Proline-Directed Kinase (e.g. MAPK) phosphorylation site in higher eukaryotes.,PF00069,Pkinase,Protein kinase domain,...([ST])P..,TEGTPEQ,349,355,HIF1A_HUMAN,Homo sapiens,16954218,true positive,38,0,disordered
ELME000159,MOD_ProDKin_1,MAPK Phosphorylation Site,MOD,Proline-Directed Kinase (e.g. MAPK) phosphorylation site in higher eukaryotes.,PF00069,Pkinase,Protein kinase domain,...([ST])P..,TEGTPEQ,349,355,HSF1_HUMAN,Homo sapiens,8940068,true positive,38,0,disordered
ELME000159,MOD_ProDKin_1,MAPK Phosphorylation Site,MOD,Proline-Directed Kinase (e.g. MAPK) phosphorylation site in higher eukaryotes.,PF00069,Pkinase,Protein kinase domain,...([ST])P..,TEGTPEQ,349,355,INCA_CHLCV,Chlamydophila caviae GPIC,15230981,true positive,38,0,disordered
ELME000159,MOD_ProDKin_1,MAPK Phosphorylation Site,MOD,Proline-Directed Kinase (e.g. MAPK) phosphorylation site in higher eukaryotes.,PF00069,Pkinase,Protein kinase domain,...([ST])P..,TEGTPEQ,349,355,JDP2_MOUSE,Mus musculus,11602244,true positive,38,0,disordered
ELME000159,MOD_ProDKin_1,MAPK Phosphorylation Site,MOD,Proline-Directed Kinase (e.g. MAPK) phosphorylation site in higher eukaryotes.,PF00069,Pkinase,Protein kinase domain,...([ST])P..,TEGTPEQ,349,355,K2C8_HUMAN,Homo sapiens,11781324,true positive,38,0,disordered
ELME000159,MOD_ProDKin_1,MAPK Phosphorylation Site,MOD,Proline-Directed Kinase (e.g. MAPK) phosphorylation site in higher eukaryotes.,PF00069,Pkinase,Protein kinase domain,...([ST])P..,TEGTPEQ,349,355,LCK_MOUSE,Mus musculus,8226850 11847223,true positive,38,0,disordered
ELME000159,MOD_ProDKin_1,MAPK Phosphorylation Site,MOD,Proline-Directed Kinase (e.g. MAPK) phosphorylation site in higher eukaryotes.,PF00069,Pkinase,Protein kinase domain,...([ST])P..,TEGTPEQ,349,355,LIMA1_MOUSE,Mus musculus,17875928,true positive,38,0,disordered
ELME000159,MOD_ProDKin_1,MAPK Phosphorylation Site,MOD,Proline-Directed Kinase (e.g. MAPK) phosphorylation site in higher eukaryotes.,PF00069,Pkinase,Protein kinase domain,...([ST])P..,TEGTPEQ,349,355,MED1_MOUSE,Mus musculus,12356758,true positive,38,0,disordered
ELME000159,MOD_ProDKin_1,MAPK Phosphorylation Site,MOD,Proline-Directed Kinase (e.g. MAPK) phosphorylation site in higher eukaryotes.,PF00069,Pkinase,Protein kinase domain,...([ST])P..,TEGTPEQ,349,355,MYC_HUMAN,Homo sapiens,8035827 1651323,true positive,38,0,disordered
ELME000159,MOD_ProDKin_1,MAPK Phosphorylation Site,MOD,Proline-Directed Kinase (e.g. MAPK) phosphorylation site in higher eukaryotes.,PF00069,Pkinase,Protein kinase domain,...([ST])P..,TEGTPEQ,349,355,MYC_HUMAN,Homo sapiens,10551811,true positive,38,0,disordered
ELME000159,MOD_ProDKin_1,MAPK Phosphorylation Site,MOD,Proline-Directed Kinase (e.g. MAPK) phosphorylation site in higher eukaryotes.,PF00069,Pkinase,Protein kinase domain,...([ST])P..,TEGTPEQ,349,355,NFAC4_HUMAN,Homo sapiens,11997522,true positive,38,0,disordered
ELME000159,MOD_ProDKin_1,MAPK Phosphorylation Site,MOD,Proline-Directed Kinase (e.g. MAPK) phosphorylation site in higher eukaryotes.,PF00069,Pkinase,Protein kinase domain,...([ST])P..,TEGTPEQ,349,355,PAPOA_MOUSE,Mus musculus,18084034,true positive,38,0,disordered
ELME000159,MOD_ProDKin_1,MAPK Phosphorylation Site,MOD,Proline-Directed Kinase (e.g. MAPK) phosphorylation site in higher eukaryotes.,PF00069,Pkinase,Protein kinase domain,...([ST])P..,TEGTPEQ,349,355,PAX6_DANRE,Danio rerio,10329718,true positive,38,0,disordered
ELME000159,MOD_ProDKin_1,MAPK Phosphorylation Site,MOD,Proline-Directed Kinase (e.g. MAPK) phosphorylation site in higher eukaryotes.,PF00069,Pkinase,Protein kinase domain,...([ST])P..,TEGTPEQ,349,355,Q8K4N4_MOUSE,Mus musculus,15963504,true positive,38,0,disordered
ELME000159,MOD_ProDKin_1,MAPK Phosphorylation Site,MOD,Proline-Directed Kinase (e.g. MAPK) phosphorylation site in higher eukaryotes.,PF00069,Pkinase,Protein kinase domain,...([ST])P..,TEGTPEQ,349,355,RARA_HUMAN,Homo sapiens,15657432,true positive,38,0,disordered
ELME000159,MOD_ProDKin_1,MAPK Phosphorylation Site,MOD,Proline-Directed Kinase (e.g. MAPK) phosphorylation site in higher eukaryotes.,PF00069,Pkinase,Protein kinase domain,...([ST])P..,TEGTPEQ,349,355,SOS1_HUMAN,Homo sapiens,8816480,true positive,38,0,disordered
ELME000159,MOD_ProDKin_1,MAPK Phosphorylation Site,MOD,Proline-Directed Kinase (e.g. MAPK) phosphorylation site in higher eukaryotes.,PF00069,Pkinase,Protein kinase domain,...([ST])P..,TEGTPEQ,349,355,SP1_HUMAN,Homo sapiens,11904305,true positive,38,0,disordered
ELME000159,MOD_ProDKin_1,MAPK Phosphorylation Site,MOD,Proline-Directed Kinase (e.g. MAPK) phosphorylation site in higher eukaryotes.,PF00069,Pkinase,Protein kinase domain,...([ST])P..,TEGTPEQ,349,355,TACY_LISMO,Listeria monocytogenes EGD-e,14638761 11062133 16441444,true positive,38,0,disordered
ELME000159,MOD_ProDKin_1,MAPK Phosphorylation Site,MOD,Proline-Directed Kinase (e.g. MAPK) phosphorylation site in higher eukaryotes.,PF00069,Pkinase,Protein kinase domain,...([ST])P..,TEGTPEQ,349,355,TAL1_HUMAN,Homo sapiens,8423803,true positive,38,0,disordered
ELME000159,MOD_ProDKin_1,MAPK Phosphorylation Site,MOD,Proline-Directed Kinase (e.g. MAPK) phosphorylation site in higher eukaryotes.,PF00069,Pkinase,Protein kinase domain,...([ST])P..,TEGTPEQ,349,355,TOB1_HUMAN,Homo sapiens,12151396,true positive,38,0,disordered
ELME000159,MOD_ProDKin_1,MAPK Phosphorylation Site,MOD,Proline-Directed Kinase (e.g. MAPK) phosphorylation site in higher eukaryotes.,PF00069,Pkinase,Protein kinase domain,...([ST])P..,RTRTPEP,365,371,A6P3E3_MOUSE,Mus musculus,16410316,true positive,38,0,disordered
ELME000159,MOD_ProDKin_1,MAPK Phosphorylation Site,MOD,Proline-Directed Kinase (e.g. MAPK) phosphorylation site in higher eukaryotes.,PF00069,Pkinase,Protein kinase domain,...([ST])P..,RTRTPEP,365,371,BAZ1B_HUMAN,Homo sapiens,19776015,true positive,38,0,disordered
ELME000159,MOD_ProDKin_1,MAPK Phosphorylation Site,MOD,Proline-Directed Kinase (e.g. MAPK) phosphorylation site in higher eukaryotes.,PF00069,Pkinase,Protein kinase domain,...([ST])P..,RTRTPEP,365,371,ELK4_HUMAN,Homo sapiens,9130707,true positive,38,0,disordered
ELME000159,MOD_ProDKin_1,MAPK Phosphorylation Site,MOD,Proline-Directed Kinase (e.g. MAPK) phosphorylation site in higher eukaryotes.,PF00069,Pkinase,Protein kinase domain,...([ST])P..,RTRTPEP,365,371,ETV6_HUMAN,Homo sapiens,12435397,true positive,38,0,disordered
ELME000159,MOD_ProDKin_1,MAPK Phosphorylation Site,MOD,Proline-Directed Kinase (e.g. MAPK) phosphorylation site in higher eukaryotes.,PF00069,Pkinase,Protein kinase domain,...([ST])P..,RTRTPEP,365,371,FAK1_HUMAN,Homo sapiens,12692126,true positive,38,0,disordered
ELME000159,MOD_ProDKin_1,MAPK Phosphorylation Site,MOD,Proline-Directed Kinase (e.g. MAPK) phosphorylation site in higher eukaryotes.,PF00069,Pkinase,Protein kinase domain,...([ST])P..,RTRTPEP,365,371,FAK1_MOUSE,Mus musculus,19595712,true positive,38,0,disordered
ELME000159,MOD_ProDKin_1,MAPK Phosphorylation Site,MOD,Proline-Directed Kinase (e.g. MAPK) phosphorylation site in higher eukaryotes.,PF00069,Pkinase,Protein kinase domain,...([ST])P..,RTRTPEP,365,371,GRB10_HUMAN,Homo sapiens,15952796,true positive,38,0,disordered
ELME000159,MOD_ProDKin_1,MAPK Phosphorylation Site,MOD,Proline-Directed Kinase (e.g. MAPK) phosphorylation site in higher eukaryotes.,PF00069,Pkinase,Protein kinase domain,...([ST])P..,RTRTPEP,365,371,HIF1A_HUMAN,Homo sapiens,16954218,true positive,38,0,disordered
ELME000159,MOD_ProDKin_1,MAPK Phosphorylation Site,MOD,Proline-Directed Kinase (e.g. MAPK) phosphorylation site in higher eukaryotes.,PF00069,Pkinase,Protein kinase domain,...([ST])P..,RTRTPEP,365,371,HSF1_HUMAN,Homo sapiens,8940068,true positive,38,0,disordered
ELME000159,MOD_ProDKin_1,MAPK Phosphorylation Site,MOD,Proline-Directed Kinase (e.g. MAPK) phosphorylation site in higher eukaryotes.,PF00069,Pkinase,Protein kinase domain,...([ST])P..,RTRTPEP,365,371,INCA_CHLCV,Chlamydophila caviae GPIC,15230981,true positive,38,0,disordered
ELME000159,MOD_ProDKin_1,MAPK Phosphorylation Site,MOD,Proline-Directed Kinase (e.g. MAPK) phosphorylation site in higher eukaryotes.,PF00069,Pkinase,Protein kinase domain,...([ST])P..,RTRTPEP,365,371,JDP2_MOUSE,Mus musculus,11602244,true positive,38,0,disordered
ELME000159,MOD_ProDKin_1,MAPK Phosphorylation Site,MOD,Proline-Directed Kinase (e.g. MAPK) phosphorylation site in higher eukaryotes.,PF00069,Pkinase,Protein kinase domain,...([ST])P..,RTRTPEP,365,371,K2C8_HUMAN,Homo sapiens,11781324,true positive,38,0,disordered
ELME000159,MOD_ProDKin_1,MAPK Phosphorylation Site,MOD,Proline-Directed Kinase (e.g. MAPK) phosphorylation site in higher eukaryotes.,PF00069,Pkinase,Protein kinase domain,...([ST])P..,RTRTPEP,365,371,LCK_MOUSE,Mus musculus,8226850 11847223,true positive,38,0,disordered
ELME000159,MOD_ProDKin_1,MAPK Phosphorylation Site,MOD,Proline-Directed Kinase (e.g. MAPK) phosphorylation site in higher eukaryotes.,PF00069,Pkinase,Protein kinase domain,...([ST])P..,RTRTPEP,365,371,LIMA1_MOUSE,Mus musculus,17875928,true positive,38,0,disordered
ELME000159,MOD_ProDKin_1,MAPK Phosphorylation Site,MOD,Proline-Directed Kinase (e.g. MAPK) phosphorylation site in higher eukaryotes.,PF00069,Pkinase,Protein kinase domain,...([ST])P..,RTRTPEP,365,371,MED1_MOUSE,Mus musculus,12356758,true positive,38,0,disordered
ELME000159,MOD_ProDKin_1,MAPK Phosphorylation Site,MOD,Proline-Directed Kinase (e.g. MAPK) phosphorylation site in higher eukaryotes.,PF00069,Pkinase,Protein kinase domain,...([ST])P..,RTRTPEP,365,371,MYC_HUMAN,Homo sapiens,8035827 1651323,true positive,38,0,disordered
ELME000159,MOD_ProDKin_1,MAPK Phosphorylation Site,MOD,Proline-Directed Kinase (e.g. MAPK) phosphorylation site in higher eukaryotes.,PF00069,Pkinase,Protein kinase domain,...([ST])P..,RTRTPEP,365,371,MYC_HUMAN,Homo sapiens,10551811,true positive,38,0,disordered
ELME000159,MOD_ProDKin_1,MAPK Phosphorylation Site,MOD,Proline-Directed Kinase (e.g. MAPK) phosphorylation site in higher eukaryotes.,PF00069,Pkinase,Protein kinase domain,...([ST])P..,RTRTPEP,365,371,NFAC4_HUMAN,Homo sapiens,11997522,true positive,38,0,disordered
ELME000159,MOD_ProDKin_1,MAPK Phosphorylation Site,MOD,Proline-Directed Kinase (e.g. MAPK) phosphorylation site in higher eukaryotes.,PF00069,Pkinase,Protein kinase domain,...([ST])P..,RTRTPEP,365,371,PAPOA_MOUSE,Mus musculus,18084034,true positive,38,0,disordered
ELME000159,MOD_ProDKin_1,MAPK Phosphorylation Site,MOD,Proline-Directed Kinase (e.g. MAPK) phosphorylation site in higher eukaryotes.,PF00069,Pkinase,Protein kinase domain,...([ST])P..,RTRTPEP,365,371,PAX6_DANRE,Danio rerio,10329718,true positive,38,0,disordered
ELME000159,MOD_ProDKin_1,MAPK Phosphorylation Site,MOD,Proline-Directed Kinase (e.g. MAPK) phosphorylation site in higher eukaryotes.,PF00069,Pkinase,Protein kinase domain,...([ST])P..,RTRTPEP,365,371,Q8K4N4_MOUSE,Mus musculus,15963504,true positive,38,0,disordered
ELME000159,MOD_ProDKin_1,MAPK Phosphorylation Site,MOD,Proline-Directed Kinase (e.g. MAPK) phosphorylation site in higher eukaryotes.,PF00069,Pkinase,Protein kinase domain,...([ST])P..,RTRTPEP,365,371,RARA_HUMAN,Homo sapiens,15657432,true positive,38,0,disordered
ELME000159,MOD_ProDKin_1,MAPK Phosphorylation Site,MOD,Proline-Directed Kinase (e.g. MAPK) phosphorylation site in higher eukaryotes.,PF00069,Pkinase,Protein kinase domain,...([ST])P..,RTRTPEP,365,371,SOS1_HUMAN,Homo sapiens,8816480,true positive,38,0,disordered
ELME000159,MOD_ProDKin_1,MAPK Phosphorylation Site,MOD,Proline-Directed Kinase (e.g. MAPK) phosphorylation site in higher eukaryotes.,PF00069,Pkinase,Protein kinase domain,...([ST])P..,RTRTPEP,365,371,SP1_HUMAN,Homo sapiens,11904305,true positive,38,0,disordered
ELME000159,MOD_ProDKin_1,MAPK Phosphorylation Site,MOD,Proline-Directed Kinase (e.g. MAPK) phosphorylation site in higher eukaryotes.,PF00069,Pkinase,Protein kinase domain,...([ST])P..,RTRTPEP,365,371,TACY_LISMO,Listeria monocytogenes EGD-e,14638761 11062133 16441444,true positive,38,0,disordered
ELME000159,MOD_ProDKin_1,MAPK Phosphorylation Site,MOD,Proline-Directed Kinase (e.g. MAPK) phosphorylation site in higher eukaryotes.,PF00069,Pkinase,Protein kinase domain,...([ST])P..,RTRTPEP,365,371,TAL1_HUMAN,Homo sapiens,8423803,true positive,38,0,disordered
ELME000159,MOD_ProDKin_1,MAPK Phosphorylation Site,MOD,Proline-Directed Kinase (e.g. MAPK) phosphorylation site in higher eukaryotes.,PF00069,Pkinase,Protein kinase domain,...([ST])P..,RTRTPEP,365,371,TOB1_HUMAN,Homo sapiens,12151396,true positive,38,0,disordered
ELME000159,MOD_ProDKin_1,MAPK Phosphorylation Site,MOD,Proline-Directed Kinase (e.g. MAPK) phosphorylation site in higher eukaryotes.,PF00069,Pkinase,Protein kinase domain,...([ST])P..,RTRTPSL,474,480,A6P3E3_MOUSE,Mus musculus,16410316,true positive,38,0,disordered
ELME000159,MOD_ProDKin_1,MAPK Phosphorylation Site,MOD,Proline-Directed Kinase (e.g. MAPK) phosphorylation site in higher eukaryotes.,PF00069,Pkinase,Protein kinase domain,...([ST])P..,RTRTPSL,474,480,BAZ1B_HUMAN,Homo sapiens,19776015,true positive,38,0,disordered
ELME000159,MOD_ProDKin_1,MAPK Phosphorylation Site,MOD,Proline-Directed Kinase (e.g. MAPK) phosphorylation site in higher eukaryotes.,PF00069,Pkinase,Protein kinase domain,...([ST])P..,RTRTPSL,474,480,ELK4_HUMAN,Homo sapiens,9130707,true positive,38,0,disordered
ELME000159,MOD_ProDKin_1,MAPK Phosphorylation Site,MOD,Proline-Directed Kinase (e.g. MAPK) phosphorylation site in higher eukaryotes.,PF00069,Pkinase,Protein kinase domain,...([ST])P..,RTRTPSL,474,480,ETV6_HUMAN,Homo sapiens,12435397,true positive,38,0,disordered
ELME000159,MOD_ProDKin_1,MAPK Phosphorylation Site,MOD,Proline-Directed Kinase (e.g. MAPK) phosphorylation site in higher eukaryotes.,PF00069,Pkinase,Protein kinase domain,...([ST])P..,RTRTPSL,474,480,FAK1_HUMAN,Homo sapiens,12692126,true positive,38,0,disordered
ELME000159,MOD_ProDKin_1,MAPK Phosphorylation Site,MOD,Proline-Directed Kinase (e.g. MAPK) phosphorylation site in higher eukaryotes.,PF00069,Pkinase,Protein kinase domain,...([ST])P..,RTRTPSL,474,480,FAK1_MOUSE,Mus musculus,19595712,true positive,38,0,disordered
ELME000159,MOD_ProDKin_1,MAPK Phosphorylation Site,MOD,Proline-Directed Kinase (e.g. MAPK) phosphorylation site in higher eukaryotes.,PF00069,Pkinase,Protein kinase domain,...([ST])P..,RTRTPSL,474,480,GRB10_HUMAN,Homo sapiens,15952796,true positive,38,0,disordered
ELME000159,MOD_ProDKin_1,MAPK Phosphorylation Site,MOD,Proline-Directed Kinase (e.g. MAPK) phosphorylation site in higher eukaryotes.,PF00069,Pkinase,Protein kinase domain,...([ST])P..,RTRTPSL,474,480,HIF1A_HUMAN,Homo sapiens,16954218,true positive,38,0,disordered
ELME000159,MOD_ProDKin_1,MAPK Phosphorylation Site,MOD,Proline-Directed Kinase (e.g. MAPK) phosphorylation site in higher eukaryotes.,PF00069,Pkinase,Protein kinase domain,...([ST])P..,RTRTPSL,474,480,HSF1_HUMAN,Homo sapiens,8940068,true positive,38,0,disordered
ELME000159,MOD_ProDKin_1,MAPK Phosphorylation Site,MOD,Proline-Directed Kinase (e.g. MAPK) phosphorylation site in higher eukaryotes.,PF00069,Pkinase,Protein kinase domain,...([ST])P..,RTRTPSL,474,480,INCA_CHLCV,Chlamydophila caviae GPIC,15230981,true positive,38,0,disordered
ELME000159,MOD_ProDKin_1,MAPK Phosphorylation Site,MOD,Proline-Directed Kinase (e.g. MAPK) phosphorylation site in higher eukaryotes.,PF00069,Pkinase,Protein kinase domain,...([ST])P..,RTRTPSL,474,480,JDP2_MOUSE,Mus musculus,11602244,true positive,38,0,disordered
ELME000159,MOD_ProDKin_1,MAPK Phosphorylation Site,MOD,Proline-Directed Kinase (e.g. MAPK) phosphorylation site in higher eukaryotes.,PF00069,Pkinase,Protein kinase domain,...([ST])P..,RTRTPSL,474,480,K2C8_HUMAN,Homo sapiens,11781324,true positive,38,0,disordered
ELME000159,MOD_ProDKin_1,MAPK Phosphorylation Site,MOD,Proline-Directed Kinase (e.g. MAPK) phosphorylation site in higher eukaryotes.,PF00069,Pkinase,Protein kinase domain,...([ST])P..,RTRTPSL,474,480,LCK_MOUSE,Mus musculus,8226850 11847223,true positive,38,0,disordered
ELME000159,MOD_ProDKin_1,MAPK Phosphorylation Site,MOD,Proline-Directed Kinase (e.g. MAPK) phosphorylation site in higher eukaryotes.,PF00069,Pkinase,Protein kinase domain,...([ST])P..,RTRTPSL,474,480,LIMA1_MOUSE,Mus musculus,17875928,true positive,38,0,disordered
ELME000159,MOD_ProDKin_1,MAPK Phosphorylation Site,MOD,Proline-Directed Kinase (e.g. MAPK) phosphorylation site in higher eukaryotes.,PF00069,Pkinase,Protein kinase domain,...([ST])P..,RTRTPSL,474,480,MED1_MOUSE,Mus musculus,12356758,true positive,38,0,disordered
ELME000159,MOD_ProDKin_1,MAPK Phosphorylation Site,MOD,Proline-Directed Kinase (e.g. MAPK) phosphorylation site in higher eukaryotes.,PF00069,Pkinase,Protein kinase domain,...([ST])P..,RTRTPSL,474,480,MYC_HUMAN,Homo sapiens,8035827 1651323,true positive,38,0,disordered
ELME000159,MOD_ProDKin_1,MAPK Phosphorylation Site,MOD,Proline-Directed Kinase (e.g. MAPK) phosphorylation site in higher eukaryotes.,PF00069,Pkinase,Protein kinase domain,...([ST])P..,RTRTPSL,474,480,MYC_HUMAN,Homo sapiens,10551811,true positive,38,0,disordered
ELME000159,MOD_ProDKin_1,MAPK Phosphorylation Site,MOD,Proline-Directed Kinase (e.g. MAPK) phosphorylation site in higher eukaryotes.,PF00069,Pkinase,Protein kinase domain,...([ST])P..,RTRTPSL,474,480,NFAC4_HUMAN,Homo sapiens,11997522,true positive,38,0,disordered
ELME000159,MOD_ProDKin_1,MAPK Phosphorylation Site,MOD,Proline-Directed Kinase (e.g. MAPK) phosphorylation site in higher eukaryotes.,PF00069,Pkinase,Protein kinase domain,...([ST])P..,RTRTPSL,474,480,PAPOA_MOUSE,Mus musculus,18084034,true positive,38,0,disordered
ELME000159,MOD_ProDKin_1,MAPK Phosphorylation Site,MOD,Proline-Directed Kinase (e.g. MAPK) phosphorylation site in higher eukaryotes.,PF00069,Pkinase,Protein kinase domain,...([ST])P..,RTRTPSL,474,480,PAX6_DANRE,Danio rerio,10329718,true positive,38,0,disordered
ELME000159,MOD_ProDKin_1,MAPK Phosphorylation Site,MOD,Proline-Directed Kinase (e.g. MAPK) phosphorylation site in higher eukaryotes.,PF00069,Pkinase,Protein kinase domain,...([ST])P..,RTRTPSL,474,480,Q8K4N4_MOUSE,Mus musculus,15963504,true positive,38,0,disordered
ELME000159,MOD_ProDKin_1,MAPK Phosphorylation Site,MOD,Proline-Directed Kinase (e.g. MAPK) phosphorylation site in higher eukaryotes.,PF00069,Pkinase,Protein kinase domain,...([ST])P..,RTRTPSL,474,480,RARA_HUMAN,Homo sapiens,15657432,true positive,38,0,disordered
ELME000159,MOD_ProDKin_1,MAPK Phosphorylation Site,MOD,Proline-Directed Kinase (e.g. MAPK) phosphorylation site in higher eukaryotes.,PF00069,Pkinase,Protein kinase domain,...([ST])P..,RTRTPSL,474,480,SOS1_HUMAN,Homo sapiens,8816480,true positive,38,0,disordered
ELME000159,MOD_ProDKin_1,MAPK Phosphorylation Site,MOD,Proline-Directed Kinase (e.g. MAPK) phosphorylation site in higher eukaryotes.,PF00069,Pkinase,Protein kinase domain,...([ST])P..,RTRTPSL,474,480,SP1_HUMAN,Homo sapiens,11904305,true positive,38,0,disordered
ELME000159,MOD_ProDKin_1,MAPK Phosphorylation Site,MOD,Proline-Directed Kinase (e.g. MAPK) phosphorylation site in higher eukaryotes.,PF00069,Pkinase,Protein kinase domain,...([ST])P..,RTRTPSL,474,480,TACY_LISMO,Listeria monocytogenes EGD-e,14638761 11062133 16441444,true positive,38,0,disordered
ELME000159,MOD_ProDKin_1,MAPK Phosphorylation Site,MOD,Proline-Directed Kinase (e.g. MAPK) phosphorylation site in higher eukaryotes.,PF00069,Pkinase,Protein kinase domain,...([ST])P..,RTRTPSL,474,480,TAL1_HUMAN,Homo sapiens,8423803,true positive,38,0,disordered
ELME000159,MOD_ProDKin_1,MAPK Phosphorylation Site,MOD,Proline-Directed Kinase (e.g. MAPK) phosphorylation site in higher eukaryotes.,PF00069,Pkinase,Protein kinase domain,...([ST])P..,RTRTPSL,474,480,TOB1_HUMAN,Homo sapiens,12151396,true positive,38,0,disordered
ELME000159,MOD_ProDKin_1,MAPK Phosphorylation Site,MOD,Proline-Directed Kinase (e.g. MAPK) phosphorylation site in higher eukaryotes.,PF00069,Pkinase,Protein kinase domain,...([ST])P..,EALTPSR,507,513,A6P3E3_MOUSE,Mus musculus,16410316,true positive,38,0,disordered
ELME000159,MOD_ProDKin_1,MAPK Phosphorylation Site,MOD,Proline-Directed Kinase (e.g. MAPK) phosphorylation site in higher eukaryotes.,PF00069,Pkinase,Protein kinase domain,...([ST])P..,EALTPSR,507,513,BAZ1B_HUMAN,Homo sapiens,19776015,true positive,38,0,disordered
ELME000159,MOD_ProDKin_1,MAPK Phosphorylation Site,MOD,Proline-Directed Kinase (e.g. MAPK) phosphorylation site in higher eukaryotes.,PF00069,Pkinase,Protein kinase domain,...([ST])P..,EALTPSR,507,513,ELK4_HUMAN,Homo sapiens,9130707,true positive,38,0,disordered
ELME000159,MOD_ProDKin_1,MAPK Phosphorylation Site,MOD,Proline-Directed Kinase (e.g. MAPK) phosphorylation site in higher eukaryotes.,PF00069,Pkinase,Protein kinase domain,...([ST])P..,EALTPSR,507,513,ETV6_HUMAN,Homo sapiens,12435397,true positive,38,0,disordered
ELME000159,MOD_ProDKin_1,MAPK Phosphorylation Site,MOD,Proline-Directed Kinase (e.g. MAPK) phosphorylation site in higher eukaryotes.,PF00069,Pkinase,Protein kinase domain,...([ST])P..,EALTPSR,507,513,FAK1_HUMAN,Homo sapiens,12692126,true positive,38,0,disordered
ELME000159,MOD_ProDKin_1,MAPK Phosphorylation Site,MOD,Proline-Directed Kinase (e.g. MAPK) phosphorylation site in higher eukaryotes.,PF00069,Pkinase,Protein kinase domain,...([ST])P..,EALTPSR,507,513,FAK1_MOUSE,Mus musculus,19595712,true positive,38,0,disordered
ELME000159,MOD_ProDKin_1,MAPK Phosphorylation Site,MOD,Proline-Directed Kinase (e.g. MAPK) phosphorylation site in higher eukaryotes.,PF00069,Pkinase,Protein kinase domain,...([ST])P..,EALTPSR,507,513,GRB10_HUMAN,Homo sapiens,15952796,true positive,38,0,disordered
ELME000159,MOD_ProDKin_1,MAPK Phosphorylation Site,MOD,Proline-Directed Kinase (e.g. MAPK) phosphorylation site in higher eukaryotes.,PF00069,Pkinase,Protein kinase domain,...([ST])P..,EALTPSR,507,513,HIF1A_HUMAN,Homo sapiens,16954218,true positive,38,0,disordered
ELME000159,MOD_ProDKin_1,MAPK Phosphorylation Site,MOD,Proline-Directed Kinase (e.g. MAPK) phosphorylation site in higher eukaryotes.,PF00069,Pkinase,Protein kinase domain,...([ST])P..,EALTPSR,507,513,HSF1_HUMAN,Homo sapiens,8940068,true positive,38,0,disordered
ELME000159,MOD_ProDKin_1,MAPK Phosphorylation Site,MOD,Proline-Directed Kinase (e.g. MAPK) phosphorylation site in higher eukaryotes.,PF00069,Pkinase,Protein kinase domain,...([ST])P..,EALTPSR,507,513,INCA_CHLCV,Chlamydophila caviae GPIC,15230981,true positive,38,0,disordered
ELME000159,MOD_ProDKin_1,MAPK Phosphorylation Site,MOD,Proline-Directed Kinase (e.g. MAPK) phosphorylation site in higher eukaryotes.,PF00069,Pkinase,Protein kinase domain,...([ST])P..,EALTPSR,507,513,JDP2_MOUSE,Mus musculus,11602244,true positive,38,0,disordered
ELME000159,MOD_ProDKin_1,MAPK Phosphorylation Site,MOD,Proline-Directed Kinase (e.g. MAPK) phosphorylation site in higher eukaryotes.,PF00069,Pkinase,Protein kinase domain,...([ST])P..,EALTPSR,507,513,K2C8_HUMAN,Homo sapiens,11781324,true positive,38,0,disordered
ELME000159,MOD_ProDKin_1,MAPK Phosphorylation Site,MOD,Proline-Directed Kinase (e.g. MAPK) phosphorylation site in higher eukaryotes.,PF00069,Pkinase,Protein kinase domain,...([ST])P..,EALTPSR,507,513,LCK_MOUSE,Mus musculus,8226850 11847223,true positive,38,0,disordered
ELME000159,MOD_ProDKin_1,MAPK Phosphorylation Site,MOD,Proline-Directed Kinase (e.g. MAPK) phosphorylation site in higher eukaryotes.,PF00069,Pkinase,Protein kinase domain,...([ST])P..,EALTPSR,507,513,LIMA1_MOUSE,Mus musculus,17875928,true positive,38,0,disordered
ELME000159,MOD_ProDKin_1,MAPK Phosphorylation Site,MOD,Proline-Directed Kinase (e.g. MAPK) phosphorylation site in higher eukaryotes.,PF00069,Pkinase,Protein kinase domain,...([ST])P..,EALTPSR,507,513,MED1_MOUSE,Mus musculus,12356758,true positive,38,0,disordered
ELME000159,MOD_ProDKin_1,MAPK Phosphorylation Site,MOD,Proline-Directed Kinase (e.g. MAPK) phosphorylation site in higher eukaryotes.,PF00069,Pkinase,Protein kinase domain,...([ST])P..,EALTPSR,507,513,MYC_HUMAN,Homo sapiens,8035827 1651323,true positive,38,0,disordered
ELME000159,MOD_ProDKin_1,MAPK Phosphorylation Site,MOD,Proline-Directed Kinase (e.g. MAPK) phosphorylation site in higher eukaryotes.,PF00069,Pkinase,Protein kinase domain,...([ST])P..,EALTPSR,507,513,MYC_HUMAN,Homo sapiens,10551811,true positive,38,0,disordered
ELME000159,MOD_ProDKin_1,MAPK Phosphorylation Site,MOD,Proline-Directed Kinase (e.g. MAPK) phosphorylation site in higher eukaryotes.,PF00069,Pkinase,Protein kinase domain,...([ST])P..,EALTPSR,507,513,NFAC4_HUMAN,Homo sapiens,11997522,true positive,38,0,disordered
ELME000159,MOD_ProDKin_1,MAPK Phosphorylation Site,MOD,Proline-Directed Kinase (e.g. MAPK) phosphorylation site in higher eukaryotes.,PF00069,Pkinase,Protein kinase domain,...([ST])P..,EALTPSR,507,513,PAPOA_MOUSE,Mus musculus,18084034,true positive,38,0,disordered
ELME000159,MOD_ProDKin_1,MAPK Phosphorylation Site,MOD,Proline-Directed Kinase (e.g. MAPK) phosphorylation site in higher eukaryotes.,PF00069,Pkinase,Protein kinase domain,...([ST])P..,EALTPSR,507,513,PAX6_DANRE,Danio rerio,10329718,true positive,38,0,disordered
ELME000159,MOD_ProDKin_1,MAPK Phosphorylation Site,MOD,Proline-Directed Kinase (e.g. MAPK) phosphorylation site in higher eukaryotes.,PF00069,Pkinase,Protein kinase domain,...([ST])P..,EALTPSR,507,513,Q8K4N4_MOUSE,Mus musculus,15963504,true positive,38,0,disordered
ELME000159,MOD_ProDKin_1,MAPK Phosphorylation Site,MOD,Proline-Directed Kinase (e.g. MAPK) phosphorylation site in higher eukaryotes.,PF00069,Pkinase,Protein kinase domain,...([ST])P..,EALTPSR,507,513,RARA_HUMAN,Homo sapiens,15657432,true positive,38,0,disordered
ELME000159,MOD_ProDKin_1,MAPK Phosphorylation Site,MOD,Proline-Directed Kinase (e.g. MAPK) phosphorylation site in higher eukaryotes.,PF00069,Pkinase,Protein kinase domain,...([ST])P..,EALTPSR,507,513,SOS1_HUMAN,Homo sapiens,8816480,true positive,38,0,disordered
ELME000159,MOD_ProDKin_1,MAPK Phosphorylation Site,MOD,Proline-Directed Kinase (e.g. MAPK) phosphorylation site in higher eukaryotes.,PF00069,Pkinase,Protein kinase domain,...([ST])P..,EALTPSR,507,513,SP1_HUMAN,Homo sapiens,11904305,true positive,38,0,disordered
ELME000159,MOD_ProDKin_1,MAPK Phosphorylation Site,MOD,Proline-Directed Kinase (e.g. MAPK) phosphorylation site in higher eukaryotes.,PF00069,Pkinase,Protein kinase domain,...([ST])P..,EALTPSR,507,513,TACY_LISMO,Listeria monocytogenes EGD-e,14638761 11062133 16441444,true positive,38,0,disordered
ELME000159,MOD_ProDKin_1,MAPK Phosphorylation Site,MOD,Proline-Directed Kinase (e.g. MAPK) phosphorylation site in higher eukaryotes.,PF00069,Pkinase,Protein kinase domain,...([ST])P..,EALTPSR,507,513,TAL1_HUMAN,Homo sapiens,8423803,true positive,38,0,disordered
ELME000159,MOD_ProDKin_1,MAPK Phosphorylation Site,MOD,Proline-Directed Kinase (e.g. MAPK) phosphorylation site in higher eukaryotes.,PF00069,Pkinase,Protein kinase domain,...([ST])P..,EALTPSR,507,513,TOB1_HUMAN,Homo sapiens,12151396,true positive,38,0,disordered
ELME000159,MOD_ProDKin_1,MAPK Phosphorylation Site,MOD,Proline-Directed Kinase (e.g. MAPK) phosphorylation site in higher eukaryotes.,PF00069,Pkinase,Protein kinase domain,...([ST])P..,PSRTPSR,511,517,A6P3E3_MOUSE,Mus musculus,16410316,true positive,38,0,disordered
ELME000159,MOD_ProDKin_1,MAPK Phosphorylation Site,MOD,Proline-Directed Kinase (e.g. MAPK) phosphorylation site in higher eukaryotes.,PF00069,Pkinase,Protein kinase domain,...([ST])P..,PSRTPSR,511,517,BAZ1B_HUMAN,Homo sapiens,19776015,true positive,38,0,disordered
ELME000159,MOD_ProDKin_1,MAPK Phosphorylation Site,MOD,Proline-Directed Kinase (e.g. MAPK) phosphorylation site in higher eukaryotes.,PF00069,Pkinase,Protein kinase domain,...([ST])P..,PSRTPSR,511,517,ELK4_HUMAN,Homo sapiens,9130707,true positive,38,0,disordered
ELME000159,MOD_ProDKin_1,MAPK Phosphorylation Site,MOD,Proline-Directed Kinase (e.g. MAPK) phosphorylation site in higher eukaryotes.,PF00069,Pkinase,Protein kinase domain,...([ST])P..,PSRTPSR,511,517,ETV6_HUMAN,Homo sapiens,12435397,true positive,38,0,disordered
ELME000159,MOD_ProDKin_1,MAPK Phosphorylation Site,MOD,Proline-Directed Kinase (e.g. MAPK) phosphorylation site in higher eukaryotes.,PF00069,Pkinase,Protein kinase domain,...([ST])P..,PSRTPSR,511,517,FAK1_HUMAN,Homo sapiens,12692126,true positive,38,0,disordered
ELME000159,MOD_ProDKin_1,MAPK Phosphorylation Site,MOD,Proline-Directed Kinase (e.g. MAPK) phosphorylation site in higher eukaryotes.,PF00069,Pkinase,Protein kinase domain,...([ST])P..,PSRTPSR,511,517,FAK1_MOUSE,Mus musculus,19595712,true positive,38,0,disordered
ELME000159,MOD_ProDKin_1,MAPK Phosphorylation Site,MOD,Proline-Directed Kinase (e.g. MAPK) phosphorylation site in higher eukaryotes.,PF00069,Pkinase,Protein kinase domain,...([ST])P..,PSRTPSR,511,517,GRB10_HUMAN,Homo sapiens,15952796,true positive,38,0,disordered
ELME000159,MOD_ProDKin_1,MAPK Phosphorylation Site,MOD,Proline-Directed Kinase (e.g. MAPK) phosphorylation site in higher eukaryotes.,PF00069,Pkinase,Protein kinase domain,...([ST])P..,PSRTPSR,511,517,HIF1A_HUMAN,Homo sapiens,16954218,true positive,38,0,disordered
ELME000159,MOD_ProDKin_1,MAPK Phosphorylation Site,MOD,Proline-Directed Kinase (e.g. MAPK) phosphorylation site in higher eukaryotes.,PF00069,Pkinase,Protein kinase domain,...([ST])P..,PSRTPSR,511,517,HSF1_HUMAN,Homo sapiens,8940068,true positive,38,0,disordered
ELME000159,MOD_ProDKin_1,MAPK Phosphorylation Site,MOD,Proline-Directed Kinase (e.g. MAPK) phosphorylation site in higher eukaryotes.,PF00069,Pkinase,Protein kinase domain,...([ST])P..,PSRTPSR,511,517,INCA_CHLCV,Chlamydophila caviae GPIC,15230981,true positive,38,0,disordered
ELME000159,MOD_ProDKin_1,MAPK Phosphorylation Site,MOD,Proline-Directed Kinase (e.g. MAPK) phosphorylation site in higher eukaryotes.,PF00069,Pkinase,Protein kinase domain,...([ST])P..,PSRTPSR,511,517,JDP2_MOUSE,Mus musculus,11602244,true positive,38,0,disordered
ELME000159,MOD_ProDKin_1,MAPK Phosphorylation Site,MOD,Proline-Directed Kinase (e.g. MAPK) phosphorylation site in higher eukaryotes.,PF00069,Pkinase,Protein kinase domain,...([ST])P..,PSRTPSR,511,517,K2C8_HUMAN,Homo sapiens,11781324,true positive,38,0,disordered
ELME000159,MOD_ProDKin_1,MAPK Phosphorylation Site,MOD,Proline-Directed Kinase (e.g. MAPK) phosphorylation site in higher eukaryotes.,PF00069,Pkinase,Protein kinase domain,...([ST])P..,PSRTPSR,511,517,LCK_MOUSE,Mus musculus,8226850 11847223,true positive,38,0,disordered
ELME000159,MOD_ProDKin_1,MAPK Phosphorylation Site,MOD,Proline-Directed Kinase (e.g. MAPK) phosphorylation site in higher eukaryotes.,PF00069,Pkinase,Protein kinase domain,...([ST])P..,PSRTPSR,511,517,LIMA1_MOUSE,Mus musculus,17875928,true positive,38,0,disordered
ELME000159,MOD_ProDKin_1,MAPK Phosphorylation Site,MOD,Proline-Directed Kinase (e.g. MAPK) phosphorylation site in higher eukaryotes.,PF00069,Pkinase,Protein kinase domain,...([ST])P..,PSRTPSR,511,517,MED1_MOUSE,Mus musculus,12356758,true positive,38,0,disordered
ELME000159,MOD_ProDKin_1,MAPK Phosphorylation Site,MOD,Proline-Directed Kinase (e.g. MAPK) phosphorylation site in higher eukaryotes.,PF00069,Pkinase,Protein kinase domain,...([ST])P..,PSRTPSR,511,517,MYC_HUMAN,Homo sapiens,8035827 1651323,true positive,38,0,disordered
ELME000159,MOD_ProDKin_1,MAPK Phosphorylation Site,MOD,Proline-Directed Kinase (e.g. MAPK) phosphorylation site in higher eukaryotes.,PF00069,Pkinase,Protein kinase domain,...([ST])P..,PSRTPSR,511,517,MYC_HUMAN,Homo sapiens,10551811,true positive,38,0,disordered
ELME000159,MOD_ProDKin_1,MAPK Phosphorylation Site,MOD,Proline-Directed Kinase (e.g. MAPK) phosphorylation site in higher eukaryotes.,PF00069,Pkinase,Protein kinase domain,...([ST])P..,PSRTPSR,511,517,NFAC4_HUMAN,Homo sapiens,11997522,true positive,38,0,disordered
ELME000159,MOD_ProDKin_1,MAPK Phosphorylation Site,MOD,Proline-Directed Kinase (e.g. MAPK) phosphorylation site in higher eukaryotes.,PF00069,Pkinase,Protein kinase domain,...([ST])P..,PSRTPSR,511,517,PAPOA_MOUSE,Mus musculus,18084034,true positive,38,0,disordered
ELME000159,MOD_ProDKin_1,MAPK Phosphorylation Site,MOD,Proline-Directed Kinase (e.g. MAPK) phosphorylation site in higher eukaryotes.,PF00069,Pkinase,Protein kinase domain,...([ST])P..,PSRTPSR,511,517,PAX6_DANRE,Danio rerio,10329718,true positive,38,0,disordered
ELME000159,MOD_ProDKin_1,MAPK Phosphorylation Site,MOD,Proline-Directed Kinase (e.g. MAPK) phosphorylation site in higher eukaryotes.,PF00069,Pkinase,Protein kinase domain,...([ST])P..,PSRTPSR,511,517,Q8K4N4_MOUSE,Mus musculus,15963504,true positive,38,0,disordered
ELME000159,MOD_ProDKin_1,MAPK Phosphorylation Site,MOD,Proline-Directed Kinase (e.g. MAPK) phosphorylation site in higher eukaryotes.,PF00069,Pkinase,Protein kinase domain,...([ST])P..,PSRTPSR,511,517,RARA_HUMAN,Homo sapiens,15657432,true positive,38,0,disordered
ELME000159,MOD_ProDKin_1,MAPK Phosphorylation Site,MOD,Proline-Directed Kinase (e.g. MAPK) phosphorylation site in higher eukaryotes.,PF00069,Pkinase,Protein kinase domain,...([ST])P..,PSRTPSR,511,517,SOS1_HUMAN,Homo sapiens,8816480,true positive,38,0,disordered
ELME000159,MOD_ProDKin_1,MAPK Phosphorylation Site,MOD,Proline-Directed Kinase (e.g. MAPK) phosphorylation site in higher eukaryotes.,PF00069,Pkinase,Protein kinase domain,...([ST])P..,PSRTPSR,511,517,SP1_HUMAN,Homo sapiens,11904305,true positive,38,0,disordered
ELME000159,MOD_ProDKin_1,MAPK Phosphorylation Site,MOD,Proline-Directed Kinase (e.g. MAPK) phosphorylation site in higher eukaryotes.,PF00069,Pkinase,Protein kinase domain,...([ST])P..,PSRTPSR,511,517,TACY_LISMO,Listeria monocytogenes EGD-e,14638761 11062133 16441444,true positive,38,0,disordered
ELME000159,MOD_ProDKin_1,MAPK Phosphorylation Site,MOD,Proline-Directed Kinase (e.g. MAPK) phosphorylation site in higher eukaryotes.,PF00069,Pkinase,Protein kinase domain,...([ST])P..,PSRTPSR,511,517,TAL1_HUMAN,Homo sapiens,8423803,true positive,38,0,disordered
ELME000159,MOD_ProDKin_1,MAPK Phosphorylation Site,MOD,Proline-Directed Kinase (e.g. MAPK) phosphorylation site in higher eukaryotes.,PF00069,Pkinase,Protein kinase domain,...([ST])P..,PSRTPSR,511,517,TOB1_HUMAN,Homo sapiens,12151396,true positive,38,0,disordered
ELME000393,MOD_SUMO_rev_2,Sumoylation site,MOD,Inverted version of SUMOylation motif recognized for modification by SUMO-1,PF00179,UQ_con,Ubiquitin-conjugating enzyme,"[SDE].{0,5}[DE].(K).{0,1}[AIFLMPSTV]",STSDGKTF,196,203,HNRPU_HUMAN,Homo sapiens,25114211 25218447,true positive,20,0,ordered
ELME000393,MOD_SUMO_rev_2,Sumoylation site,MOD,Inverted version of SUMOylation motif recognized for modification by SUMO-1,PF00179,UQ_con,Ubiquitin-conjugating enzyme,"[SDE].{0,5}[DE].(K).{0,1}[AIFLMPSTV]",STSDGKTF,196,203,KHDR1_HUMAN,Homo sapiens,25114211,true positive,20,0,ordered
ELME000393,MOD_SUMO_rev_2,Sumoylation site,MOD,Inverted version of SUMOylation motif recognized for modification by SUMO-1,PF00179,UQ_con,Ubiquitin-conjugating enzyme,"[SDE].{0,5}[DE].(K).{0,1}[AIFLMPSTV]",STSDGKTF,196,203,LAS1L_HUMAN,Homo sapiens,25218447,true positive,20,0,ordered
ELME000393,MOD_SUMO_rev_2,Sumoylation site,MOD,Inverted version of SUMOylation motif recognized for modification by SUMO-1,PF00179,UQ_con,Ubiquitin-conjugating enzyme,"[SDE].{0,5}[DE].(K).{0,1}[AIFLMPSTV]",STSDGKTF,196,203,NPM_HUMAN,Homo sapiens,24782567 25114211 25218447,true positive,20,0,ordered
ELME000393,MOD_SUMO_rev_2,Sumoylation site,MOD,Inverted version of SUMOylation motif recognized for modification by SUMO-1,PF00179,UQ_con,Ubiquitin-conjugating enzyme,"[SDE].{0,5}[DE].(K).{0,1}[AIFLMPSTV]",STSDGKTF,196,203,NUCL_HUMAN,Homo sapiens,25218447,true positive,20,0,ordered
ELME000393,MOD_SUMO_rev_2,Sumoylation site,MOD,Inverted version of SUMOylation motif recognized for modification by SUMO-1,PF00179,UQ_con,Ubiquitin-conjugating enzyme,"[SDE].{0,5}[DE].(K).{0,1}[AIFLMPSTV]",STSDGKTF,196,203,PHF12_HUMAN,Homo sapiens,24782567 25218447,true positive,20,0,ordered
ELME000393,MOD_SUMO_rev_2,Sumoylation site,MOD,Inverted version of SUMOylation motif recognized for modification by SUMO-1,PF00179,UQ_con,Ubiquitin-conjugating enzyme,"[SDE].{0,5}[DE].(K).{0,1}[AIFLMPSTV]",STSDGKTF,196,203,PPIL4_HUMAN,Homo sapiens,25218447,true positive,20,0,ordered
ELME000393,MOD_SUMO_rev_2,Sumoylation site,MOD,Inverted version of SUMOylation motif recognized for modification by SUMO-1,PF00179,UQ_con,Ubiquitin-conjugating enzyme,"[SDE].{0,5}[DE].(K).{0,1}[AIFLMPSTV]",STSDGKTF,196,203,PTRF_HUMAN,Homo sapiens,25218447,true positive,20,0,ordered
ELME000393,MOD_SUMO_rev_2,Sumoylation site,MOD,Inverted version of SUMOylation motif recognized for modification by SUMO-1,PF00179,UQ_con,Ubiquitin-conjugating enzyme,"[SDE].{0,5}[DE].(K).{0,1}[AIFLMPSTV]",STSDGKTF,196,203,RBP2_HUMAN,Homo sapiens,25218447,true positive,20,0,ordered
ELME000393,MOD_SUMO_rev_2,Sumoylation site,MOD,Inverted version of SUMOylation motif recognized for modification by SUMO-1,PF00179,UQ_con,Ubiquitin-conjugating enzyme,"[SDE].{0,5}[DE].(K).{0,1}[AIFLMPSTV]",STSDGKTF,196,203,SAFB2_HUMAN,Homo sapiens,25114211 25218447,true positive,20,0,ordered
ELME000393,MOD_SUMO_rev_2,Sumoylation site,MOD,Inverted version of SUMOylation motif recognized for modification by SUMO-1,PF00179,UQ_con,Ubiquitin-conjugating enzyme,"[SDE].{0,5}[DE].(K).{0,1}[AIFLMPSTV]",STSDGKTF,196,203,SAFB2_HUMAN,Homo sapiens,25218447,true positive,20,0,ordered
ELME000393,MOD_SUMO_rev_2,Sumoylation site,MOD,Inverted version of SUMOylation motif recognized for modification by SUMO-1,PF00179,UQ_con,Ubiquitin-conjugating enzyme,"[SDE].{0,5}[DE].(K).{0,1}[AIFLMPSTV]",STSDGKTF,196,203,SMRCD_HUMAN,Homo sapiens,24782567 25218447,true positive,20,0,ordered
ELME000393,MOD_SUMO_rev_2,Sumoylation site,MOD,Inverted version of SUMOylation motif recognized for modification by SUMO-1,PF00179,UQ_con,Ubiquitin-conjugating enzyme,"[SDE].{0,5}[DE].(K).{0,1}[AIFLMPSTV]",STSDGKTF,196,203,SUMO1_HUMAN,Homo sapiens,25218447,true positive,20,0,ordered
ELME000393,MOD_SUMO_rev_2,Sumoylation site,MOD,Inverted version of SUMOylation motif recognized for modification by SUMO-1,PF00179,UQ_con,Ubiquitin-conjugating enzyme,"[SDE].{0,5}[DE].(K).{0,1}[AIFLMPSTV]",STSDGKTF,196,203,TR150_HUMAN,Homo sapiens,24782567,true positive,20,0,ordered
ELME000393,MOD_SUMO_rev_2,Sumoylation site,MOD,Inverted version of SUMOylation motif recognized for modification by SUMO-1,PF00179,UQ_con,Ubiquitin-conjugating enzyme,"[SDE].{0,5}[DE].(K).{0,1}[AIFLMPSTV]",STSDGKTF,196,203,Z280C_HUMAN,Homo sapiens,25218447,true positive,20,0,ordered
ELME000393,MOD_SUMO_rev_2,Sumoylation site,MOD,Inverted version of SUMOylation motif recognized for modification by SUMO-1,PF00179,UQ_con,Ubiquitin-conjugating enzyme,"[SDE].{0,5}[DE].(K).{0,1}[AIFLMPSTV]",STSDGKTF,196,203,ZC11A_HUMAN,Homo sapiens,24782567 25218447,true positive,20,0,ordered
ELME000393,MOD_SUMO_rev_2,Sumoylation site,MOD,Inverted version of SUMOylation motif recognized for modification by SUMO-1,PF00179,UQ_con,Ubiquitin-conjugating enzyme,"[SDE].{0,5}[DE].(K).{0,1}[AIFLMPSTV]",STSDGKTF,196,203,ZN281_HUMAN,Homo sapiens,24782567 25218447,true positive,20,0,ordered
ELME000393,MOD_SUMO_rev_2,Sumoylation site,MOD,Inverted version of SUMOylation motif recognized for modification by SUMO-1,PF00179,UQ_con,Ubiquitin-conjugating enzyme,"[SDE].{0,5}[DE].(K).{0,1}[AIFLMPSTV]",STSDGKTF,196,203,ZN462_HUMAN,Homo sapiens,25218447,true positive,20,0,ordered
ELME000393,MOD_SUMO_rev_2,Sumoylation site,MOD,Inverted version of SUMOylation motif recognized for modification by SUMO-1,PF00179,UQ_con,Ubiquitin-conjugating enzyme,"[SDE].{0,5}[DE].(K).{0,1}[AIFLMPSTV]",SDGKTF,198,203,HNRPU_HUMAN,Homo sapiens,25114211 25218447,true positive,20,0,ordered
ELME000393,MOD_SUMO_rev_2,Sumoylation site,MOD,Inverted version of SUMOylation motif recognized for modification by SUMO-1,PF00179,UQ_con,Ubiquitin-conjugating enzyme,"[SDE].{0,5}[DE].(K).{0,1}[AIFLMPSTV]",SDGKTF,198,203,KHDR1_HUMAN,Homo sapiens,25114211,true positive,20,0,ordered
ELME000393,MOD_SUMO_rev_2,Sumoylation site,MOD,Inverted version of SUMOylation motif recognized for modification by SUMO-1,PF00179,UQ_con,Ubiquitin-conjugating enzyme,"[SDE].{0,5}[DE].(K).{0,1}[AIFLMPSTV]",SDGKTF,198,203,LAS1L_HUMAN,Homo sapiens,25218447,true positive,20,0,ordered
ELME000393,MOD_SUMO_rev_2,Sumoylation site,MOD,Inverted version of SUMOylation motif recognized for modification by SUMO-1,PF00179,UQ_con,Ubiquitin-conjugating enzyme,"[SDE].{0,5}[DE].(K).{0,1}[AIFLMPSTV]",SDGKTF,198,203,NPM_HUMAN,Homo sapiens,24782567 25114211 25218447,true positive,20,0,ordered
ELME000393,MOD_SUMO_rev_2,Sumoylation site,MOD,Inverted version of SUMOylation motif recognized for modification by SUMO-1,PF00179,UQ_con,Ubiquitin-conjugating enzyme,"[SDE].{0,5}[DE].(K).{0,1}[AIFLMPSTV]",SDGKTF,198,203,NUCL_HUMAN,Homo sapiens,25218447,true positive,20,0,ordered
ELME000393,MOD_SUMO_rev_2,Sumoylation site,MOD,Inverted version of SUMOylation motif recognized for modification by SUMO-1,PF00179,UQ_con,Ubiquitin-conjugating enzyme,"[SDE].{0,5}[DE].(K).{0,1}[AIFLMPSTV]",SDGKTF,198,203,PHF12_HUMAN,Homo sapiens,24782567 25218447,true positive,20,0,ordered
ELME000393,MOD_SUMO_rev_2,Sumoylation site,MOD,Inverted version of SUMOylation motif recognized for modification by SUMO-1,PF00179,UQ_con,Ubiquitin-conjugating enzyme,"[SDE].{0,5}[DE].(K).{0,1}[AIFLMPSTV]",SDGKTF,198,203,PPIL4_HUMAN,Homo sapiens,25218447,true positive,20,0,ordered
ELME000393,MOD_SUMO_rev_2,Sumoylation site,MOD,Inverted version of SUMOylation motif recognized for modification by SUMO-1,PF00179,UQ_con,Ubiquitin-conjugating enzyme,"[SDE].{0,5}[DE].(K).{0,1}[AIFLMPSTV]",SDGKTF,198,203,PTRF_HUMAN,Homo sapiens,25218447,true positive,20,0,ordered
ELME000393,MOD_SUMO_rev_2,Sumoylation site,MOD,Inverted version of SUMOylation motif recognized for modification by SUMO-1,PF00179,UQ_con,Ubiquitin-conjugating enzyme,"[SDE].{0,5}[DE].(K).{0,1}[AIFLMPSTV]",SDGKTF,198,203,RBP2_HUMAN,Homo sapiens,25218447,true positive,20,0,ordered
ELME000393,MOD_SUMO_rev_2,Sumoylation site,MOD,Inverted version of SUMOylation motif recognized for modification by SUMO-1,PF00179,UQ_con,Ubiquitin-conjugating enzyme,"[SDE].{0,5}[DE].(K).{0,1}[AIFLMPSTV]",SDGKTF,198,203,SAFB2_HUMAN,Homo sapiens,25114211 25218447,true positive,20,0,ordered
ELME000393,MOD_SUMO_rev_2,Sumoylation site,MOD,Inverted version of SUMOylation motif recognized for modification by SUMO-1,PF00179,UQ_con,Ubiquitin-conjugating enzyme,"[SDE].{0,5}[DE].(K).{0,1}[AIFLMPSTV]",SDGKTF,198,203,SAFB2_HUMAN,Homo sapiens,25218447,true positive,20,0,ordered
ELME000393,MOD_SUMO_rev_2,Sumoylation site,MOD,Inverted version of SUMOylation motif recognized for modification by SUMO-1,PF00179,UQ_con,Ubiquitin-conjugating enzyme,"[SDE].{0,5}[DE].(K).{0,1}[AIFLMPSTV]",SDGKTF,198,203,SMRCD_HUMAN,Homo sapiens,24782567 25218447,true positive,20,0,ordered
ELME000393,MOD_SUMO_rev_2,Sumoylation site,MOD,Inverted version of SUMOylation motif recognized for modification by SUMO-1,PF00179,UQ_con,Ubiquitin-conjugating enzyme,"[SDE].{0,5}[DE].(K).{0,1}[AIFLMPSTV]",SDGKTF,198,203,SUMO1_HUMAN,Homo sapiens,25218447,true positive,20,0,ordered
ELME000393,MOD_SUMO_rev_2,Sumoylation site,MOD,Inverted version of SUMOylation motif recognized for modification by SUMO-1,PF00179,UQ_con,Ubiquitin-conjugating enzyme,"[SDE].{0,5}[DE].(K).{0,1}[AIFLMPSTV]",SDGKTF,198,203,TR150_HUMAN,Homo sapiens,24782567,true positive,20,0,ordered
ELME000393,MOD_SUMO_rev_2,Sumoylation site,MOD,Inverted version of SUMOylation motif recognized for modification by SUMO-1,PF00179,UQ_con,Ubiquitin-conjugating enzyme,"[SDE].{0,5}[DE].(K).{0,1}[AIFLMPSTV]",SDGKTF,198,203,Z280C_HUMAN,Homo sapiens,25218447,true positive,20,0,ordered
ELME000393,MOD_SUMO_rev_2,Sumoylation site,MOD,Inverted version of SUMOylation motif recognized for modification by SUMO-1,PF00179,UQ_con,Ubiquitin-conjugating enzyme,"[SDE].{0,5}[DE].(K).{0,1}[AIFLMPSTV]",SDGKTF,198,203,ZC11A_HUMAN,Homo sapiens,24782567 25218447,true positive,20,0,ordered
ELME000393,MOD_SUMO_rev_2,Sumoylation site,MOD,Inverted version of SUMOylation motif recognized for modification by SUMO-1,PF00179,UQ_con,Ubiquitin-conjugating enzyme,"[SDE].{0,5}[DE].(K).{0,1}[AIFLMPSTV]",SDGKTF,198,203,ZN281_HUMAN,Homo sapiens,24782567 25218447,true positive,20,0,ordered
ELME000393,MOD_SUMO_rev_2,Sumoylation site,MOD,Inverted version of SUMOylation motif recognized for modification by SUMO-1,PF00179,UQ_con,Ubiquitin-conjugating enzyme,"[SDE].{0,5}[DE].(K).{0,1}[AIFLMPSTV]",SDGKTF,198,203,ZN462_HUMAN,Homo sapiens,25218447,true positive,20,0,ordered
ELME000259,TRG_Cilium_RVxP_2,Ciliary targeting motifs,TRG,The RVxPx motif is located in the cytoplasmatic tails of vesicular cargoes. It allows the interaction with proteins that permit the vesicle budding from the trans-Golgi-network and its posterior transport to the plasma membrane of the cilia,,,,RV.P.,RVHPK,182,186,PKD2_HUMAN,Homo sapiens,16537653,true positive,2,0,inbetween
ELME000259,TRG_Cilium_RVxP_2,Ciliary targeting motifs,TRG,The RVxPx motif is located in the cytoplasmatic tails of vesicular cargoes. It allows the interaction with proteins that permit the vesicle budding from the trans-Golgi-network and its posterior transport to the plasma membrane of the cilia,,,,RV.P.,RVHPK,182,186,Q80XL8_MOUSE,Mus musculus,16782012,true positive,2,0,inbetween
ELME000523,TRG_DiLeu_BaEn_1,Adaptin binding Endosome-Lysosome-Basolateral sorting signals,TRG,Classical adaptin sigma subunit-binding acidic dileucine motifs sorting in Endosomal-Basolateral trafficking.,PF01217,Clat_adaptor_s,Clathrin adaptor complex small chain,E..[^P]L[LIVM],EQPTLI,354,359,A0A1D5PL70_CHICK,Gallus gallus,16756976,true positive,23,4,disordered
ELME000523,TRG_DiLeu_BaEn_1,Adaptin binding Endosome-Lysosome-Basolateral sorting signals,TRG,Classical adaptin sigma subunit-binding acidic dileucine motifs sorting in Endosomal-Basolateral trafficking.,PF01217,Clat_adaptor_s,Clathrin adaptor complex small chain,E..[^P]L[LIVM],EQPTLI,354,359,AQP4_HUMAN,Homo sapiens,11742978,true positive,23,4,disordered
ELME000523,TRG_DiLeu_BaEn_1,Adaptin binding Endosome-Lysosome-Basolateral sorting signals,TRG,Classical adaptin sigma subunit-binding acidic dileucine motifs sorting in Endosomal-Basolateral trafficking.,PF01217,Clat_adaptor_s,Clathrin adaptor complex small chain,E..[^P]L[LIVM],EQPTLI,354,359,AT8A1_HUMAN,Homo sapiens,33990468,true positive,23,4,disordered
ELME000523,TRG_DiLeu_BaEn_1,Adaptin binding Endosome-Lysosome-Basolateral sorting signals,TRG,Classical adaptin sigma subunit-binding acidic dileucine motifs sorting in Endosomal-Basolateral trafficking.,PF01217,Clat_adaptor_s,Clathrin adaptor complex small chain,E..[^P]L[LIVM],EQPTLI,354,359,BCAM_HUMAN,Homo sapiens,10542217,true positive,23,4,disordered
ELME000523,TRG_DiLeu_BaEn_1,Adaptin binding Endosome-Lysosome-Basolateral sorting signals,TRG,Classical adaptin sigma subunit-binding acidic dileucine motifs sorting in Endosomal-Basolateral trafficking.,PF01217,Clat_adaptor_s,Clathrin adaptor complex small chain,E..[^P]L[LIVM],EQPTLI,354,359,CAM1_CAEEL,Caenorhabditis elegans,27151641,true positive,23,4,disordered
ELME000523,TRG_DiLeu_BaEn_1,Adaptin binding Endosome-Lysosome-Basolateral sorting signals,TRG,Classical adaptin sigma subunit-binding acidic dileucine motifs sorting in Endosomal-Basolateral trafficking.,PF01217,Clat_adaptor_s,Clathrin adaptor complex small chain,E..[^P]L[LIVM],EQPTLI,354,359,CD44_HUMAN,Homo sapiens,8647812,true positive,23,4,disordered
ELME000523,TRG_DiLeu_BaEn_1,Adaptin binding Endosome-Lysosome-Basolateral sorting signals,TRG,Classical adaptin sigma subunit-binding acidic dileucine motifs sorting in Endosomal-Basolateral trafficking.,PF01217,Clat_adaptor_s,Clathrin adaptor complex small chain,E..[^P]L[LIVM],EQPTLI,354,359,CLCN2_HUMAN,Homo sapiens,25739457,true positive,23,4,disordered
ELME000523,TRG_DiLeu_BaEn_1,Adaptin binding Endosome-Lysosome-Basolateral sorting signals,TRG,Classical adaptin sigma subunit-binding acidic dileucine motifs sorting in Endosomal-Basolateral trafficking.,PF01217,Clat_adaptor_s,Clathrin adaptor complex small chain,E..[^P]L[LIVM],EQPTLI,354,359,CXB1_RAT,Rattus norvegicus,29361528,true positive,23,4,disordered
ELME000523,TRG_DiLeu_BaEn_1,Adaptin binding Endosome-Lysosome-Basolateral sorting signals,TRG,Classical adaptin sigma subunit-binding acidic dileucine motifs sorting in Endosomal-Basolateral trafficking.,PF01217,Clat_adaptor_s,Clathrin adaptor complex small chain,E..[^P]L[LIVM],EQPTLI,354,359,GTR12_MOUSE,Mus musculus,21067453,true positive,23,4,disordered
ELME000523,TRG_DiLeu_BaEn_1,Adaptin binding Endosome-Lysosome-Basolateral sorting signals,TRG,Classical adaptin sigma subunit-binding acidic dileucine motifs sorting in Endosomal-Basolateral trafficking.,PF01217,Clat_adaptor_s,Clathrin adaptor complex small chain,E..[^P]L[LIVM],EQPTLI,354,359,LRP1_HUMAN,Homo sapiens,19005208,true positive,23,4,disordered
ELME000523,TRG_DiLeu_BaEn_1,Adaptin binding Endosome-Lysosome-Basolateral sorting signals,TRG,Classical adaptin sigma subunit-binding acidic dileucine motifs sorting in Endosomal-Basolateral trafficking.,PF01217,Clat_adaptor_s,Clathrin adaptor complex small chain,E..[^P]L[LIVM],EQPTLI,354,359,MICA_HUMAN,Homo sapiens,11854468,true positive,23,4,disordered
ELME000523,TRG_DiLeu_BaEn_1,Adaptin binding Endosome-Lysosome-Basolateral sorting signals,TRG,Classical adaptin sigma subunit-binding acidic dileucine motifs sorting in Endosomal-Basolateral trafficking.,PF01217,Clat_adaptor_s,Clathrin adaptor complex small chain,E..[^P]L[LIVM],EQPTLI,354,359,MRP1_HUMAN,Homo sapiens,24129190,true positive,23,4,disordered
ELME000523,TRG_DiLeu_BaEn_1,Adaptin binding Endosome-Lysosome-Basolateral sorting signals,TRG,Classical adaptin sigma subunit-binding acidic dileucine motifs sorting in Endosomal-Basolateral trafficking.,PF01217,Clat_adaptor_s,Clathrin adaptor complex small chain,E..[^P]L[LIVM],EQPTLI,354,359,NEF_HV1B1,Human immunodeficiency virus type 1 BH10,30053425,true positive,23,4,disordered
ELME000523,TRG_DiLeu_BaEn_1,Adaptin binding Endosome-Lysosome-Basolateral sorting signals,TRG,Classical adaptin sigma subunit-binding acidic dileucine motifs sorting in Endosomal-Basolateral trafficking.,PF01217,Clat_adaptor_s,Clathrin adaptor complex small chain,E..[^P]L[LIVM],EQPTLI,354,359,NEF_HV1H2,HIV-1 M:B_HXB2R,24473078,true positive,23,4,disordered
ELME000523,TRG_DiLeu_BaEn_1,Adaptin binding Endosome-Lysosome-Basolateral sorting signals,TRG,Classical adaptin sigma subunit-binding acidic dileucine motifs sorting in Endosomal-Basolateral trafficking.,PF01217,Clat_adaptor_s,Clathrin adaptor complex small chain,E..[^P]L[LIVM],EQPTLI,354,359,PPB_YEAST,Saccharomyces cerevisiae S288c,9564031,true positive,23,4,disordered
ELME000523,TRG_DiLeu_BaEn_1,Adaptin binding Endosome-Lysosome-Basolateral sorting signals,TRG,Classical adaptin sigma subunit-binding acidic dileucine motifs sorting in Endosomal-Basolateral trafficking.,PF01217,Clat_adaptor_s,Clathrin adaptor complex small chain,E..[^P]L[LIVM],EQPTLI,354,359,PTR26_ARATH,Arabidopsis thaliana,22537078,true positive,23,4,disordered
ELME000523,TRG_DiLeu_BaEn_1,Adaptin binding Endosome-Lysosome-Basolateral sorting signals,TRG,Classical adaptin sigma subunit-binding acidic dileucine motifs sorting in Endosomal-Basolateral trafficking.,PF01217,Clat_adaptor_s,Clathrin adaptor complex small chain,E..[^P]L[LIVM],EQPTLI,354,359,Q4JGV0_SIV,Simian immunodeficiency virus,31447307,true positive,23,4,disordered
ELME000523,TRG_DiLeu_BaEn_1,Adaptin binding Endosome-Lysosome-Basolateral sorting signals,TRG,Classical adaptin sigma subunit-binding acidic dileucine motifs sorting in Endosomal-Basolateral trafficking.,PF01217,Clat_adaptor_s,Clathrin adaptor complex small chain,E..[^P]L[LIVM],EQPTLI,354,359,S23A2_HUMAN,Homo sapiens,23837633,true positive,23,4,disordered
ELME000523,TRG_DiLeu_BaEn_1,Adaptin binding Endosome-Lysosome-Basolateral sorting signals,TRG,Classical adaptin sigma subunit-binding acidic dileucine motifs sorting in Endosomal-Basolateral trafficking.,PF01217,Clat_adaptor_s,Clathrin adaptor complex small chain,E..[^P]L[LIVM],EQPTLI,354,359,VACHT_RAT,Rattus norvegicus,9651318,true positive,23,4,disordered
ELME000523,TRG_DiLeu_BaEn_1,Adaptin binding Endosome-Lysosome-Basolateral sorting signals,TRG,Classical adaptin sigma subunit-binding acidic dileucine motifs sorting in Endosomal-Basolateral trafficking.,PF01217,Clat_adaptor_s,Clathrin adaptor complex small chain,E..[^P]L[LIVM],EQPTLI,354,359,VIT1_ARATH,Arabidopsis thaliana,25351491,true positive,23,4,disordered
ELME000523,TRG_DiLeu_BaEn_1,Adaptin binding Endosome-Lysosome-Basolateral sorting signals,TRG,Classical adaptin sigma subunit-binding acidic dileucine motifs sorting in Endosomal-Basolateral trafficking.,PF01217,Clat_adaptor_s,Clathrin adaptor complex small chain,E..[^P]L[LIVM],EQPTLI,354,359,VPU_HV1S1,Human immunodeficiency virus type 1 (SF162 ISOLATE),24843023,true positive,23,4,disordered
ELME000523,TRG_DiLeu_BaEn_1,Adaptin binding Endosome-Lysosome-Basolateral sorting signals,TRG,Classical adaptin sigma subunit-binding acidic dileucine motifs sorting in Endosomal-Basolateral trafficking.,PF01217,Clat_adaptor_s,Clathrin adaptor complex small chain,E..[^P]L[LIVM],EQPTLI,354,359,WC11_BOVIN,Bos taurus,25632004,true positive,23,4,disordered
ELME000523,TRG_DiLeu_BaEn_1,Adaptin binding Endosome-Lysosome-Basolateral sorting signals,TRG,Classical adaptin sigma subunit-binding acidic dileucine motifs sorting in Endosomal-Basolateral trafficking.,PF01217,Clat_adaptor_s,Clathrin adaptor complex small chain,E..[^P]L[LIVM],EQPTLI,354,359,YPQ2_YEAST,Saccharomyces cerevisiae S288c,26577948,true positive,23,4,disordered
ELME000525,TRG_DiLeu_BaEn_3,Adaptin binding Endosome-Lysosome-Basolateral sorting signals,TRG,Diglutamate-containing variant Adaptin sigma subunit-binding acidic dileucine motifs sorting in Endosomal-Basolateral trafficking.,PF01217,Clat_adaptor_s,Clathrin adaptor complex small chain,EE...[FIM][LIVM],EEFEAFV,538,544,ST14_HUMAN,Homo sapiens,32049977,true positive,4,0,inbetween
ELME000525,TRG_DiLeu_BaEn_3,Adaptin binding Endosome-Lysosome-Basolateral sorting signals,TRG,Diglutamate-containing variant Adaptin sigma subunit-binding acidic dileucine motifs sorting in Endosomal-Basolateral trafficking.,PF01217,Clat_adaptor_s,Clathrin adaptor complex small chain,EE...[FIM][LIVM],EEFEAFV,538,544,VGLU1_RAT,Rattus norvegicus,23804088,true positive,4,0,inbetween
ELME000525,TRG_DiLeu_BaEn_3,Adaptin binding Endosome-Lysosome-Basolateral sorting signals,TRG,Diglutamate-containing variant Adaptin sigma subunit-binding acidic dileucine motifs sorting in Endosomal-Basolateral trafficking.,PF01217,Clat_adaptor_s,Clathrin adaptor complex small chain,EE...[FIM][LIVM],EEFEAFV,538,544,VGLU2_RAT,Rattus norvegicus,29123471,true positive,4,0,inbetween
ELME000525,TRG_DiLeu_BaEn_3,Adaptin binding Endosome-Lysosome-Basolateral sorting signals,TRG,Diglutamate-containing variant Adaptin sigma subunit-binding acidic dileucine motifs sorting in Endosomal-Basolateral trafficking.,PF01217,Clat_adaptor_s,Clathrin adaptor complex small chain,EE...[FIM][LIVM],EEFEAFV,538,544,VMAT2_RAT,Rattus norvegicus,9651318,true positive,4,0,inbetween
ELME000526,TRG_DiLeu_BaEn_4,Adaptin binding Endosome-Lysosome-Basolateral sorting signals,TRG,Acidic dileucine motifs with a monoleucine preference and extra glutamate sorting in Endosomal-Basolateral trafficking.,PF01217,Clat_adaptor_s,Clathrin adaptor complex small chain,EE...L[^LIVMF],EELEALT,504,510,AREG_HUMAN,Homo sapiens,21917092,true positive,4,0,disordered
ELME000526,TRG_DiLeu_BaEn_4,Adaptin binding Endosome-Lysosome-Basolateral sorting signals,TRG,Acidic dileucine motifs with a monoleucine preference and extra glutamate sorting in Endosomal-Basolateral trafficking.,PF01217,Clat_adaptor_s,Clathrin adaptor complex small chain,EE...L[^LIVMF],EELEALT,504,510,BTC_HUMAN,Homo sapiens,26272915,true positive,4,0,disordered
ELME000526,TRG_DiLeu_BaEn_4,Adaptin binding Endosome-Lysosome-Basolateral sorting signals,TRG,Acidic dileucine motifs with a monoleucine preference and extra glutamate sorting in Endosomal-Basolateral trafficking.,PF01217,Clat_adaptor_s,Clathrin adaptor complex small chain,EE...L[^LIVMF],EELEALT,504,510,SC5A5_HUMAN,Homo sapiens,30496374,true positive,4,0,disordered
ELME000526,TRG_DiLeu_BaEn_4,Adaptin binding Endosome-Lysosome-Basolateral sorting signals,TRG,Acidic dileucine motifs with a monoleucine preference and extra glutamate sorting in Endosomal-Basolateral trafficking.,PF01217,Clat_adaptor_s,Clathrin adaptor complex small chain,EE...L[^LIVMF],EELEALT,504,510,TGFR1_HUMAN,Homo sapiens,28768825,true positive,4,0,disordered
ELME000528,TRG_DiLeu_BaLyEn_6,Adaptin binding Endosome-Lysosome-Basolateral sorting signals,TRG,Dileucine motifs lacking Glu+1 with Pro-Arg preference at +4 sorting in Endosomal-Basolateral-Lysosomal trafficking.,PF01217,Clat_adaptor_s,Clathrin adaptor complex small chain,[^E]..[RP]L[LI],VAIPLL,104,109,AT2B1_HUMAN,Homo sapiens,16803870,true positive,18,1,ordered
ELME000528,TRG_DiLeu_BaLyEn_6,Adaptin binding Endosome-Lysosome-Basolateral sorting signals,TRG,Dileucine motifs lacking Glu+1 with Pro-Arg preference at +4 sorting in Endosomal-Basolateral-Lysosomal trafficking.,PF01217,Clat_adaptor_s,Clathrin adaptor complex small chain,[^E]..[RP]L[LI],VAIPLL,104,109,AT2B2_HUMAN,Homo sapiens,16803870,true positive,18,1,ordered
ELME000528,TRG_DiLeu_BaLyEn_6,Adaptin binding Endosome-Lysosome-Basolateral sorting signals,TRG,Dileucine motifs lacking Glu+1 with Pro-Arg preference at +4 sorting in Endosomal-Basolateral-Lysosomal trafficking.,PF01217,Clat_adaptor_s,Clathrin adaptor complex small chain,[^E]..[RP]L[LI],VAIPLL,104,109,CADH1_HUMAN,Homo sapiens,11312273,unknown,18,1,ordered
ELME000528,TRG_DiLeu_BaLyEn_6,Adaptin binding Endosome-Lysosome-Basolateral sorting signals,TRG,Dileucine motifs lacking Glu+1 with Pro-Arg preference at +4 sorting in Endosomal-Basolateral-Lysosomal trafficking.,PF01217,Clat_adaptor_s,Clathrin adaptor complex small chain,[^E]..[RP]L[LI],VAIPLL,104,109,CASR_HUMAN,Homo sapiens,23222959,true positive,18,1,ordered
ELME000528,TRG_DiLeu_BaLyEn_6,Adaptin binding Endosome-Lysosome-Basolateral sorting signals,TRG,Dileucine motifs lacking Glu+1 with Pro-Arg preference at +4 sorting in Endosomal-Basolateral-Lysosomal trafficking.,PF01217,Clat_adaptor_s,Clathrin adaptor complex small chain,[^E]..[RP]L[LI],VAIPLL,104,109,CD4_HUMAN,Homo sapiens,19140243 10069811,true positive,18,1,ordered
ELME000528,TRG_DiLeu_BaLyEn_6,Adaptin binding Endosome-Lysosome-Basolateral sorting signals,TRG,Dileucine motifs lacking Glu+1 with Pro-Arg preference at +4 sorting in Endosomal-Basolateral-Lysosomal trafficking.,PF01217,Clat_adaptor_s,Clathrin adaptor complex small chain,[^E]..[RP]L[LI],VAIPLL,104,109,IL6RB_HUMAN,Homo sapiens,16274960,true positive,18,1,ordered
ELME000528,TRG_DiLeu_BaLyEn_6,Adaptin binding Endosome-Lysosome-Basolateral sorting signals,TRG,Dileucine motifs lacking Glu+1 with Pro-Arg preference at +4 sorting in Endosomal-Basolateral-Lysosomal trafficking.,PF01217,Clat_adaptor_s,Clathrin adaptor complex small chain,[^E]..[RP]L[LI],VAIPLL,104,109,LRFN2_HUMAN,Homo sapiens,22174418,true positive,18,1,ordered
ELME000528,TRG_DiLeu_BaLyEn_6,Adaptin binding Endosome-Lysosome-Basolateral sorting signals,TRG,Dileucine motifs lacking Glu+1 with Pro-Arg preference at +4 sorting in Endosomal-Basolateral-Lysosomal trafficking.,PF01217,Clat_adaptor_s,Clathrin adaptor complex small chain,[^E]..[RP]L[LI],VAIPLL,104,109,NOTC1_MOUSE,Mus musculus,23171551,true positive,18,1,ordered
ELME000528,TRG_DiLeu_BaLyEn_6,Adaptin binding Endosome-Lysosome-Basolateral sorting signals,TRG,Dileucine motifs lacking Glu+1 with Pro-Arg preference at +4 sorting in Endosomal-Basolateral-Lysosomal trafficking.,PF01217,Clat_adaptor_s,Clathrin adaptor complex small chain,[^E]..[RP]L[LI],VAIPLL,104,109,NRAM4_ARATH,Arabidopsis thaliana,29573093,true positive,18,1,ordered
ELME000528,TRG_DiLeu_BaLyEn_6,Adaptin binding Endosome-Lysosome-Basolateral sorting signals,TRG,Dileucine motifs lacking Glu+1 with Pro-Arg preference at +4 sorting in Endosomal-Basolateral-Lysosomal trafficking.,PF01217,Clat_adaptor_s,Clathrin adaptor complex small chain,[^E]..[RP]L[LI],VAIPLL,104,109,OPRD_HUMAN,Homo sapiens,12851402,unknown,18,1,ordered
ELME000528,TRG_DiLeu_BaLyEn_6,Adaptin binding Endosome-Lysosome-Basolateral sorting signals,TRG,Dileucine motifs lacking Glu+1 with Pro-Arg preference at +4 sorting in Endosomal-Basolateral-Lysosomal trafficking.,PF01217,Clat_adaptor_s,Clathrin adaptor complex small chain,[^E]..[RP]L[LI],VAIPLL,104,109,Q91CB6_ADE09,Human adenovirus 9,26841862,unknown,18,1,ordered
ELME000528,TRG_DiLeu_BaLyEn_6,Adaptin binding Endosome-Lysosome-Basolateral sorting signals,TRG,Dileucine motifs lacking Glu+1 with Pro-Arg preference at +4 sorting in Endosomal-Basolateral-Lysosomal trafficking.,PF01217,Clat_adaptor_s,Clathrin adaptor complex small chain,[^E]..[RP]L[LI],VAIPLL,104,109,S12A2_HUMAN,Homo sapiens,18667527,true positive,18,1,ordered
ELME000528,TRG_DiLeu_BaLyEn_6,Adaptin binding Endosome-Lysosome-Basolateral sorting signals,TRG,Dileucine motifs lacking Glu+1 with Pro-Arg preference at +4 sorting in Endosomal-Basolateral-Lysosomal trafficking.,PF01217,Clat_adaptor_s,Clathrin adaptor complex small chain,[^E]..[RP]L[LI],VAIPLL,104,109,S17A5_HUMAN,Homo sapiens,15510212,true positive,18,1,ordered
ELME000528,TRG_DiLeu_BaLyEn_6,Adaptin binding Endosome-Lysosome-Basolateral sorting signals,TRG,Dileucine motifs lacking Glu+1 with Pro-Arg preference at +4 sorting in Endosomal-Basolateral-Lysosomal trafficking.,PF01217,Clat_adaptor_s,Clathrin adaptor complex small chain,[^E]..[RP]L[LI],VAIPLL,104,109,SNA4_YEAST,Saccharomyces cerevisiae S288c,19168755,true positive,18,1,ordered
ELME000528,TRG_DiLeu_BaLyEn_6,Adaptin binding Endosome-Lysosome-Basolateral sorting signals,TRG,Dileucine motifs lacking Glu+1 with Pro-Arg preference at +4 sorting in Endosomal-Basolateral-Lysosomal trafficking.,PF01217,Clat_adaptor_s,Clathrin adaptor complex small chain,[^E]..[RP]L[LI],VAIPLL,104,109,TDT_ARATH,Arabidopsis thaliana,21815974,true positive,18,1,ordered
ELME000528,TRG_DiLeu_BaLyEn_6,Adaptin binding Endosome-Lysosome-Basolateral sorting signals,TRG,Dileucine motifs lacking Glu+1 with Pro-Arg preference at +4 sorting in Endosomal-Basolateral-Lysosomal trafficking.,PF01217,Clat_adaptor_s,Clathrin adaptor complex small chain,[^E]..[RP]L[LI],VAIPLL,104,109,TPC1_ARATH,Arabidopsis thaliana,22490017,true positive,18,1,ordered
ELME000528,TRG_DiLeu_BaLyEn_6,Adaptin binding Endosome-Lysosome-Basolateral sorting signals,TRG,Dileucine motifs lacking Glu+1 with Pro-Arg preference at +4 sorting in Endosomal-Basolateral-Lysosomal trafficking.,PF01217,Clat_adaptor_s,Clathrin adaptor complex small chain,[^E]..[RP]L[LI],VAIPLL,104,109,TPC1_MOUSE,Mus musculus,22490017,true positive,18,1,ordered
ELME000528,TRG_DiLeu_BaLyEn_6,Adaptin binding Endosome-Lysosome-Basolateral sorting signals,TRG,Dileucine motifs lacking Glu+1 with Pro-Arg preference at +4 sorting in Endosomal-Basolateral-Lysosomal trafficking.,PF01217,Clat_adaptor_s,Clathrin adaptor complex small chain,[^E]..[RP]L[LI],VAIPLL,104,109,TYRP1_HUMAN,Homo sapiens,7642699,true positive,18,1,ordered
ELME000120,TRG_ENDOCYTIC_2,Y-based sorting signal,TRG,Tyrosine-based sorting signal responsible for the interaction with mu subunit of AP (Adaptor Protein) complex,PF00928,Adap_comp_sub,Adaptor complexes medium subunit family,Y..[LMVIF],YHVV,4,7,ASGR1_HUMAN,Homo sapiens,,true positive,15,1,ordered
ELME000120,TRG_ENDOCYTIC_2,Y-based sorting signal,TRG,Tyrosine-based sorting signal responsible for the interaction with mu subunit of AP (Adaptor Protein) complex,PF00928,Adap_comp_sub,Adaptor complexes medium subunit family,Y..[LMVIF],YHVV,4,7,CTLA4_HUMAN,Homo sapiens,,true positive,15,1,ordered
ELME000120,TRG_ENDOCYTIC_2,Y-based sorting signal,TRG,Tyrosine-based sorting signal responsible for the interaction with mu subunit of AP (Adaptor Protein) complex,PF00928,Adap_comp_sub,Adaptor complexes medium subunit family,Y..[LMVIF],YHVV,4,7,CTLA4_MOUSE,Mus musculus,9175836,true positive,15,1,ordered
ELME000120,TRG_ENDOCYTIC_2,Y-based sorting signal,TRG,Tyrosine-based sorting signal responsible for the interaction with mu subunit of AP (Adaptor Protein) complex,PF00928,Adap_comp_sub,Adaptor complexes medium subunit family,Y..[LMVIF],YHVV,4,7,EGFR_HUMAN,Homo sapiens,,true positive,15,1,ordered
ELME000120,TRG_ENDOCYTIC_2,Y-based sorting signal,TRG,Tyrosine-based sorting signal responsible for the interaction with mu subunit of AP (Adaptor Protein) complex,PF00928,Adap_comp_sub,Adaptor complexes medium subunit family,Y..[LMVIF],YHVV,4,7,ENV_BLV,Bovine leukemia virus,15254202,unknown,15,1,ordered
ELME000120,TRG_ENDOCYTIC_2,Y-based sorting signal,TRG,Tyrosine-based sorting signal responsible for the interaction with mu subunit of AP (Adaptor Protein) complex,PF00928,Adap_comp_sub,Adaptor complexes medium subunit family,Y..[LMVIF],YHVV,4,7,ENV_HTLV2,Human T-lymphotropic virus 2,20463077,true positive,15,1,ordered
ELME000120,TRG_ENDOCYTIC_2,Y-based sorting signal,TRG,Tyrosine-based sorting signal responsible for the interaction with mu subunit of AP (Adaptor Protein) complex,PF00928,Adap_comp_sub,Adaptor complexes medium subunit family,Y..[LMVIF],YHVV,4,7,ENV_HV1H2,HIV-1 M:B_HXB2R,9882340 12768012,true positive,15,1,ordered
ELME000120,TRG_ENDOCYTIC_2,Y-based sorting signal,TRG,Tyrosine-based sorting signal responsible for the interaction with mu subunit of AP (Adaptor Protein) complex,PF00928,Adap_comp_sub,Adaptor complexes medium subunit family,Y..[LMVIF],YHVV,4,7,ENV_SIVMK,Simian immunodeficiency virus - mac K6W,11208154,true positive,15,1,ordered
ELME000120,TRG_ENDOCYTIC_2,Y-based sorting signal,TRG,Tyrosine-based sorting signal responsible for the interaction with mu subunit of AP (Adaptor Protein) complex,PF00928,Adap_comp_sub,Adaptor complexes medium subunit family,Y..[LMVIF],YHVV,4,7,GE_VZVO,Human herpesvirus 3 strain Oka vaccine,9847342 8947032,true positive,15,1,ordered
ELME000120,TRG_ENDOCYTIC_2,Y-based sorting signal,TRG,Tyrosine-based sorting signal responsible for the interaction with mu subunit of AP (Adaptor Protein) complex,PF00928,Adap_comp_sub,Adaptor complexes medium subunit family,Y..[LMVIF],YHVV,4,7,L1CAM_HUMAN,Homo sapiens,,true positive,15,1,ordered
ELME000120,TRG_ENDOCYTIC_2,Y-based sorting signal,TRG,Tyrosine-based sorting signal responsible for the interaction with mu subunit of AP (Adaptor Protein) complex,PF00928,Adap_comp_sub,Adaptor complexes medium subunit family,Y..[LMVIF],YHVV,4,7,LAMP1_HUMAN,Homo sapiens,,true positive,15,1,ordered
ELME000120,TRG_ENDOCYTIC_2,Y-based sorting signal,TRG,Tyrosine-based sorting signal responsible for the interaction with mu subunit of AP (Adaptor Protein) complex,PF00928,Adap_comp_sub,Adaptor complexes medium subunit family,Y..[LMVIF],YHVV,4,7,PPAL_HUMAN,Homo sapiens,11044456 8509395,true positive,15,1,ordered
ELME000120,TRG_ENDOCYTIC_2,Y-based sorting signal,TRG,Tyrosine-based sorting signal responsible for the interaction with mu subunit of AP (Adaptor Protein) complex,PF00928,Adap_comp_sub,Adaptor complexes medium subunit family,Y..[LMVIF],YHVV,4,7,TFR1_HUMAN,Homo sapiens,1918016,true positive,15,1,ordered
ELME000120,TRG_ENDOCYTIC_2,Y-based sorting signal,TRG,Tyrosine-based sorting signal responsible for the interaction with mu subunit of AP (Adaptor Protein) complex,PF00928,Adap_comp_sub,Adaptor complexes medium subunit family,Y..[LMVIF],YHVV,4,7,TGON3_RAT,Rattus norvegicus,9812899,true positive,15,1,ordered
ELME000120,TRG_ENDOCYTIC_2,Y-based sorting signal,TRG,Tyrosine-based sorting signal responsible for the interaction with mu subunit of AP (Adaptor Protein) complex,PF00928,Adap_comp_sub,Adaptor complexes medium subunit family,Y..[LMVIF],YHVV,4,7,VGLG_VSIVA,Vesicular stomatitis Indiana virus strain San Juan,10637287,unknown,15,1,ordered
ELME000120,TRG_ENDOCYTIC_2,Y-based sorting signal,TRG,Tyrosine-based sorting signal responsible for the interaction with mu subunit of AP (Adaptor Protein) complex,PF00928,Adap_comp_sub,Adaptor complexes medium subunit family,Y..[LMVIF],YKKF,38,41,ASGR1_HUMAN,Homo sapiens,,true positive,15,1,ordered
ELME000120,TRG_ENDOCYTIC_2,Y-based sorting signal,TRG,Tyrosine-based sorting signal responsible for the interaction with mu subunit of AP (Adaptor Protein) complex,PF00928,Adap_comp_sub,Adaptor complexes medium subunit family,Y..[LMVIF],YKKF,38,41,CTLA4_HUMAN,Homo sapiens,,true positive,15,1,ordered
ELME000120,TRG_ENDOCYTIC_2,Y-based sorting signal,TRG,Tyrosine-based sorting signal responsible for the interaction with mu subunit of AP (Adaptor Protein) complex,PF00928,Adap_comp_sub,Adaptor complexes medium subunit family,Y..[LMVIF],YKKF,38,41,CTLA4_MOUSE,Mus musculus,9175836,true positive,15,1,ordered
ELME000120,TRG_ENDOCYTIC_2,Y-based sorting signal,TRG,Tyrosine-based sorting signal responsible for the interaction with mu subunit of AP (Adaptor Protein) complex,PF00928,Adap_comp_sub,Adaptor complexes medium subunit family,Y..[LMVIF],YKKF,38,41,EGFR_HUMAN,Homo sapiens,,true positive,15,1,ordered
ELME000120,TRG_ENDOCYTIC_2,Y-based sorting signal,TRG,Tyrosine-based sorting signal responsible for the interaction with mu subunit of AP (Adaptor Protein) complex,PF00928,Adap_comp_sub,Adaptor complexes medium subunit family,Y..[LMVIF],YKKF,38,41,ENV_BLV,Bovine leukemia virus,15254202,unknown,15,1,ordered
ELME000120,TRG_ENDOCYTIC_2,Y-based sorting signal,TRG,Tyrosine-based sorting signal responsible for the interaction with mu subunit of AP (Adaptor Protein) complex,PF00928,Adap_comp_sub,Adaptor complexes medium subunit family,Y..[LMVIF],YKKF,38,41,ENV_HTLV2,Human T-lymphotropic virus 2,20463077,true positive,15,1,ordered
ELME000120,TRG_ENDOCYTIC_2,Y-based sorting signal,TRG,Tyrosine-based sorting signal responsible for the interaction with mu subunit of AP (Adaptor Protein) complex,PF00928,Adap_comp_sub,Adaptor complexes medium subunit family,Y..[LMVIF],YKKF,38,41,ENV_HV1H2,HIV-1 M:B_HXB2R,9882340 12768012,true positive,15,1,ordered
ELME000120,TRG_ENDOCYTIC_2,Y-based sorting signal,TRG,Tyrosine-based sorting signal responsible for the interaction with mu subunit of AP (Adaptor Protein) complex,PF00928,Adap_comp_sub,Adaptor complexes medium subunit family,Y..[LMVIF],YKKF,38,41,ENV_SIVMK,Simian immunodeficiency virus - mac K6W,11208154,true positive,15,1,ordered
ELME000120,TRG_ENDOCYTIC_2,Y-based sorting signal,TRG,Tyrosine-based sorting signal responsible for the interaction with mu subunit of AP (Adaptor Protein) complex,PF00928,Adap_comp_sub,Adaptor complexes medium subunit family,Y..[LMVIF],YKKF,38,41,GE_VZVO,Human herpesvirus 3 strain Oka vaccine,9847342 8947032,true positive,15,1,ordered
ELME000120,TRG_ENDOCYTIC_2,Y-based sorting signal,TRG,Tyrosine-based sorting signal responsible for the interaction with mu subunit of AP (Adaptor Protein) complex,PF00928,Adap_comp_sub,Adaptor complexes medium subunit family,Y..[LMVIF],YKKF,38,41,L1CAM_HUMAN,Homo sapiens,,true positive,15,1,ordered
ELME000120,TRG_ENDOCYTIC_2,Y-based sorting signal,TRG,Tyrosine-based sorting signal responsible for the interaction with mu subunit of AP (Adaptor Protein) complex,PF00928,Adap_comp_sub,Adaptor complexes medium subunit family,Y..[LMVIF],YKKF,38,41,LAMP1_HUMAN,Homo sapiens,,true positive,15,1,ordered
ELME000120,TRG_ENDOCYTIC_2,Y-based sorting signal,TRG,Tyrosine-based sorting signal responsible for the interaction with mu subunit of AP (Adaptor Protein) complex,PF00928,Adap_comp_sub,Adaptor complexes medium subunit family,Y..[LMVIF],YKKF,38,41,PPAL_HUMAN,Homo sapiens,11044456 8509395,true positive,15,1,ordered
ELME000120,TRG_ENDOCYTIC_2,Y-based sorting signal,TRG,Tyrosine-based sorting signal responsible for the interaction with mu subunit of AP (Adaptor Protein) complex,PF00928,Adap_comp_sub,Adaptor complexes medium subunit family,Y..[LMVIF],YKKF,38,41,TFR1_HUMAN,Homo sapiens,1918016,true positive,15,1,ordered
ELME000120,TRG_ENDOCYTIC_2,Y-based sorting signal,TRG,Tyrosine-based sorting signal responsible for the interaction with mu subunit of AP (Adaptor Protein) complex,PF00928,Adap_comp_sub,Adaptor complexes medium subunit family,Y..[LMVIF],YKKF,38,41,TGON3_RAT,Rattus norvegicus,9812899,true positive,15,1,ordered
ELME000120,TRG_ENDOCYTIC_2,Y-based sorting signal,TRG,Tyrosine-based sorting signal responsible for the interaction with mu subunit of AP (Adaptor Protein) complex,PF00928,Adap_comp_sub,Adaptor complexes medium subunit family,Y..[LMVIF],YKKF,38,41,VGLG_VSIVA,Vesicular stomatitis Indiana virus strain San Juan,10637287,unknown,15,1,ordered
ELME000120,TRG_ENDOCYTIC_2,Y-based sorting signal,TRG,Tyrosine-based sorting signal responsible for the interaction with mu subunit of AP (Adaptor Protein) complex,PF00928,Adap_comp_sub,Adaptor complexes medium subunit family,Y..[LMVIF],YESI,89,92,ASGR1_HUMAN,Homo sapiens,,true positive,15,1,ordered
ELME000120,TRG_ENDOCYTIC_2,Y-based sorting signal,TRG,Tyrosine-based sorting signal responsible for the interaction with mu subunit of AP (Adaptor Protein) complex,PF00928,Adap_comp_sub,Adaptor complexes medium subunit family,Y..[LMVIF],YESI,89,92,CTLA4_HUMAN,Homo sapiens,,true positive,15,1,ordered
ELME000120,TRG_ENDOCYTIC_2,Y-based sorting signal,TRG,Tyrosine-based sorting signal responsible for the interaction with mu subunit of AP (Adaptor Protein) complex,PF00928,Adap_comp_sub,Adaptor complexes medium subunit family,Y..[LMVIF],YESI,89,92,CTLA4_MOUSE,Mus musculus,9175836,true positive,15,1,ordered
ELME000120,TRG_ENDOCYTIC_2,Y-based sorting signal,TRG,Tyrosine-based sorting signal responsible for the interaction with mu subunit of AP (Adaptor Protein) complex,PF00928,Adap_comp_sub,Adaptor complexes medium subunit family,Y..[LMVIF],YESI,89,92,EGFR_HUMAN,Homo sapiens,,true positive,15,1,ordered
ELME000120,TRG_ENDOCYTIC_2,Y-based sorting signal,TRG,Tyrosine-based sorting signal responsible for the interaction with mu subunit of AP (Adaptor Protein) complex,PF00928,Adap_comp_sub,Adaptor complexes medium subunit family,Y..[LMVIF],YESI,89,92,ENV_BLV,Bovine leukemia virus,15254202,unknown,15,1,ordered
ELME000120,TRG_ENDOCYTIC_2,Y-based sorting signal,TRG,Tyrosine-based sorting signal responsible for the interaction with mu subunit of AP (Adaptor Protein) complex,PF00928,Adap_comp_sub,Adaptor complexes medium subunit family,Y..[LMVIF],YESI,89,92,ENV_HTLV2,Human T-lymphotropic virus 2,20463077,true positive,15,1,ordered
ELME000120,TRG_ENDOCYTIC_2,Y-based sorting signal,TRG,Tyrosine-based sorting signal responsible for the interaction with mu subunit of AP (Adaptor Protein) complex,PF00928,Adap_comp_sub,Adaptor complexes medium subunit family,Y..[LMVIF],YESI,89,92,ENV_HV1H2,HIV-1 M:B_HXB2R,9882340 12768012,true positive,15,1,ordered
ELME000120,TRG_ENDOCYTIC_2,Y-based sorting signal,TRG,Tyrosine-based sorting signal responsible for the interaction with mu subunit of AP (Adaptor Protein) complex,PF00928,Adap_comp_sub,Adaptor complexes medium subunit family,Y..[LMVIF],YESI,89,92,ENV_SIVMK,Simian immunodeficiency virus - mac K6W,11208154,true positive,15,1,ordered
ELME000120,TRG_ENDOCYTIC_2,Y-based sorting signal,TRG,Tyrosine-based sorting signal responsible for the interaction with mu subunit of AP (Adaptor Protein) complex,PF00928,Adap_comp_sub,Adaptor complexes medium subunit family,Y..[LMVIF],YESI,89,92,GE_VZVO,Human herpesvirus 3 strain Oka vaccine,9847342 8947032,true positive,15,1,ordered
ELME000120,TRG_ENDOCYTIC_2,Y-based sorting signal,TRG,Tyrosine-based sorting signal responsible for the interaction with mu subunit of AP (Adaptor Protein) complex,PF00928,Adap_comp_sub,Adaptor complexes medium subunit family,Y..[LMVIF],YESI,89,92,L1CAM_HUMAN,Homo sapiens,,true positive,15,1,ordered
ELME000120,TRG_ENDOCYTIC_2,Y-based sorting signal,TRG,Tyrosine-based sorting signal responsible for the interaction with mu subunit of AP (Adaptor Protein) complex,PF00928,Adap_comp_sub,Adaptor complexes medium subunit family,Y..[LMVIF],YESI,89,92,LAMP1_HUMAN,Homo sapiens,,true positive,15,1,ordered
ELME000120,TRG_ENDOCYTIC_2,Y-based sorting signal,TRG,Tyrosine-based sorting signal responsible for the interaction with mu subunit of AP (Adaptor Protein) complex,PF00928,Adap_comp_sub,Adaptor complexes medium subunit family,Y..[LMVIF],YESI,89,92,PPAL_HUMAN,Homo sapiens,11044456 8509395,true positive,15,1,ordered
ELME000120,TRG_ENDOCYTIC_2,Y-based sorting signal,TRG,Tyrosine-based sorting signal responsible for the interaction with mu subunit of AP (Adaptor Protein) complex,PF00928,Adap_comp_sub,Adaptor complexes medium subunit family,Y..[LMVIF],YESI,89,92,TFR1_HUMAN,Homo sapiens,1918016,true positive,15,1,ordered
ELME000120,TRG_ENDOCYTIC_2,Y-based sorting signal,TRG,Tyrosine-based sorting signal responsible for the interaction with mu subunit of AP (Adaptor Protein) complex,PF00928,Adap_comp_sub,Adaptor complexes medium subunit family,Y..[LMVIF],YESI,89,92,TGON3_RAT,Rattus norvegicus,9812899,true positive,15,1,ordered
ELME000120,TRG_ENDOCYTIC_2,Y-based sorting signal,TRG,Tyrosine-based sorting signal responsible for the interaction with mu subunit of AP (Adaptor Protein) complex,PF00928,Adap_comp_sub,Adaptor complexes medium subunit family,Y..[LMVIF],YESI,89,92,VGLG_VSIVA,Vesicular stomatitis Indiana virus strain San Juan,10637287,unknown,15,1,ordered
ELME000120,TRG_ENDOCYTIC_2,Y-based sorting signal,TRG,Tyrosine-based sorting signal responsible for the interaction with mu subunit of AP (Adaptor Protein) complex,PF00928,Adap_comp_sub,Adaptor complexes medium subunit family,Y..[LMVIF],YKSV,101,104,ASGR1_HUMAN,Homo sapiens,,true positive,15,1,ordered
ELME000120,TRG_ENDOCYTIC_2,Y-based sorting signal,TRG,Tyrosine-based sorting signal responsible for the interaction with mu subunit of AP (Adaptor Protein) complex,PF00928,Adap_comp_sub,Adaptor complexes medium subunit family,Y..[LMVIF],YKSV,101,104,CTLA4_HUMAN,Homo sapiens,,true positive,15,1,ordered
ELME000120,TRG_ENDOCYTIC_2,Y-based sorting signal,TRG,Tyrosine-based sorting signal responsible for the interaction with mu subunit of AP (Adaptor Protein) complex,PF00928,Adap_comp_sub,Adaptor complexes medium subunit family,Y..[LMVIF],YKSV,101,104,CTLA4_MOUSE,Mus musculus,9175836,true positive,15,1,ordered
ELME000120,TRG_ENDOCYTIC_2,Y-based sorting signal,TRG,Tyrosine-based sorting signal responsible for the interaction with mu subunit of AP (Adaptor Protein) complex,PF00928,Adap_comp_sub,Adaptor complexes medium subunit family,Y..[LMVIF],YKSV,101,104,EGFR_HUMAN,Homo sapiens,,true positive,15,1,ordered
ELME000120,TRG_ENDOCYTIC_2,Y-based sorting signal,TRG,Tyrosine-based sorting signal responsible for the interaction with mu subunit of AP (Adaptor Protein) complex,PF00928,Adap_comp_sub,Adaptor complexes medium subunit family,Y..[LMVIF],YKSV,101,104,ENV_BLV,Bovine leukemia virus,15254202,unknown,15,1,ordered
ELME000120,TRG_ENDOCYTIC_2,Y-based sorting signal,TRG,Tyrosine-based sorting signal responsible for the interaction with mu subunit of AP (Adaptor Protein) complex,PF00928,Adap_comp_sub,Adaptor complexes medium subunit family,Y..[LMVIF],YKSV,101,104,ENV_HTLV2,Human T-lymphotropic virus 2,20463077,true positive,15,1,ordered
ELME000120,TRG_ENDOCYTIC_2,Y-based sorting signal,TRG,Tyrosine-based sorting signal responsible for the interaction with mu subunit of AP (Adaptor Protein) complex,PF00928,Adap_comp_sub,Adaptor complexes medium subunit family,Y..[LMVIF],YKSV,101,104,ENV_HV1H2,HIV-1 M:B_HXB2R,9882340 12768012,true positive,15,1,ordered
ELME000120,TRG_ENDOCYTIC_2,Y-based sorting signal,TRG,Tyrosine-based sorting signal responsible for the interaction with mu subunit of AP (Adaptor Protein) complex,PF00928,Adap_comp_sub,Adaptor complexes medium subunit family,Y..[LMVIF],YKSV,101,104,ENV_SIVMK,Simian immunodeficiency virus - mac K6W,11208154,true positive,15,1,ordered
ELME000120,TRG_ENDOCYTIC_2,Y-based sorting signal,TRG,Tyrosine-based sorting signal responsible for the interaction with mu subunit of AP (Adaptor Protein) complex,PF00928,Adap_comp_sub,Adaptor complexes medium subunit family,Y..[LMVIF],YKSV,101,104,GE_VZVO,Human herpesvirus 3 strain Oka vaccine,9847342 8947032,true positive,15,1,ordered
ELME000120,TRG_ENDOCYTIC_2,Y-based sorting signal,TRG,Tyrosine-based sorting signal responsible for the interaction with mu subunit of AP (Adaptor Protein) complex,PF00928,Adap_comp_sub,Adaptor complexes medium subunit family,Y..[LMVIF],YKSV,101,104,L1CAM_HUMAN,Homo sapiens,,true positive,15,1,ordered
ELME000120,TRG_ENDOCYTIC_2,Y-based sorting signal,TRG,Tyrosine-based sorting signal responsible for the interaction with mu subunit of AP (Adaptor Protein) complex,PF00928,Adap_comp_sub,Adaptor complexes medium subunit family,Y..[LMVIF],YKSV,101,104,LAMP1_HUMAN,Homo sapiens,,true positive,15,1,ordered
ELME000120,TRG_ENDOCYTIC_2,Y-based sorting signal,TRG,Tyrosine-based sorting signal responsible for the interaction with mu subunit of AP (Adaptor Protein) complex,PF00928,Adap_comp_sub,Adaptor complexes medium subunit family,Y..[LMVIF],YKSV,101,104,PPAL_HUMAN,Homo sapiens,11044456 8509395,true positive,15,1,ordered
ELME000120,TRG_ENDOCYTIC_2,Y-based sorting signal,TRG,Tyrosine-based sorting signal responsible for the interaction with mu subunit of AP (Adaptor Protein) complex,PF00928,Adap_comp_sub,Adaptor complexes medium subunit family,Y..[LMVIF],YKSV,101,104,TFR1_HUMAN,Homo sapiens,1918016,true positive,15,1,ordered
ELME000120,TRG_ENDOCYTIC_2,Y-based sorting signal,TRG,Tyrosine-based sorting signal responsible for the interaction with mu subunit of AP (Adaptor Protein) complex,PF00928,Adap_comp_sub,Adaptor complexes medium subunit family,Y..[LMVIF],YKSV,101,104,TGON3_RAT,Rattus norvegicus,9812899,true positive,15,1,ordered
ELME000120,TRG_ENDOCYTIC_2,Y-based sorting signal,TRG,Tyrosine-based sorting signal responsible for the interaction with mu subunit of AP (Adaptor Protein) complex,PF00928,Adap_comp_sub,Adaptor complexes medium subunit family,Y..[LMVIF],YKSV,101,104,VGLG_VSIVA,Vesicular stomatitis Indiana virus strain San Juan,10637287,unknown,15,1,ordered
ELME000012,TRG_ER_diArg_1,di Arginine retention/retrieving signal,TRG,The di-Arg ER retention motif is defined by two consecutive arginine residues (RR) or with a single residue insertion (RXR). The motif is completed by an adjacent hydrophobic/arginine residue which may be on either side of the Arg pair.,PF00400,WD40,"WD domain, G-beta repeat","([LIVMFYWPR]R[^YFWDE]{0,1}R)|(R[^YFWDE]{0,1}R[LIVMFYWPR])",RRM,449,451,ABCC8_HUMAN,Homo sapiens,10197533,true positive,27,0,ordered
ELME000012,TRG_ER_diArg_1,di Arginine retention/retrieving signal,TRG,The di-Arg ER retention motif is defined by two consecutive arginine residues (RR) or with a single residue insertion (RXR). The motif is completed by an adjacent hydrophobic/arginine residue which may be on either side of the Arg pair.,PF00400,WD40,"WD domain, G-beta repeat","([LIVMFYWPR]R[^YFWDE]{0,1}R)|(R[^YFWDE]{0,1}R[LIVMFYWPR])",RRM,449,451,ADA10_HUMAN,Homo sapiens,20100836,true positive,27,0,ordered
ELME000012,TRG_ER_diArg_1,di Arginine retention/retrieving signal,TRG,The di-Arg ER retention motif is defined by two consecutive arginine residues (RR) or with a single residue insertion (RXR). The motif is completed by an adjacent hydrophobic/arginine residue which may be on either side of the Arg pair.,PF00400,WD40,"WD domain, G-beta repeat","([LIVMFYWPR]R[^YFWDE]{0,1}R)|(R[^YFWDE]{0,1}R[LIVMFYWPR])",RRM,449,451,ADA22_HUMAN,Homo sapiens,16868027,true positive,27,0,ordered
ELME000012,TRG_ER_diArg_1,di Arginine retention/retrieving signal,TRG,The di-Arg ER retention motif is defined by two consecutive arginine residues (RR) or with a single residue insertion (RXR). The motif is completed by an adjacent hydrophobic/arginine residue which may be on either side of the Arg pair.,PF00400,WD40,"WD domain, G-beta repeat","([LIVMFYWPR]R[^YFWDE]{0,1}R)|(R[^YFWDE]{0,1}R[LIVMFYWPR])",RRM,449,451,C8ZIX9_YEAS8,Saccharomyces cerevisiae EC1118,18083825,true positive,27,0,ordered
ELME000012,TRG_ER_diArg_1,di Arginine retention/retrieving signal,TRG,The di-Arg ER retention motif is defined by two consecutive arginine residues (RR) or with a single residue insertion (RXR). The motif is completed by an adjacent hydrophobic/arginine residue which may be on either side of the Arg pair.,PF00400,WD40,"WD domain, G-beta repeat","([LIVMFYWPR]R[^YFWDE]{0,1}R)|(R[^YFWDE]{0,1}R[LIVMFYWPR])",RRM,449,451,GABR1_HUMAN,Homo sapiens,10939334,true positive,27,0,ordered
ELME000012,TRG_ER_diArg_1,di Arginine retention/retrieving signal,TRG,The di-Arg ER retention motif is defined by two consecutive arginine residues (RR) or with a single residue insertion (RXR). The motif is completed by an adjacent hydrophobic/arginine residue which may be on either side of the Arg pair.,PF00400,WD40,"WD domain, G-beta repeat","([LIVMFYWPR]R[^YFWDE]{0,1}R)|(R[^YFWDE]{0,1}R[LIVMFYWPR])",RRM,449,451,GPR15_HUMAN,Homo sapiens,21189250,true positive,27,0,ordered
ELME000012,TRG_ER_diArg_1,di Arginine retention/retrieving signal,TRG,The di-Arg ER retention motif is defined by two consecutive arginine residues (RR) or with a single residue insertion (RXR). The motif is completed by an adjacent hydrophobic/arginine residue which may be on either side of the Arg pair.,PF00400,WD40,"WD domain, G-beta repeat","([LIVMFYWPR]R[^YFWDE]{0,1}R)|(R[^YFWDE]{0,1}R[LIVMFYWPR])",RRM,449,451,GRIK5_HUMAN,Homo sapiens,12878702,true positive,27,0,ordered
ELME000012,TRG_ER_diArg_1,di Arginine retention/retrieving signal,TRG,The di-Arg ER retention motif is defined by two consecutive arginine residues (RR) or with a single residue insertion (RXR). The motif is completed by an adjacent hydrophobic/arginine residue which may be on either side of the Arg pair.,PF00400,WD40,"WD domain, G-beta repeat","([LIVMFYWPR]R[^YFWDE]{0,1}R)|(R[^YFWDE]{0,1}R[LIVMFYWPR])",RRM,449,451,HG2A_HUMAN,Homo sapiens,8157008,true positive,27,0,ordered
ELME000012,TRG_ER_diArg_1,di Arginine retention/retrieving signal,TRG,The di-Arg ER retention motif is defined by two consecutive arginine residues (RR) or with a single residue insertion (RXR). The motif is completed by an adjacent hydrophobic/arginine residue which may be on either side of the Arg pair.,PF00400,WD40,"WD domain, G-beta repeat","([LIVMFYWPR]R[^YFWDE]{0,1}R)|(R[^YFWDE]{0,1}R[LIVMFYWPR])",RRM,449,451,HMDH_NICSY,Nicotiana sylvestris,8970721,true positive,27,0,ordered
ELME000012,TRG_ER_diArg_1,di Arginine retention/retrieving signal,TRG,The di-Arg ER retention motif is defined by two consecutive arginine residues (RR) or with a single residue insertion (RXR). The motif is completed by an adjacent hydrophobic/arginine residue which may be on either side of the Arg pair.,PF00400,WD40,"WD domain, G-beta repeat","([LIVMFYWPR]R[^YFWDE]{0,1}R)|(R[^YFWDE]{0,1}R[LIVMFYWPR])",RRM,449,451,IRK11_HUMAN,Homo sapiens,10197533 12699619,true positive,27,0,ordered
ELME000012,TRG_ER_diArg_1,di Arginine retention/retrieving signal,TRG,The di-Arg ER retention motif is defined by two consecutive arginine residues (RR) or with a single residue insertion (RXR). The motif is completed by an adjacent hydrophobic/arginine residue which may be on either side of the Arg pair.,PF00400,WD40,"WD domain, G-beta repeat","([LIVMFYWPR]R[^YFWDE]{0,1}R)|(R[^YFWDE]{0,1}R[LIVMFYWPR])",RRM,449,451,IRK8_HUMAN,Homo sapiens,10197533,true positive,27,0,ordered
ELME000012,TRG_ER_diArg_1,di Arginine retention/retrieving signal,TRG,The di-Arg ER retention motif is defined by two consecutive arginine residues (RR) or with a single residue insertion (RXR). The motif is completed by an adjacent hydrophobic/arginine residue which may be on either side of the Arg pair.,PF00400,WD40,"WD domain, G-beta repeat","([LIVMFYWPR]R[^YFWDE]{0,1}R)|(R[^YFWDE]{0,1}R[LIVMFYWPR])",RRM,449,451,MSHR_HUMAN,Homo sapiens,19452503,true positive,27,0,ordered
ELME000012,TRG_ER_diArg_1,di Arginine retention/retrieving signal,TRG,The di-Arg ER retention motif is defined by two consecutive arginine residues (RR) or with a single residue insertion (RXR). The motif is completed by an adjacent hydrophobic/arginine residue which may be on either side of the Arg pair.,PF00400,WD40,"WD domain, G-beta repeat","([LIVMFYWPR]R[^YFWDE]{0,1}R)|(R[^YFWDE]{0,1}R[LIVMFYWPR])",RRM,449,451,NMDZ1_HUMAN,Homo sapiens,11163274,true positive,27,0,ordered
ELME000012,TRG_ER_diArg_1,di Arginine retention/retrieving signal,TRG,The di-Arg ER retention motif is defined by two consecutive arginine residues (RR) or with a single residue insertion (RXR). The motif is completed by an adjacent hydrophobic/arginine residue which may be on either side of the Arg pair.,PF00400,WD40,"WD domain, G-beta repeat","([LIVMFYWPR]R[^YFWDE]{0,1}R)|(R[^YFWDE]{0,1}R[LIVMFYWPR])",RRM,449,451,NMDZ1_HUMAN,Homo sapiens,11312291,true positive,27,0,ordered
ELME000012,TRG_ER_diArg_1,di Arginine retention/retrieving signal,TRG,The di-Arg ER retention motif is defined by two consecutive arginine residues (RR) or with a single residue insertion (RXR). The motif is completed by an adjacent hydrophobic/arginine residue which may be on either side of the Arg pair.,PF00400,WD40,"WD domain, G-beta repeat","([LIVMFYWPR]R[^YFWDE]{0,1}R)|(R[^YFWDE]{0,1}R[LIVMFYWPR])",RRM,449,451,P2RX7_HUMAN,Homo sapiens,19263245,true positive,27,0,ordered
ELME000012,TRG_ER_diArg_1,di Arginine retention/retrieving signal,TRG,The di-Arg ER retention motif is defined by two consecutive arginine residues (RR) or with a single residue insertion (RXR). The motif is completed by an adjacent hydrophobic/arginine residue which may be on either side of the Arg pair.,PF00400,WD40,"WD domain, G-beta repeat","([LIVMFYWPR]R[^YFWDE]{0,1}R)|(R[^YFWDE]{0,1}R[LIVMFYWPR])",RRM,449,451,PAR4_HUMAN,Homo sapiens,22411985,true positive,27,0,ordered
ELME000012,TRG_ER_diArg_1,di Arginine retention/retrieving signal,TRG,The di-Arg ER retention motif is defined by two consecutive arginine residues (RR) or with a single residue insertion (RXR). The motif is completed by an adjacent hydrophobic/arginine residue which may be on either side of the Arg pair.,PF00400,WD40,"WD domain, G-beta repeat","([LIVMFYWPR]R[^YFWDE]{0,1}R)|(R[^YFWDE]{0,1}R[LIVMFYWPR])",RRM,449,451,PPLA_HUMAN,Homo sapiens,20634894,true positive,27,0,ordered
ELME000012,TRG_ER_diArg_1,di Arginine retention/retrieving signal,TRG,The di-Arg ER retention motif is defined by two consecutive arginine residues (RR) or with a single residue insertion (RXR). The motif is completed by an adjacent hydrophobic/arginine residue which may be on either side of the Arg pair.,PF00400,WD40,"WD domain, G-beta repeat","([LIVMFYWPR]R[^YFWDE]{0,1}R)|(R[^YFWDE]{0,1}R[LIVMFYWPR])",RRM,449,451,Q58F09_HUMAN,Homo sapiens,12626409,true positive,27,0,ordered
ELME000012,TRG_ER_diArg_1,di Arginine retention/retrieving signal,TRG,The di-Arg ER retention motif is defined by two consecutive arginine residues (RR) or with a single residue insertion (RXR). The motif is completed by an adjacent hydrophobic/arginine residue which may be on either side of the Arg pair.,PF00400,WD40,"WD domain, G-beta repeat","([LIVMFYWPR]R[^YFWDE]{0,1}R)|(R[^YFWDE]{0,1}R[LIVMFYWPR])",RRM,449,451,S12A5_RAT,Rattus norvegicus,19679663,true positive,27,0,ordered
ELME000012,TRG_ER_diArg_1,di Arginine retention/retrieving signal,TRG,The di-Arg ER retention motif is defined by two consecutive arginine residues (RR) or with a single residue insertion (RXR). The motif is completed by an adjacent hydrophobic/arginine residue which may be on either side of the Arg pair.,PF00400,WD40,"WD domain, G-beta repeat","([LIVMFYWPR]R[^YFWDE]{0,1}R)|(R[^YFWDE]{0,1}R[LIVMFYWPR])",RRM,449,451,SCNAA_RAT,Rattus norvegicus,18782866,true positive,27,0,ordered
ELME000012,TRG_ER_diArg_1,di Arginine retention/retrieving signal,TRG,The di-Arg ER retention motif is defined by two consecutive arginine residues (RR) or with a single residue insertion (RXR). The motif is completed by an adjacent hydrophobic/arginine residue which may be on either side of the Arg pair.,PF00400,WD40,"WD domain, G-beta repeat","([LIVMFYWPR]R[^YFWDE]{0,1}R)|(R[^YFWDE]{0,1}R[LIVMFYWPR])",RRM,449,451,SGMR1_HUMAN,Homo sapiens,20634894,true positive,27,0,ordered
ELME000012,TRG_ER_diArg_1,di Arginine retention/retrieving signal,TRG,The di-Arg ER retention motif is defined by two consecutive arginine residues (RR) or with a single residue insertion (RXR). The motif is completed by an adjacent hydrophobic/arginine residue which may be on either side of the Arg pair.,PF00400,WD40,"WD domain, G-beta repeat","([LIVMFYWPR]R[^YFWDE]{0,1}R)|(R[^YFWDE]{0,1}R[LIVMFYWPR])",RRM,449,451,SIAT9_MOUSE,Mus musculus,19420140,true positive,27,0,ordered
ELME000012,TRG_ER_diArg_1,di Arginine retention/retrieving signal,TRG,The di-Arg ER retention motif is defined by two consecutive arginine residues (RR) or with a single residue insertion (RXR). The motif is completed by an adjacent hydrophobic/arginine residue which may be on either side of the Arg pair.,PF00400,WD40,"WD domain, G-beta repeat","([LIVMFYWPR]R[^YFWDE]{0,1}R)|(R[^YFWDE]{0,1}R[LIVMFYWPR])",RRM,449,451,SOAT1_HUMAN,Homo sapiens,20634894,true positive,27,0,ordered
ELME000012,TRG_ER_diArg_1,di Arginine retention/retrieving signal,TRG,The di-Arg ER retention motif is defined by two consecutive arginine residues (RR) or with a single residue insertion (RXR). The motif is completed by an adjacent hydrophobic/arginine residue which may be on either side of the Arg pair.,PF00400,WD40,"WD domain, G-beta repeat","([LIVMFYWPR]R[^YFWDE]{0,1}R)|(R[^YFWDE]{0,1}R[LIVMFYWPR])",RRM,449,451,SRPRB_HUMAN,Homo sapiens,20634894,true positive,27,0,ordered
ELME000012,TRG_ER_diArg_1,di Arginine retention/retrieving signal,TRG,The di-Arg ER retention motif is defined by two consecutive arginine residues (RR) or with a single residue insertion (RXR). The motif is completed by an adjacent hydrophobic/arginine residue which may be on either side of the Arg pair.,PF00400,WD40,"WD domain, G-beta repeat","([LIVMFYWPR]R[^YFWDE]{0,1}R)|(R[^YFWDE]{0,1}R[LIVMFYWPR])",RRM,449,451,V2R_HUMAN,Homo sapiens,11641431,true positive,27,0,ordered
ELME000012,TRG_ER_diArg_1,di Arginine retention/retrieving signal,TRG,The di-Arg ER retention motif is defined by two consecutive arginine residues (RR) or with a single residue insertion (RXR). The motif is completed by an adjacent hydrophobic/arginine residue which may be on either side of the Arg pair.,PF00400,WD40,"WD domain, G-beta repeat","([LIVMFYWPR]R[^YFWDE]{0,1}R)|(R[^YFWDE]{0,1}R[LIVMFYWPR])",PRTR,473,476,ABCC8_HUMAN,Homo sapiens,10197533,true positive,27,0,disordered
ELME000012,TRG_ER_diArg_1,di Arginine retention/retrieving signal,TRG,The di-Arg ER retention motif is defined by two consecutive arginine residues (RR) or with a single residue insertion (RXR). The motif is completed by an adjacent hydrophobic/arginine residue which may be on either side of the Arg pair.,PF00400,WD40,"WD domain, G-beta repeat","([LIVMFYWPR]R[^YFWDE]{0,1}R)|(R[^YFWDE]{0,1}R[LIVMFYWPR])",PRTR,473,476,ADA10_HUMAN,Homo sapiens,20100836,true positive,27,0,disordered
ELME000012,TRG_ER_diArg_1,di Arginine retention/retrieving signal,TRG,The di-Arg ER retention motif is defined by two consecutive arginine residues (RR) or with a single residue insertion (RXR). The motif is completed by an adjacent hydrophobic/arginine residue which may be on either side of the Arg pair.,PF00400,WD40,"WD domain, G-beta repeat","([LIVMFYWPR]R[^YFWDE]{0,1}R)|(R[^YFWDE]{0,1}R[LIVMFYWPR])",PRTR,473,476,ADA22_HUMAN,Homo sapiens,16868027,true positive,27,0,disordered
ELME000012,TRG_ER_diArg_1,di Arginine retention/retrieving signal,TRG,The di-Arg ER retention motif is defined by two consecutive arginine residues (RR) or with a single residue insertion (RXR). The motif is completed by an adjacent hydrophobic/arginine residue which may be on either side of the Arg pair.,PF00400,WD40,"WD domain, G-beta repeat","([LIVMFYWPR]R[^YFWDE]{0,1}R)|(R[^YFWDE]{0,1}R[LIVMFYWPR])",PRTR,473,476,C8ZIX9_YEAS8,Saccharomyces cerevisiae EC1118,18083825,true positive,27,0,disordered
ELME000012,TRG_ER_diArg_1,di Arginine retention/retrieving signal,TRG,The di-Arg ER retention motif is defined by two consecutive arginine residues (RR) or with a single residue insertion (RXR). The motif is completed by an adjacent hydrophobic/arginine residue which may be on either side of the Arg pair.,PF00400,WD40,"WD domain, G-beta repeat","([LIVMFYWPR]R[^YFWDE]{0,1}R)|(R[^YFWDE]{0,1}R[LIVMFYWPR])",PRTR,473,476,GABR1_HUMAN,Homo sapiens,10939334,true positive,27,0,disordered
ELME000012,TRG_ER_diArg_1,di Arginine retention/retrieving signal,TRG,The di-Arg ER retention motif is defined by two consecutive arginine residues (RR) or with a single residue insertion (RXR). The motif is completed by an adjacent hydrophobic/arginine residue which may be on either side of the Arg pair.,PF00400,WD40,"WD domain, G-beta repeat","([LIVMFYWPR]R[^YFWDE]{0,1}R)|(R[^YFWDE]{0,1}R[LIVMFYWPR])",PRTR,473,476,GPR15_HUMAN,Homo sapiens,21189250,true positive,27,0,disordered
ELME000012,TRG_ER_diArg_1,di Arginine retention/retrieving signal,TRG,The di-Arg ER retention motif is defined by two consecutive arginine residues (RR) or with a single residue insertion (RXR). The motif is completed by an adjacent hydrophobic/arginine residue which may be on either side of the Arg pair.,PF00400,WD40,"WD domain, G-beta repeat","([LIVMFYWPR]R[^YFWDE]{0,1}R)|(R[^YFWDE]{0,1}R[LIVMFYWPR])",PRTR,473,476,GRIK5_HUMAN,Homo sapiens,12878702,true positive,27,0,disordered
ELME000012,TRG_ER_diArg_1,di Arginine retention/retrieving signal,TRG,The di-Arg ER retention motif is defined by two consecutive arginine residues (RR) or with a single residue insertion (RXR). The motif is completed by an adjacent hydrophobic/arginine residue which may be on either side of the Arg pair.,PF00400,WD40,"WD domain, G-beta repeat","([LIVMFYWPR]R[^YFWDE]{0,1}R)|(R[^YFWDE]{0,1}R[LIVMFYWPR])",PRTR,473,476,HG2A_HUMAN,Homo sapiens,8157008,true positive,27,0,disordered
ELME000012,TRG_ER_diArg_1,di Arginine retention/retrieving signal,TRG,The di-Arg ER retention motif is defined by two consecutive arginine residues (RR) or with a single residue insertion (RXR). The motif is completed by an adjacent hydrophobic/arginine residue which may be on either side of the Arg pair.,PF00400,WD40,"WD domain, G-beta repeat","([LIVMFYWPR]R[^YFWDE]{0,1}R)|(R[^YFWDE]{0,1}R[LIVMFYWPR])",PRTR,473,476,HMDH_NICSY,Nicotiana sylvestris,8970721,true positive,27,0,disordered
ELME000012,TRG_ER_diArg_1,di Arginine retention/retrieving signal,TRG,The di-Arg ER retention motif is defined by two consecutive arginine residues (RR) or with a single residue insertion (RXR). The motif is completed by an adjacent hydrophobic/arginine residue which may be on either side of the Arg pair.,PF00400,WD40,"WD domain, G-beta repeat","([LIVMFYWPR]R[^YFWDE]{0,1}R)|(R[^YFWDE]{0,1}R[LIVMFYWPR])",PRTR,473,476,IRK11_HUMAN,Homo sapiens,10197533 12699619,true positive,27,0,disordered
ELME000012,TRG_ER_diArg_1,di Arginine retention/retrieving signal,TRG,The di-Arg ER retention motif is defined by two consecutive arginine residues (RR) or with a single residue insertion (RXR). The motif is completed by an adjacent hydrophobic/arginine residue which may be on either side of the Arg pair.,PF00400,WD40,"WD domain, G-beta repeat","([LIVMFYWPR]R[^YFWDE]{0,1}R)|(R[^YFWDE]{0,1}R[LIVMFYWPR])",PRTR,473,476,IRK8_HUMAN,Homo sapiens,10197533,true positive,27,0,disordered
ELME000012,TRG_ER_diArg_1,di Arginine retention/retrieving signal,TRG,The di-Arg ER retention motif is defined by two consecutive arginine residues (RR) or with a single residue insertion (RXR). The motif is completed by an adjacent hydrophobic/arginine residue which may be on either side of the Arg pair.,PF00400,WD40,"WD domain, G-beta repeat","([LIVMFYWPR]R[^YFWDE]{0,1}R)|(R[^YFWDE]{0,1}R[LIVMFYWPR])",PRTR,473,476,MSHR_HUMAN,Homo sapiens,19452503,true positive,27,0,disordered
ELME000012,TRG_ER_diArg_1,di Arginine retention/retrieving signal,TRG,The di-Arg ER retention motif is defined by two consecutive arginine residues (RR) or with a single residue insertion (RXR). The motif is completed by an adjacent hydrophobic/arginine residue which may be on either side of the Arg pair.,PF00400,WD40,"WD domain, G-beta repeat","([LIVMFYWPR]R[^YFWDE]{0,1}R)|(R[^YFWDE]{0,1}R[LIVMFYWPR])",PRTR,473,476,NMDZ1_HUMAN,Homo sapiens,11163274,true positive,27,0,disordered
ELME000012,TRG_ER_diArg_1,di Arginine retention/retrieving signal,TRG,The di-Arg ER retention motif is defined by two consecutive arginine residues (RR) or with a single residue insertion (RXR). The motif is completed by an adjacent hydrophobic/arginine residue which may be on either side of the Arg pair.,PF00400,WD40,"WD domain, G-beta repeat","([LIVMFYWPR]R[^YFWDE]{0,1}R)|(R[^YFWDE]{0,1}R[LIVMFYWPR])",PRTR,473,476,NMDZ1_HUMAN,Homo sapiens,11312291,true positive,27,0,disordered
ELME000012,TRG_ER_diArg_1,di Arginine retention/retrieving signal,TRG,The di-Arg ER retention motif is defined by two consecutive arginine residues (RR) or with a single residue insertion (RXR). The motif is completed by an adjacent hydrophobic/arginine residue which may be on either side of the Arg pair.,PF00400,WD40,"WD domain, G-beta repeat","([LIVMFYWPR]R[^YFWDE]{0,1}R)|(R[^YFWDE]{0,1}R[LIVMFYWPR])",PRTR,473,476,P2RX7_HUMAN,Homo sapiens,19263245,true positive,27,0,disordered
ELME000012,TRG_ER_diArg_1,di Arginine retention/retrieving signal,TRG,The di-Arg ER retention motif is defined by two consecutive arginine residues (RR) or with a single residue insertion (RXR). The motif is completed by an adjacent hydrophobic/arginine residue which may be on either side of the Arg pair.,PF00400,WD40,"WD domain, G-beta repeat","([LIVMFYWPR]R[^YFWDE]{0,1}R)|(R[^YFWDE]{0,1}R[LIVMFYWPR])",PRTR,473,476,PAR4_HUMAN,Homo sapiens,22411985,true positive,27,0,disordered
ELME000012,TRG_ER_diArg_1,di Arginine retention/retrieving signal,TRG,The di-Arg ER retention motif is defined by two consecutive arginine residues (RR) or with a single residue insertion (RXR). The motif is completed by an adjacent hydrophobic/arginine residue which may be on either side of the Arg pair.,PF00400,WD40,"WD domain, G-beta repeat","([LIVMFYWPR]R[^YFWDE]{0,1}R)|(R[^YFWDE]{0,1}R[LIVMFYWPR])",PRTR,473,476,PPLA_HUMAN,Homo sapiens,20634894,true positive,27,0,disordered
ELME000012,TRG_ER_diArg_1,di Arginine retention/retrieving signal,TRG,The di-Arg ER retention motif is defined by two consecutive arginine residues (RR) or with a single residue insertion (RXR). The motif is completed by an adjacent hydrophobic/arginine residue which may be on either side of the Arg pair.,PF00400,WD40,"WD domain, G-beta repeat","([LIVMFYWPR]R[^YFWDE]{0,1}R)|(R[^YFWDE]{0,1}R[LIVMFYWPR])",PRTR,473,476,Q58F09_HUMAN,Homo sapiens,12626409,true positive,27,0,disordered
ELME000012,TRG_ER_diArg_1,di Arginine retention/retrieving signal,TRG,The di-Arg ER retention motif is defined by two consecutive arginine residues (RR) or with a single residue insertion (RXR). The motif is completed by an adjacent hydrophobic/arginine residue which may be on either side of the Arg pair.,PF00400,WD40,"WD domain, G-beta repeat","([LIVMFYWPR]R[^YFWDE]{0,1}R)|(R[^YFWDE]{0,1}R[LIVMFYWPR])",PRTR,473,476,S12A5_RAT,Rattus norvegicus,19679663,true positive,27,0,disordered
ELME000012,TRG_ER_diArg_1,di Arginine retention/retrieving signal,TRG,The di-Arg ER retention motif is defined by two consecutive arginine residues (RR) or with a single residue insertion (RXR). The motif is completed by an adjacent hydrophobic/arginine residue which may be on either side of the Arg pair.,PF00400,WD40,"WD domain, G-beta repeat","([LIVMFYWPR]R[^YFWDE]{0,1}R)|(R[^YFWDE]{0,1}R[LIVMFYWPR])",PRTR,473,476,SCNAA_RAT,Rattus norvegicus,18782866,true positive,27,0,disordered
ELME000012,TRG_ER_diArg_1,di Arginine retention/retrieving signal,TRG,The di-Arg ER retention motif is defined by two consecutive arginine residues (RR) or with a single residue insertion (RXR). The motif is completed by an adjacent hydrophobic/arginine residue which may be on either side of the Arg pair.,PF00400,WD40,"WD domain, G-beta repeat","([LIVMFYWPR]R[^YFWDE]{0,1}R)|(R[^YFWDE]{0,1}R[LIVMFYWPR])",PRTR,473,476,SGMR1_HUMAN,Homo sapiens,20634894,true positive,27,0,disordered
ELME000012,TRG_ER_diArg_1,di Arginine retention/retrieving signal,TRG,The di-Arg ER retention motif is defined by two consecutive arginine residues (RR) or with a single residue insertion (RXR). The motif is completed by an adjacent hydrophobic/arginine residue which may be on either side of the Arg pair.,PF00400,WD40,"WD domain, G-beta repeat","([LIVMFYWPR]R[^YFWDE]{0,1}R)|(R[^YFWDE]{0,1}R[LIVMFYWPR])",PRTR,473,476,SIAT9_MOUSE,Mus musculus,19420140,true positive,27,0,disordered
ELME000012,TRG_ER_diArg_1,di Arginine retention/retrieving signal,TRG,The di-Arg ER retention motif is defined by two consecutive arginine residues (RR) or with a single residue insertion (RXR). The motif is completed by an adjacent hydrophobic/arginine residue which may be on either side of the Arg pair.,PF00400,WD40,"WD domain, G-beta repeat","([LIVMFYWPR]R[^YFWDE]{0,1}R)|(R[^YFWDE]{0,1}R[LIVMFYWPR])",PRTR,473,476,SOAT1_HUMAN,Homo sapiens,20634894,true positive,27,0,disordered
ELME000012,TRG_ER_diArg_1,di Arginine retention/retrieving signal,TRG,The di-Arg ER retention motif is defined by two consecutive arginine residues (RR) or with a single residue insertion (RXR). The motif is completed by an adjacent hydrophobic/arginine residue which may be on either side of the Arg pair.,PF00400,WD40,"WD domain, G-beta repeat","([LIVMFYWPR]R[^YFWDE]{0,1}R)|(R[^YFWDE]{0,1}R[LIVMFYWPR])",PRTR,473,476,SRPRB_HUMAN,Homo sapiens,20634894,true positive,27,0,disordered
ELME000012,TRG_ER_diArg_1,di Arginine retention/retrieving signal,TRG,The di-Arg ER retention motif is defined by two consecutive arginine residues (RR) or with a single residue insertion (RXR). The motif is completed by an adjacent hydrophobic/arginine residue which may be on either side of the Arg pair.,PF00400,WD40,"WD domain, G-beta repeat","([LIVMFYWPR]R[^YFWDE]{0,1}R)|(R[^YFWDE]{0,1}R[LIVMFYWPR])",PRTR,473,476,V2R_HUMAN,Homo sapiens,11641431,true positive,27,0,disordered
ELME000462,TRG_Pf-PMV_PEXEL_1,Apicomplexan export motif,TRG,"Plasmodium Export Element, PEXEL, is a trafficking signal for protein cleavage by PMV protease and export from Plasmodium parasites to infected host cells. ",PF00026,Asp,Eukaryotic aspartyl protease,(R.[LI].[EDQ])|(R.L..[EDQ])|(K.L.E),KQLAE,83,87,GBP_PLAF7,Plasmodium falciparum 3D7,25850860 15591203,true positive,24,0,ordered
ELME000462,TRG_Pf-PMV_PEXEL_1,Apicomplexan export motif,TRG,"Plasmodium Export Element, PEXEL, is a trafficking signal for protein cleavage by PMV protease and export from Plasmodium parasites to infected host cells. ",PF00026,Asp,Eukaryotic aspartyl protease,(R.[LI].[EDQ])|(R.L..[EDQ])|(K.L.E),KQLAE,83,87,GBP_PLAFG,Plasmodium falciparum FCR-3/Gambia,19055692 15591202,true positive,24,0,ordered
ELME000462,TRG_Pf-PMV_PEXEL_1,Apicomplexan export motif,TRG,"Plasmodium Export Element, PEXEL, is a trafficking signal for protein cleavage by PMV protease and export from Plasmodium parasites to infected host cells. ",PF00026,Asp,Eukaryotic aspartyl protease,(R.[LI].[EDQ])|(R.L..[EDQ])|(K.L.E),KQLAE,83,87,HRP1_PLAFA,Plasmodium falciparum,15591203,true positive,24,0,ordered
ELME000462,TRG_Pf-PMV_PEXEL_1,Apicomplexan export motif,TRG,"Plasmodium Export Element, PEXEL, is a trafficking signal for protein cleavage by PMV protease and export from Plasmodium parasites to infected host cells. ",PF00026,Asp,Eukaryotic aspartyl protease,(R.[LI].[EDQ])|(R.L..[EDQ])|(K.L.E),KQLAE,83,87,KNOB_PLAFG,Plasmodium falciparum FCR-3/Gambia,15591202,true positive,24,0,ordered
ELME000462,TRG_Pf-PMV_PEXEL_1,Apicomplexan export motif,TRG,"Plasmodium Export Element, PEXEL, is a trafficking signal for protein cleavage by PMV protease and export from Plasmodium parasites to infected host cells. ",PF00026,Asp,Eukaryotic aspartyl protease,(R.[LI].[EDQ])|(R.L..[EDQ])|(K.L.E),KQLAE,83,87,O97336_PLAF7,Plasmodium falciparum 3D7,19055692 25850860,true positive,24,0,ordered
ELME000462,TRG_Pf-PMV_PEXEL_1,Apicomplexan export motif,TRG,"Plasmodium Export Element, PEXEL, is a trafficking signal for protein cleavage by PMV protease and export from Plasmodium parasites to infected host cells. ",PF00026,Asp,Eukaryotic aspartyl protease,(R.[LI].[EDQ])|(R.L..[EDQ])|(K.L.E),KQLAE,83,87,Q8I0U6_PLAF7,Plasmodium falciparum 3D7,23387285,true positive,24,0,ordered
ELME000462,TRG_Pf-PMV_PEXEL_1,Apicomplexan export motif,TRG,"Plasmodium Export Element, PEXEL, is a trafficking signal for protein cleavage by PMV protease and export from Plasmodium parasites to infected host cells. ",PF00026,Asp,Eukaryotic aspartyl protease,(R.[LI].[EDQ])|(R.L..[EDQ])|(K.L.E),KQLAE,83,87,Q8I202_PLAF7,Plasmodium falciparum 3D7,19055692,true positive,24,0,ordered
ELME000462,TRG_Pf-PMV_PEXEL_1,Apicomplexan export motif,TRG,"Plasmodium Export Element, PEXEL, is a trafficking signal for protein cleavage by PMV protease and export from Plasmodium parasites to infected host cells. ",PF00026,Asp,Eukaryotic aspartyl protease,(R.[LI].[EDQ])|(R.L..[EDQ])|(K.L.E),KQLAE,83,87,Q8I298_PLAF7,Plasmodium falciparum 3D7,19055692,true positive,24,0,ordered
ELME000462,TRG_Pf-PMV_PEXEL_1,Apicomplexan export motif,TRG,"Plasmodium Export Element, PEXEL, is a trafficking signal for protein cleavage by PMV protease and export from Plasmodium parasites to infected host cells. ",PF00026,Asp,Eukaryotic aspartyl protease,(R.[LI].[EDQ])|(R.L..[EDQ])|(K.L.E),KQLAE,83,87,Q8I2C7_PLAF7,Plasmodium falciparum 3D7,23387285 15591202,true positive,24,0,ordered
ELME000462,TRG_Pf-PMV_PEXEL_1,Apicomplexan export motif,TRG,"Plasmodium Export Element, PEXEL, is a trafficking signal for protein cleavage by PMV protease and export from Plasmodium parasites to infected host cells. ",PF00026,Asp,Eukaryotic aspartyl protease,(R.[LI].[EDQ])|(R.L..[EDQ])|(K.L.E),KQLAE,83,87,Q8I2F2_PLAF7,Plasmodium falciparum 3D7,19055692 25850860,true positive,24,0,ordered
ELME000462,TRG_Pf-PMV_PEXEL_1,Apicomplexan export motif,TRG,"Plasmodium Export Element, PEXEL, is a trafficking signal for protein cleavage by PMV protease and export from Plasmodium parasites to infected host cells. ",PF00026,Asp,Eukaryotic aspartyl protease,(R.[LI].[EDQ])|(R.L..[EDQ])|(K.L.E),KQLAE,83,87,Q8I2F7_PLAF7,Plasmodium falciparum 3D7,25850860,true positive,24,0,ordered
ELME000462,TRG_Pf-PMV_PEXEL_1,Apicomplexan export motif,TRG,"Plasmodium Export Element, PEXEL, is a trafficking signal for protein cleavage by PMV protease and export from Plasmodium parasites to infected host cells. ",PF00026,Asp,Eukaryotic aspartyl protease,(R.[LI].[EDQ])|(R.L..[EDQ])|(K.L.E),KQLAE,83,87,Q8I489_PLAF7,Plasmodium falciparum 3D7,15591203,true positive,24,0,ordered
ELME000462,TRG_Pf-PMV_PEXEL_1,Apicomplexan export motif,TRG,"Plasmodium Export Element, PEXEL, is a trafficking signal for protein cleavage by PMV protease and export from Plasmodium parasites to infected host cells. ",PF00026,Asp,Eukaryotic aspartyl protease,(R.[LI].[EDQ])|(R.L..[EDQ])|(K.L.E),KQLAE,83,87,Q8I490_PLAF7,Plasmodium falciparum 3D7,19055692,true positive,24,0,ordered
ELME000462,TRG_Pf-PMV_PEXEL_1,Apicomplexan export motif,TRG,"Plasmodium Export Element, PEXEL, is a trafficking signal for protein cleavage by PMV protease and export from Plasmodium parasites to infected host cells. ",PF00026,Asp,Eukaryotic aspartyl protease,(R.[LI].[EDQ])|(R.L..[EDQ])|(K.L.E),KQLAE,83,87,Q8I492_PLAF7,Plasmodium falciparum 3D7,15591203,true positive,24,0,ordered
ELME000462,TRG_Pf-PMV_PEXEL_1,Apicomplexan export motif,TRG,"Plasmodium Export Element, PEXEL, is a trafficking signal for protein cleavage by PMV protease and export from Plasmodium parasites to infected host cells. ",PF00026,Asp,Eukaryotic aspartyl protease,(R.[LI].[EDQ])|(R.L..[EDQ])|(K.L.E),KQLAE,83,87,Q8I636_PLAF7,Plasmodium falciparum 3D7,25850860,true positive,24,0,ordered
ELME000462,TRG_Pf-PMV_PEXEL_1,Apicomplexan export motif,TRG,"Plasmodium Export Element, PEXEL, is a trafficking signal for protein cleavage by PMV protease and export from Plasmodium parasites to infected host cells. ",PF00026,Asp,Eukaryotic aspartyl protease,(R.[LI].[EDQ])|(R.L..[EDQ])|(K.L.E),KQLAE,83,87,Q8IDG9_PLAF7,Plasmodium falciparum 3D7,19055692,true positive,24,0,ordered
ELME000462,TRG_Pf-PMV_PEXEL_1,Apicomplexan export motif,TRG,"Plasmodium Export Element, PEXEL, is a trafficking signal for protein cleavage by PMV protease and export from Plasmodium parasites to infected host cells. ",PF00026,Asp,Eukaryotic aspartyl protease,(R.[LI].[EDQ])|(R.L..[EDQ])|(K.L.E),KQLAE,83,87,Q8IK20_PLAF7,Plasmodium falciparum 3D7,19055692,true positive,24,0,ordered
ELME000462,TRG_Pf-PMV_PEXEL_1,Apicomplexan export motif,TRG,"Plasmodium Export Element, PEXEL, is a trafficking signal for protein cleavage by PMV protease and export from Plasmodium parasites to infected host cells. ",PF00026,Asp,Eukaryotic aspartyl protease,(R.[LI].[EDQ])|(R.L..[EDQ])|(K.L.E),KQLAE,83,87,Q9TY99_PLAF7,Plasmodium falciparum 3D7,19055692 25850860,true positive,24,0,ordered
ELME000462,TRG_Pf-PMV_PEXEL_1,Apicomplexan export motif,TRG,"Plasmodium Export Element, PEXEL, is a trafficking signal for protein cleavage by PMV protease and export from Plasmodium parasites to infected host cells. ",PF00026,Asp,Eukaryotic aspartyl protease,(R.[LI].[EDQ])|(R.L..[EDQ])|(K.L.E),KQLAE,83,87,Q9U0N3_PLAF7,Plasmodium falciparum 3D7,25850860,true positive,24,0,ordered
ELME000462,TRG_Pf-PMV_PEXEL_1,Apicomplexan export motif,TRG,"Plasmodium Export Element, PEXEL, is a trafficking signal for protein cleavage by PMV protease and export from Plasmodium parasites to infected host cells. ",PF00026,Asp,Eukaryotic aspartyl protease,(R.[LI].[EDQ])|(R.L..[EDQ])|(K.L.E),KQLAE,83,87,Q9U5L9_PLAF7,Plasmodium falciparum 3D7,23387285,true positive,24,0,ordered
ELME000462,TRG_Pf-PMV_PEXEL_1,Apicomplexan export motif,TRG,"Plasmodium Export Element, PEXEL, is a trafficking signal for protein cleavage by PMV protease and export from Plasmodium parasites to infected host cells. ",PF00026,Asp,Eukaryotic aspartyl protease,(R.[LI].[EDQ])|(R.L..[EDQ])|(K.L.E),KYLVE,328,332,GBP_PLAF7,Plasmodium falciparum 3D7,25850860 15591203,true positive,24,0,inbetween
ELME000462,TRG_Pf-PMV_PEXEL_1,Apicomplexan export motif,TRG,"Plasmodium Export Element, PEXEL, is a trafficking signal for protein cleavage by PMV protease and export from Plasmodium parasites to infected host cells. ",PF00026,Asp,Eukaryotic aspartyl protease,(R.[LI].[EDQ])|(R.L..[EDQ])|(K.L.E),KYLVE,328,332,GBP_PLAFG,Plasmodium falciparum FCR-3/Gambia,19055692 15591202,true positive,24,0,inbetween
ELME000462,TRG_Pf-PMV_PEXEL_1,Apicomplexan export motif,TRG,"Plasmodium Export Element, PEXEL, is a trafficking signal for protein cleavage by PMV protease and export from Plasmodium parasites to infected host cells. ",PF00026,Asp,Eukaryotic aspartyl protease,(R.[LI].[EDQ])|(R.L..[EDQ])|(K.L.E),KYLVE,328,332,HRP1_PLAFA,Plasmodium falciparum,15591203,true positive,24,0,inbetween
ELME000462,TRG_Pf-PMV_PEXEL_1,Apicomplexan export motif,TRG,"Plasmodium Export Element, PEXEL, is a trafficking signal for protein cleavage by PMV protease and export from Plasmodium parasites to infected host cells. ",PF00026,Asp,Eukaryotic aspartyl protease,(R.[LI].[EDQ])|(R.L..[EDQ])|(K.L.E),KYLVE,328,332,KNOB_PLAFG,Plasmodium falciparum FCR-3/Gambia,15591202,true positive,24,0,inbetween
ELME000462,TRG_Pf-PMV_PEXEL_1,Apicomplexan export motif,TRG,"Plasmodium Export Element, PEXEL, is a trafficking signal for protein cleavage by PMV protease and export from Plasmodium parasites to infected host cells. ",PF00026,Asp,Eukaryotic aspartyl protease,(R.[LI].[EDQ])|(R.L..[EDQ])|(K.L.E),KYLVE,328,332,O97336_PLAF7,Plasmodium falciparum 3D7,19055692 25850860,true positive,24,0,inbetween
ELME000462,TRG_Pf-PMV_PEXEL_1,Apicomplexan export motif,TRG,"Plasmodium Export Element, PEXEL, is a trafficking signal for protein cleavage by PMV protease and export from Plasmodium parasites to infected host cells. ",PF00026,Asp,Eukaryotic aspartyl protease,(R.[LI].[EDQ])|(R.L..[EDQ])|(K.L.E),KYLVE,328,332,Q8I0U6_PLAF7,Plasmodium falciparum 3D7,23387285,true positive,24,0,inbetween
ELME000462,TRG_Pf-PMV_PEXEL_1,Apicomplexan export motif,TRG,"Plasmodium Export Element, PEXEL, is a trafficking signal for protein cleavage by PMV protease and export from Plasmodium parasites to infected host cells. ",PF00026,Asp,Eukaryotic aspartyl protease,(R.[LI].[EDQ])|(R.L..[EDQ])|(K.L.E),KYLVE,328,332,Q8I202_PLAF7,Plasmodium falciparum 3D7,19055692,true positive,24,0,inbetween
ELME000462,TRG_Pf-PMV_PEXEL_1,Apicomplexan export motif,TRG,"Plasmodium Export Element, PEXEL, is a trafficking signal for protein cleavage by PMV protease and export from Plasmodium parasites to infected host cells. ",PF00026,Asp,Eukaryotic aspartyl protease,(R.[LI].[EDQ])|(R.L..[EDQ])|(K.L.E),KYLVE,328,332,Q8I298_PLAF7,Plasmodium falciparum 3D7,19055692,true positive,24,0,inbetween
ELME000462,TRG_Pf-PMV_PEXEL_1,Apicomplexan export motif,TRG,"Plasmodium Export Element, PEXEL, is a trafficking signal for protein cleavage by PMV protease and export from Plasmodium parasites to infected host cells. ",PF00026,Asp,Eukaryotic aspartyl protease,(R.[LI].[EDQ])|(R.L..[EDQ])|(K.L.E),KYLVE,328,332,Q8I2C7_PLAF7,Plasmodium falciparum 3D7,23387285 15591202,true positive,24,0,inbetween
ELME000462,TRG_Pf-PMV_PEXEL_1,Apicomplexan export motif,TRG,"Plasmodium Export Element, PEXEL, is a trafficking signal for protein cleavage by PMV protease and export from Plasmodium parasites to infected host cells. ",PF00026,Asp,Eukaryotic aspartyl protease,(R.[LI].[EDQ])|(R.L..[EDQ])|(K.L.E),KYLVE,328,332,Q8I2F2_PLAF7,Plasmodium falciparum 3D7,19055692 25850860,true positive,24,0,inbetween
ELME000462,TRG_Pf-PMV_PEXEL_1,Apicomplexan export motif,TRG,"Plasmodium Export Element, PEXEL, is a trafficking signal for protein cleavage by PMV protease and export from Plasmodium parasites to infected host cells. ",PF00026,Asp,Eukaryotic aspartyl protease,(R.[LI].[EDQ])|(R.L..[EDQ])|(K.L.E),KYLVE,328,332,Q8I2F7_PLAF7,Plasmodium falciparum 3D7,25850860,true positive,24,0,inbetween
ELME000462,TRG_Pf-PMV_PEXEL_1,Apicomplexan export motif,TRG,"Plasmodium Export Element, PEXEL, is a trafficking signal for protein cleavage by PMV protease and export from Plasmodium parasites to infected host cells. ",PF00026,Asp,Eukaryotic aspartyl protease,(R.[LI].[EDQ])|(R.L..[EDQ])|(K.L.E),KYLVE,328,332,Q8I489_PLAF7,Plasmodium falciparum 3D7,15591203,true positive,24,0,inbetween
ELME000462,TRG_Pf-PMV_PEXEL_1,Apicomplexan export motif,TRG,"Plasmodium Export Element, PEXEL, is a trafficking signal for protein cleavage by PMV protease and export from Plasmodium parasites to infected host cells. ",PF00026,Asp,Eukaryotic aspartyl protease,(R.[LI].[EDQ])|(R.L..[EDQ])|(K.L.E),KYLVE,328,332,Q8I490_PLAF7,Plasmodium falciparum 3D7,19055692,true positive,24,0,inbetween
ELME000462,TRG_Pf-PMV_PEXEL_1,Apicomplexan export motif,TRG,"Plasmodium Export Element, PEXEL, is a trafficking signal for protein cleavage by PMV protease and export from Plasmodium parasites to infected host cells. ",PF00026,Asp,Eukaryotic aspartyl protease,(R.[LI].[EDQ])|(R.L..[EDQ])|(K.L.E),KYLVE,328,332,Q8I492_PLAF7,Plasmodium falciparum 3D7,15591203,true positive,24,0,inbetween
ELME000462,TRG_Pf-PMV_PEXEL_1,Apicomplexan export motif,TRG,"Plasmodium Export Element, PEXEL, is a trafficking signal for protein cleavage by PMV protease and export from Plasmodium parasites to infected host cells. ",PF00026,Asp,Eukaryotic aspartyl protease,(R.[LI].[EDQ])|(R.L..[EDQ])|(K.L.E),KYLVE,328,332,Q8I636_PLAF7,Plasmodium falciparum 3D7,25850860,true positive,24,0,inbetween
ELME000462,TRG_Pf-PMV_PEXEL_1,Apicomplexan export motif,TRG,"Plasmodium Export Element, PEXEL, is a trafficking signal for protein cleavage by PMV protease and export from Plasmodium parasites to infected host cells. ",PF00026,Asp,Eukaryotic aspartyl protease,(R.[LI].[EDQ])|(R.L..[EDQ])|(K.L.E),KYLVE,328,332,Q8IDG9_PLAF7,Plasmodium falciparum 3D7,19055692,true positive,24,0,inbetween
ELME000462,TRG_Pf-PMV_PEXEL_1,Apicomplexan export motif,TRG,"Plasmodium Export Element, PEXEL, is a trafficking signal for protein cleavage by PMV protease and export from Plasmodium parasites to infected host cells. ",PF00026,Asp,Eukaryotic aspartyl protease,(R.[LI].[EDQ])|(R.L..[EDQ])|(K.L.E),KYLVE,328,332,Q8IK20_PLAF7,Plasmodium falciparum 3D7,19055692,true positive,24,0,inbetween
ELME000462,TRG_Pf-PMV_PEXEL_1,Apicomplexan export motif,TRG,"Plasmodium Export Element, PEXEL, is a trafficking signal for protein cleavage by PMV protease and export from Plasmodium parasites to infected host cells. ",PF00026,Asp,Eukaryotic aspartyl protease,(R.[LI].[EDQ])|(R.L..[EDQ])|(K.L.E),KYLVE,328,332,Q9TY99_PLAF7,Plasmodium falciparum 3D7,19055692 25850860,true positive,24,0,inbetween
ELME000462,TRG_Pf-PMV_PEXEL_1,Apicomplexan export motif,TRG,"Plasmodium Export Element, PEXEL, is a trafficking signal for protein cleavage by PMV protease and export from Plasmodium parasites to infected host cells. ",PF00026,Asp,Eukaryotic aspartyl protease,(R.[LI].[EDQ])|(R.L..[EDQ])|(K.L.E),KYLVE,328,332,Q9U0N3_PLAF7,Plasmodium falciparum 3D7,25850860,true positive,24,0,inbetween
ELME000462,TRG_Pf-PMV_PEXEL_1,Apicomplexan export motif,TRG,"Plasmodium Export Element, PEXEL, is a trafficking signal for protein cleavage by PMV protease and export from Plasmodium parasites to infected host cells. ",PF00026,Asp,Eukaryotic aspartyl protease,(R.[LI].[EDQ])|(R.L..[EDQ])|(K.L.E),KYLVE,328,332,Q9U5L9_PLAF7,Plasmodium falciparum 3D7,23387285,true positive,24,0,inbetween
